18 0.052734375 0.3333333333333333 0.048828125 0.40476190476190477
18 0.123046875 0.38095238095238093 0.068359375 0.4166666666666667
18 0.1875 0.39285714285714285 0.0390625 0.36904761904761907
18 0.2421875 0.40476190476190477 0.048828125 0.38095238095238093
18 0.294921875 0.44047619047619047 0.044921875 0.4166666666666667
18 0.349609375 0.44047619047619047 0.044921875 0.44047619047619047
18 0.40625 0.4880952380952381 0.044921875 0.40476190476190477
18 0.51171875 0.4880952380952381 0.044921875 0.4166666666666667
18 0.45703125 0.5 0.04296875 0.44047619047619047
18 0.56640625 0.5238095238095238 0.05078125 0.39285714285714285
18 0.626953125 0.5476190476190477 0.046875 0.40476190476190477
18 0.6796875 0.5833333333333334 0.0390625 0.40476190476190477
18 0.73046875 0.5833333333333334 0.04296875 0.36904761904761907
18 0.783203125 0.6071428571428571 0.0390625 0.38095238095238093
18 0.8359375 0.6190476190476191 0.0390625 0.40476190476190477
18 0.88671875 0.6428571428571429 0.03125 0.4166666666666667
18 0.94140625 0.6428571428571429 0.05078125 0.39285714285714285