18 0.939453125 0.3333333333333333 0.041015625 0.41025641025641024
18 0.888671875 0.34615384615384615 0.0390625 0.41025641025641024
18 0.83203125 0.3717948717948718 0.037109375 0.41025641025641024
18 0.783203125 0.3717948717948718 0.048828125 0.44871794871794873
18 0.728515625 0.3974358974358974 0.044921875 0.41025641025641024
18 0.677734375 0.4230769230769231 0.03125 0.3974358974358974
18 0.623046875 0.4358974358974359 0.046875 0.4358974358974359
18 0.564453125 0.46153846153846156 0.048828125 0.4358974358974359
18 0.505859375 0.5128205128205128 0.037109375 0.44871794871794873
18 0.453125 0.5128205128205128 0.041015625 0.41025641025641024
18 0.404296875 0.5256410256410257 0.041015625 0.4358974358974359
18 0.345703125 0.5384615384615384 0.052734375 0.44871794871794873
18 0.283203125 0.5641025641025641 0.052734375 0.44871794871794873
18 0.22265625 0.5897435897435898 0.044921875 0.4358974358974359
18 0.162109375 0.6025641025641025 0.05078125 0.44871794871794873
18 0.10546875 0.6410256410256411 0.044921875 0.41025641025641024
18 0.046875 0.6666666666666666 0.05859375 0.4230769230769231