18 0.0703125 0.43902439024390244 0.068359375 0.4024390243902439
18 0.14453125 0.45121951219512196 0.08203125 0.3902439024390244
18 0.21484375 0.4634146341463415 0.05078125 0.3902439024390244
18 0.271484375 0.47560975609756095 0.060546875 0.3780487804878049
18 0.328125 0.4878048780487805 0.048828125 0.4024390243902439
18 0.376953125 0.5 0.044921875 0.3780487804878049
18 0.419921875 0.5 0.0390625 0.3780487804878049
18 0.46875 0.5121951219512195 0.05078125 0.3780487804878049
18 0.521484375 0.5121951219512195 0.052734375 0.3902439024390244
18 0.580078125 0.5121951219512195 0.068359375 0.3902439024390244
18 0.640625 0.524390243902439 0.048828125 0.3902439024390244
18 0.689453125 0.5365853658536586 0.044921875 0.3780487804878049
18 0.736328125 0.5365853658536586 0.046875 0.3780487804878049
18 0.78515625 0.5487804878048781 0.044921875 0.3780487804878049
18 0.83203125 0.5609756097560976 0.046875 0.3902439024390244
18 0.8828125 0.5609756097560976 0.044921875 0.3902439024390244
18 0.931640625 0.573170731707317 0.046875 0.3902439024390244