18 0.05859375 0.34 0.068359375 0.43
18 0.125 0.39 0.078125 0.44
18 0.1875 0.41 0.0546875 0.42
18 0.240234375 0.43 0.060546875 0.43
18 0.29296875 0.43 0.060546875 0.43
18 0.345703125 0.47 0.044921875 0.42
18 0.396484375 0.47 0.05859375 0.45
18 0.453125 0.49 0.052734375 0.49
18 0.501953125 0.51 0.052734375 0.43
18 0.556640625 0.52 0.056640625 0.46
18 0.61328125 0.54 0.060546875 0.47
18 0.666015625 0.56 0.052734375 0.44
18 0.7734375 0.59 0.05859375 0.46
18 0.716796875 0.6 0.05859375 0.4
18 0.826171875 0.63 0.0546875 0.46
18 0.87890625 0.63 0.060546875 0.46
18 0.9375 0.65 0.0625 0.43