18 0.9140625 0.32978723404255317 0.056640625 0.44680851063829785
18 0.845703125 0.3617021276595745 0.0625 0.44680851063829785
18 0.78515625 0.3723404255319149 0.0546875 0.43617021276595747
18 0.724609375 0.4148936170212766 0.05859375 0.44680851063829785
18 0.669921875 0.425531914893617 0.0625 0.4148936170212766
18 0.607421875 0.4574468085106383 0.0625 0.44680851063829785
18 0.55078125 0.46808510638297873 0.056640625 0.4148936170212766
18 0.49609375 0.5 0.0703125 0.425531914893617
18 0.443359375 0.5212765957446809 0.060546875 0.4574468085106383
18 0.39453125 0.5212765957446809 0.05859375 0.425531914893617
18 0.34375 0.5319148936170213 0.04296875 0.425531914893617
18 0.294921875 0.5638297872340425 0.0546875 0.40425531914893614
18 0.23828125 0.5957446808510638 0.056640625 0.4148936170212766
18 0.193359375 0.6063829787234043 0.06640625 0.40425531914893614
18 0.146484375 0.6170212765957447 0.052734375 0.39361702127659576
18 0.09765625 0.648936170212766 0.060546875 0.40425531914893614
18 0.052734375 0.6595744680851063 0.0703125 0.40425531914893614