18 0.76171875 0.6420454545454546 0.0625 0.2840909090909091
18 0.822265625 0.6647727272727273 0.064453125 0.30113636363636365
18 0.8828125 0.7102272727272727 0.05859375 0.3125
18 0.943359375 0.75 0.0546875 0.3125
18 0.072265625 0.23863636363636365 0.0703125 0.2727272727272727
18 0.115234375 0.26136363636363635 0.0546875 0.2556818181818182
18 0.166015625 0.2897727272727273 0.048828125 0.2556818181818182
18 0.2109375 0.3068181818181818 0.0625 0.24431818181818182
18 0.263671875 0.3522727272727273 0.0625 0.2784090909090909
18 0.31640625 0.3806818181818182 0.05859375 0.26704545454545453
18 0.373046875 0.4147727272727273 0.0546875 0.2840909090909091
18 0.423828125 0.4431818181818182 0.05859375 0.2727272727272727
18 0.47265625 0.4772727272727273 0.064453125 0.2840909090909091
18 0.53125 0.5113636363636364 0.07421875 0.30113636363636365
18 0.58984375 0.5397727272727273 0.06640625 0.3068181818181818
18 0.646484375 0.5795454545454546 0.056640625 0.2840909090909091
18 0.703125 0.6079545454545454 0.0546875 0.2897727272727273