18 0.884765625 0.6785714285714286 0.0546875 0.3392857142857143
18 0.939453125 0.7053571428571429 0.056640625 0.3125
18 0.0546875 0.2767857142857143 0.05859375 0.35714285714285715
18 0.115234375 0.3125 0.052734375 0.35714285714285715
18 0.16796875 0.3392857142857143 0.06640625 0.36607142857142855
18 0.220703125 0.35714285714285715 0.056640625 0.36607142857142855
18 0.263671875 0.38392857142857145 0.048828125 0.35714285714285715
18 0.318359375 0.4107142857142857 0.05078125 0.32142857142857145
18 0.369140625 0.44642857142857145 0.0546875 0.33035714285714285
18 0.42578125 0.45535714285714285 0.064453125 0.3392857142857143
18 0.482421875 0.48214285714285715 0.052734375 0.3392857142857143
18 0.544921875 0.5178571428571429 0.072265625 0.3482142857142857
18 0.611328125 0.5446428571428571 0.060546875 0.3392857142857143
18 0.66796875 0.5714285714285714 0.052734375 0.32142857142857145
18 0.720703125 0.6071428571428571 0.0390625 0.32142857142857145
18 0.7734375 0.625 0.041015625 0.33035714285714285
18 0.830078125 0.6428571428571429 0.0546875 0.33035714285714285