18 0.06640625 0.4090909090909091 0.05078125 0.5272727272727272
18 0.1171875 0.4090909090909091 0.044921875 0.5
18 0.16796875 0.41818181818181815 0.046875 0.509090909090909
18 0.220703125 0.42727272727272725 0.052734375 0.5272727272727272
18 0.271484375 0.43636363636363634 0.05078125 0.5
18 0.322265625 0.44545454545454544 0.046875 0.5181818181818182
18 0.376953125 0.4636363636363636 0.02734375 0.5272727272727272
18 0.42578125 0.4727272727272727 0.046875 0.5272727272727272
18 0.482421875 0.4818181818181818 0.05078125 0.5272727272727272
18 0.53515625 0.5 0.056640625 0.5272727272727272
18 0.591796875 0.509090909090909 0.052734375 0.5272727272727272
18 0.6484375 0.5272727272727272 0.046875 0.5272727272727272
18 0.703125 0.5272727272727272 0.0546875 0.5272727272727272
18 0.76171875 0.5363636363636364 0.048828125 0.5363636363636364
18 0.8203125 0.5545454545454546 0.052734375 0.5454545454545454
18 0.87890625 0.5636363636363636 0.052734375 0.5636363636363636
18 0.9375 0.5818181818181818 0.060546875 0.5454545454545454