18 0.92578125 0.6588235294117647 0.064453125 0.38823529411764707
18 0.048828125 0.27647058823529413 0.05078125 0.3235294117647059
18 0.095703125 0.3 0.046875 0.3058823529411765
18 0.142578125 0.3176470588235294 0.044921875 0.31176470588235294
18 0.1875 0.3352941176470588 0.052734375 0.3058823529411765
18 0.23828125 0.3588235294117647 0.056640625 0.32941176470588235
18 0.2890625 0.38823529411764707 0.052734375 0.32941176470588235
18 0.34375 0.4117647058823529 0.04296875 0.35294117647058826
18 0.390625 0.4294117647058823 0.05078125 0.32941176470588235
18 0.4453125 0.4588235294117647 0.056640625 0.35294117647058826
18 0.501953125 0.4764705882352941 0.0703125 0.34705882352941175
18 0.556640625 0.5058823529411764 0.06640625 0.3588235294117647
18 0.615234375 0.5294117647058824 0.0625 0.37058823529411766
18 0.671875 0.5647058823529412 0.05859375 0.38235294117647056
18 0.732421875 0.5705882352941176 0.064453125 0.37058823529411766
18 0.796875 0.6 0.0625 0.3764705882352941
18 0.859375 0.6294117647058823 0.06640625 0.4