18 0.87109375 0.47058823529411764 0.046875 0.4411764705882353
18 0.916015625 0.47058823529411764 0.048828125 0.47058823529411764
18 0.5078125 0.4852941176470588 0.06640625 0.4852941176470588
18 0.6328125 0.4852941176470588 0.052734375 0.4852941176470588
18 0.7734375 0.4852941176470588 0.05078125 0.4852941176470588
18 0.82421875 0.4852941176470588 0.0546875 0.4852941176470588
18 0.453125 0.4852941176470588 0.052734375 0.47058823529411764
18 0.57421875 0.4852941176470588 0.07421875 0.5
18 0.6796875 0.4852941176470588 0.05078125 0.47058823529411764
18 0.203125 0.4852941176470588 0.068359375 0.47058823529411764
18 0.314453125 0.5 0.05078125 0.4117647058823529
18 0.408203125 0.5 0.046875 0.4852941176470588
18 0.26171875 0.5 0.072265625 0.4411764705882353
18 0.36328125 0.5 0.052734375 0.47058823529411764
18 0.072265625 0.5 0.07421875 0.4411764705882353
18 0.7265625 0.5 0.05078125 0.47058823529411764
18 0.1328125 0.5147058823529411 0.087890625 0.47058823529411764