18 0.427734375 0.42168674698795183 0.08203125 0.21987951807228914
18 0.474609375 0.4608433734939759 0.09765625 0.21987951807228914
18 0.53515625 0.5180722891566265 0.10546875 0.24397590361445784
18 0.591796875 0.5602409638554217 0.09765625 0.23493975903614459
18 0.642578125 0.6054216867469879 0.091796875 0.22590361445783133
18 0.703125 0.6566265060240963 0.091796875 0.2319277108433735
18 0.75390625 0.6957831325301205 0.09765625 0.22289156626506024
18 0.80859375 0.7469879518072289 0.095703125 0.2319277108433735
18 0.869140625 0.7801204819277109 0.091796875 0.22590361445783133
18 0.92578125 0.8283132530120482 0.09765625 0.22590361445783133
18 0.0859375 0.14759036144578314 0.099609375 0.23493975903614459
18 0.134765625 0.1927710843373494 0.107421875 0.21084337349397592
18 0.1875 0.2319277108433735 0.099609375 0.21987951807228914
18 0.25 0.28012048192771083 0.099609375 0.20783132530120482
18 0.28125 0.31626506024096385 0.103515625 0.23493975903614459
18 0.34375 0.35843373493975905 0.087890625 0.21987951807228914
18 0.390625 0.39156626506024095 0.080078125 0.21385542168674698