18 0.876953125 0.4444444444444444 0.056640625 0.4444444444444444
18 0.927734375 0.4513888888888889 0.046875 0.3888888888888889
18 0.82421875 0.4652777777777778 0.056640625 0.4444444444444444
18 0.720703125 0.4722222222222222 0.05078125 0.4236111111111111
18 0.771484375 0.4722222222222222 0.056640625 0.4652777777777778
18 0.61328125 0.4791666666666667 0.056640625 0.4027777777777778
18 0.666015625 0.4791666666666667 0.056640625 0.4027777777777778
18 0.55859375 0.4930555555555556 0.041015625 0.3888888888888889
18 0.51171875 0.5 0.05078125 0.4027777777777778
18 0.458984375 0.5069444444444444 0.05078125 0.4236111111111111
18 0.404296875 0.5277777777777778 0.056640625 0.3888888888888889
18 0.2890625 0.5347222222222222 0.056640625 0.4027777777777778
18 0.34375 0.5347222222222222 0.0625 0.4027777777777778
18 0.234375 0.5486111111111112 0.05078125 0.3888888888888889
18 0.126953125 0.5625 0.056640625 0.4236111111111111
18 0.185546875 0.5625 0.056640625 0.3888888888888889
18 0.072265625 0.5902777777777778 0.05078125 0.4027777777777778