18 0.060546875 0.36607142857142855 0.052734375 0.4107142857142857
18 0.111328125 0.375 0.052734375 0.4107142857142857
18 0.16796875 0.39285714285714285 0.05078125 0.41964285714285715
18 0.22265625 0.4017857142857143 0.048828125 0.42857142857142855
18 0.275390625 0.42857142857142855 0.048828125 0.41964285714285715
18 0.328125 0.4375 0.05078125 0.42857142857142855
18 0.37890625 0.4642857142857143 0.04296875 0.41964285714285715
18 0.431640625 0.48214285714285715 0.04296875 0.4107142857142857
18 0.490234375 0.5 0.0546875 0.42857142857142855
18 0.544921875 0.5089285714285714 0.0546875 0.44642857142857145
18 0.599609375 0.5535714285714286 0.048828125 0.44642857142857145
18 0.65625 0.5714285714285714 0.0546875 0.4375
18 0.708984375 0.5892857142857143 0.052734375 0.42857142857142855
18 0.767578125 0.5982142857142857 0.056640625 0.42857142857142855
18 0.822265625 0.6071428571428571 0.0546875 0.42857142857142855
18 0.87890625 0.6428571428571429 0.056640625 0.4642857142857143
18 0.93359375 0.6607142857142857 0.056640625 0.4732142857142857