18 0.9140625 0.44805194805194803 0.056640625 0.4805194805194805
18 0.81640625 0.461038961038961 0.048828125 0.461038961038961
18 0.86328125 0.461038961038961 0.056640625 0.461038961038961
18 0.669921875 0.4675324675324675 0.048828125 0.44155844155844154
18 0.767578125 0.4675324675324675 0.056640625 0.44155844155844154
18 0.623046875 0.4675324675324675 0.056640625 0.44155844155844154
18 0.716796875 0.4805194805194805 0.056640625 0.461038961038961
18 0.400390625 0.4805194805194805 0.056640625 0.461038961038961
18 0.45703125 0.4805194805194805 0.068359375 0.461038961038961
18 0.568359375 0.4805194805194805 0.0625 0.461038961038961
18 0.296875 0.4935064935064935 0.0625 0.44155844155844154
18 0.517578125 0.4935064935064935 0.048828125 0.44155844155844154
18 0.14453125 0.5 0.07421875 0.461038961038961
18 0.2421875 0.5 0.056640625 0.461038961038961
18 0.34375 0.5 0.056640625 0.461038961038961
18 0.083984375 0.512987012987013 0.04296875 0.44155844155844154
18 0.1953125 0.512987012987013 0.048828125 0.44155844155844154