18 0.814453125 0.4657534246575342 0.046875 0.4178082191780822
18 0.85546875 0.4657534246575342 0.046875 0.4178082191780822
18 0.8984375 0.4657534246575342 0.052734375 0.4178082191780822
18 0.619140625 0.4657534246575342 0.05859375 0.4178082191780822
18 0.673828125 0.4794520547945205 0.05859375 0.4452054794520548
18 0.720703125 0.4794520547945205 0.05859375 0.4452054794520548
18 0.3046875 0.4794520547945205 0.05859375 0.4452054794520548
18 0.572265625 0.4794520547945205 0.072265625 0.4452054794520548
18 0.767578125 0.4931506849315068 0.05859375 0.4178082191780822
18 0.197265625 0.4931506849315068 0.05859375 0.4657534246575342
18 0.248046875 0.4931506849315068 0.06640625 0.4657534246575342
18 0.35546875 0.4931506849315068 0.052734375 0.4657534246575342
18 0.408203125 0.4931506849315068 0.052734375 0.4657534246575342
18 0.458984375 0.4931506849315068 0.05859375 0.4657534246575342
18 0.515625 0.4931506849315068 0.06640625 0.4657534246575342
18 0.0859375 0.5 0.052734375 0.4452054794520548
18 0.140625 0.5 0.06640625 0.4452054794520548