18 0.0859375 0.4642857142857143 0.052734375 0.40476190476190477
18 0.142578125 0.4642857142857143 0.072265625 0.44642857142857145
18 0.25 0.4642857142857143 0.072265625 0.44642857142857145
18 0.1953125 0.47619047619047616 0.05859375 0.4226190476190476
18 0.30859375 0.47619047619047616 0.072265625 0.4226190476190476
18 0.359375 0.47619047619047616 0.052734375 0.4226190476190476
18 0.412109375 0.48214285714285715 0.06640625 0.44642857142857145
18 0.509765625 0.49404761904761907 0.05859375 0.4226190476190476
18 0.56640625 0.49404761904761907 0.06640625 0.4226190476190476
18 0.462890625 0.5059523809523809 0.044921875 0.40476190476190477
18 0.669921875 0.5178571428571429 0.05859375 0.4226190476190476
18 0.71875 0.5238095238095238 0.052734375 0.40476190476190477
18 0.619140625 0.5238095238095238 0.06640625 0.44642857142857145
18 0.765625 0.5357142857142857 0.052734375 0.4226190476190476
18 0.818359375 0.5357142857142857 0.06640625 0.4226190476190476
18 0.869140625 0.5535714285714286 0.05859375 0.4226190476190476
18 0.916015625 0.5535714285714286 0.05859375 0.4226190476190476