18 0.919921875 0.4305555555555556 0.056640625 0.4583333333333333
18 0.830078125 0.4444444444444444 0.048828125 0.4305555555555556
18 0.869140625 0.4444444444444444 0.056640625 0.4305555555555556
18 0.740234375 0.4722222222222222 0.056640625 0.4305555555555556
18 0.787109375 0.4722222222222222 0.048828125 0.4305555555555556
18 0.650390625 0.4722222222222222 0.064453125 0.4305555555555556
18 0.697265625 0.4722222222222222 0.056640625 0.4305555555555556
18 0.595703125 0.4791666666666667 0.056640625 0.4583333333333333
18 0.501953125 0.4930555555555556 0.056640625 0.4305555555555556
18 0.54296875 0.4930555555555556 0.048828125 0.4305555555555556
18 0.39453125 0.5069444444444444 0.056640625 0.5069444444444444
18 0.44921875 0.5208333333333334 0.064453125 0.4583333333333333
18 0.22265625 0.5347222222222222 0.0703125 0.4583333333333333
18 0.337890625 0.5416666666666666 0.056640625 0.4583333333333333
18 0.287109375 0.5486111111111112 0.0703125 0.4791666666666667
18 0.1640625 0.5625 0.0703125 0.4583333333333333
18 0.1015625 0.5694444444444444 0.048828125 0.4583333333333333