18 0.814453125 0.65625 0.0625 0.328125
18 0.8671875 0.6875 0.048828125 0.3359375
18 0.919921875 0.703125 0.068359375 0.3359375
18 0.0703125 0.328125 0.052734375 0.359375
18 0.126953125 0.3359375 0.05859375 0.359375
18 0.1796875 0.3671875 0.06640625 0.3125
18 0.234375 0.390625 0.056640625 0.359375
18 0.28515625 0.4140625 0.064453125 0.3515625
18 0.3359375 0.4375 0.05859375 0.3515625
18 0.388671875 0.4609375 0.056640625 0.3359375
18 0.443359375 0.4765625 0.0625 0.3125
18 0.498046875 0.5078125 0.060546875 0.3203125
18 0.544921875 0.5390625 0.05859375 0.3125
18 0.6015625 0.5546875 0.05859375 0.3359375
18 0.654296875 0.578125 0.0625 0.328125
18 0.703125 0.6015625 0.04296875 0.3359375
18 0.759765625 0.6328125 0.06640625 0.3203125