18 0.94921875 0.3404255319148936 0.05859375 0.44680851063829785
18 0.884765625 0.35106382978723405 0.046875 0.44680851063829785
18 0.837890625 0.3829787234042553 0.04296875 0.44680851063829785
18 0.78125 0.40425531914893614 0.056640625 0.4148936170212766
18 0.72265625 0.425531914893617 0.05859375 0.43617021276595747
18 0.669921875 0.43617021276595747 0.05859375 0.4148936170212766
18 0.6171875 0.46808510638297873 0.05859375 0.4148936170212766
18 0.564453125 0.48936170212765956 0.052734375 0.43617021276595747
18 0.51171875 0.5 0.052734375 0.4148936170212766
18 0.400390625 0.5212765957446809 0.0546875 0.4148936170212766
18 0.462890625 0.5425531914893617 0.0546875 0.425531914893617
18 0.349609375 0.5425531914893617 0.052734375 0.4148936170212766
18 0.29296875 0.5638297872340425 0.05859375 0.40425531914893614
18 0.240234375 0.574468085106383 0.05859375 0.39361702127659576
18 0.1875 0.5851063829787234 0.05859375 0.40425531914893614
18 0.130859375 0.5957446808510638 0.05078125 0.3829787234042553
18 0.076171875 0.6170212765957447 0.05859375 0.4148936170212766