18 0.830078125 0.5588235294117647 0.044921875 0.5294117647058824
18 0.88671875 0.5686274509803921 0.0625 0.5
18 0.94921875 0.5882352941176471 0.068359375 0.5098039215686274
18 0.056640625 0.38235294117647056 0.0703125 0.49019607843137253
18 0.11328125 0.39215686274509803 0.0546875 0.5294117647058824
18 0.166015625 0.39215686274509803 0.05859375 0.5196078431372549
18 0.220703125 0.4019607843137255 0.0625 0.49019607843137253
18 0.2734375 0.4215686274509804 0.05859375 0.47058823529411764
18 0.33203125 0.45098039215686275 0.05078125 0.5098039215686274
18 0.38671875 0.47058823529411764 0.05859375 0.5098039215686274
18 0.494140625 0.47058823529411764 0.052734375 0.5294117647058824
18 0.552734375 0.4803921568627451 0.068359375 0.5098039215686274
18 0.44140625 0.49019607843137253 0.052734375 0.5392156862745098
18 0.607421875 0.5098039215686274 0.044921875 0.5294117647058824
18 0.71875 0.5196078431372549 0.05078125 0.5196078431372549
18 0.775390625 0.5196078431372549 0.060546875 0.5196078431372549
18 0.662109375 0.5294117647058824 0.060546875 0.5098039215686274