18 0.4375 0.45454545454545453 0.05078125 0.25757575757575757
18 0.4921875 0.49242424242424243 0.05078125 0.26515151515151514
18 0.55078125 0.5378787878787878 0.05078125 0.25757575757575757
18 0.603515625 0.5757575757575758 0.05078125 0.2727272727272727
18 0.65625 0.6136363636363636 0.041015625 0.24242424242424243
18 0.708984375 0.6439393939393939 0.046875 0.24242424242424243
18 0.76171875 0.6818181818181818 0.046875 0.25
18 0.818359375 0.7272727272727273 0.03125 0.24242424242424243
18 0.87109375 0.7651515151515151 0.048828125 0.26515151515151514
18 0.927734375 0.7878787878787878 0.046875 0.25
18 0.056640625 0.20454545454545456 0.048828125 0.25
18 0.12109375 0.23484848484848486 0.064453125 0.2727272727272727
18 0.177734375 0.2803030303030303 0.0390625 0.23484848484848486
18 0.2265625 0.32575757575757575 0.046875 0.25
18 0.283203125 0.3560606060606061 0.046875 0.26515151515151514
18 0.33203125 0.3939393939393939 0.0390625 0.24242424242424243
18 0.384765625 0.4166666666666667 0.048828125 0.25