18 0.92578125 0.45 0.06640625 0.62
18 0.865234375 0.46 0.060546875 0.58
18 0.7578125 0.48 0.05078125 0.62
18 0.708984375 0.48 0.056640625 0.58
18 0.546875 0.49 0.05859375 0.58
18 0.81640625 0.49 0.068359375 0.58
18 0.333984375 0.5 0.056640625 0.54
18 0.388671875 0.5 0.056640625 0.59
18 0.283203125 0.51 0.05859375 0.58
18 0.490234375 0.51 0.06640625 0.63
18 0.654296875 0.51 0.0546875 0.6
18 0.435546875 0.51 0.0546875 0.54
18 0.599609375 0.51 0.060546875 0.62
18 0.078125 0.51 0.060546875 0.57
18 0.232421875 0.51 0.060546875 0.57
18 0.130859375 0.52 0.05078125 0.6
18 0.181640625 0.52 0.056640625 0.53