18 0.140625 0.40476190476190477 0.09375 0.5238095238095238
18 0.064453125 0.4166666666666667 0.07421875 0.5357142857142857
18 0.216796875 0.44047619047619047 0.07421875 0.5357142857142857
18 0.279296875 0.4523809523809524 0.064453125 0.47619047619047616
18 0.3828125 0.4523809523809524 0.056640625 0.4166666666666667
18 0.33203125 0.4642857142857143 0.05078125 0.47619047619047616
18 0.4296875 0.4642857142857143 0.048828125 0.47619047619047616
18 0.48046875 0.4642857142857143 0.056640625 0.47619047619047616
18 0.5390625 0.5 0.060546875 0.5119047619047619
18 0.603515625 0.5119047619047619 0.07421875 0.4880952380952381
18 0.720703125 0.5238095238095238 0.052734375 0.5119047619047619
18 0.76953125 0.5238095238095238 0.041015625 0.5
18 0.669921875 0.5238095238095238 0.056640625 0.5
18 0.81640625 0.5476190476190477 0.048828125 0.4642857142857143
18 0.951171875 0.5476190476190477 0.04296875 0.5
18 0.90625 0.5595238095238095 0.044921875 0.5119047619047619
18 0.86328125 0.5595238095238095 0.041015625 0.5