18 0.095703125 0.45098039215686275 0.05859375 0.5882352941176471
18 0.146484375 0.47058823529411764 0.052734375 0.5980392156862745
18 0.19921875 0.47058823529411764 0.0546875 0.5980392156862745
18 0.25390625 0.4803921568627451 0.05078125 0.5882352941176471
18 0.3046875 0.4803921568627451 0.05078125 0.5980392156862745
18 0.357421875 0.4803921568627451 0.05078125 0.5980392156862745
18 0.41015625 0.49019607843137253 0.052734375 0.5980392156862745
18 0.462890625 0.49019607843137253 0.05078125 0.5980392156862745
18 0.513671875 0.5098039215686274 0.05078125 0.5882352941176471
18 0.564453125 0.5294117647058824 0.05078125 0.5882352941176471
18 0.619140625 0.5294117647058824 0.052734375 0.5980392156862745
18 0.71484375 0.5294117647058824 0.041015625 0.5980392156862745
18 0.66796875 0.5392156862745098 0.05078125 0.5882352941176471
18 0.82421875 0.5392156862745098 0.052734375 0.5980392156862745
18 0.875 0.5588235294117647 0.0546875 0.5784313725490197
18 0.7734375 0.5588235294117647 0.052734375 0.5882352941176471
18 0.92578125 0.5686274509803921 0.052734375 0.5784313725490197