18 0.912109375 0.3181818181818182 0.06640625 0.4
18 0.87109375 0.32727272727272727 0.0625 0.41818181818181815
18 0.8203125 0.34545454545454546 0.060546875 0.4090909090909091
18 0.771484375 0.37272727272727274 0.0625 0.4
18 0.712890625 0.4090909090909091 0.068359375 0.38181818181818183
18 0.603515625 0.43636363636363634 0.064453125 0.4
18 0.662109375 0.43636363636363634 0.064453125 0.4
18 0.5546875 0.4727272727272727 0.06640625 0.41818181818181815
18 0.494140625 0.4909090909090909 0.064453125 0.4
18 0.443359375 0.5 0.068359375 0.43636363636363634
18 0.30859375 0.5454545454545454 0.064453125 0.43636363636363634
18 0.35546875 0.5636363636363636 0.05078125 0.43636363636363634
18 0.39453125 0.5636363636363636 0.048828125 0.45454545454545453
18 0.25 0.5909090909090909 0.0703125 0.43636363636363634
18 0.193359375 0.6181818181818182 0.06640625 0.43636363636363634
18 0.1328125 0.6545454545454545 0.0703125 0.42727272727272725
18 0.0859375 0.6727272727272727 0.0703125 0.4090909090909091