18 0.837890625 0.4745762711864407 0.048828125 0.6271186440677966
18 0.9375 0.4745762711864407 0.048828125 0.6016949152542372
18 0.888671875 0.4830508474576271 0.052734375 0.6186440677966102
18 0.1484375 0.4830508474576271 0.05078125 0.6694915254237288
18 0.48046875 0.4830508474576271 0.0625 0.6779661016949152
18 0.63671875 0.4830508474576271 0.048828125 0.6440677966101694
18 0.689453125 0.4830508474576271 0.0546875 0.6440677966101694
18 0.736328125 0.4830508474576271 0.05078125 0.6440677966101694
18 0.7890625 0.4830508474576271 0.05859375 0.6271186440677966
18 0.259765625 0.4915254237288136 0.060546875 0.652542372881356
18 0.31640625 0.4915254237288136 0.05078125 0.6694915254237288
18 0.5859375 0.4915254237288136 0.056640625 0.652542372881356
18 0.201171875 0.4915254237288136 0.05859375 0.6610169491525424
18 0.529296875 0.4915254237288136 0.0546875 0.6610169491525424
18 0.42578125 0.5 0.05078125 0.6694915254237288
18 0.0859375 0.5 0.06640625 0.6694915254237288
18 0.37109375 0.5 0.060546875 0.652542372881356