18 0.92578125 0.3141025641025641 0.0625 0.4230769230769231
18 0.865234375 0.3269230769230769 0.052734375 0.41025641025641024
18 0.802734375 0.3717948717948718 0.0546875 0.40384615384615385
18 0.744140625 0.391025641025641 0.05078125 0.41025641025641024
18 0.6875 0.4230769230769231 0.056640625 0.41025641025641024
18 0.626953125 0.4551282051282051 0.048828125 0.38461538461538464
18 0.568359375 0.46153846153846156 0.052734375 0.3782051282051282
18 0.51171875 0.48717948717948717 0.0625 0.3782051282051282
18 0.45703125 0.5192307692307693 0.05078125 0.3717948717948718
18 0.404296875 0.5448717948717948 0.044921875 0.3717948717948718
18 0.353515625 0.5576923076923077 0.03125 0.36538461538461536
18 0.302734375 0.5897435897435898 0.048828125 0.36538461538461536
18 0.25 0.6089743589743589 0.04296875 0.358974358974359
18 0.201171875 0.6282051282051282 0.048828125 0.34615384615384615
18 0.150390625 0.6410256410256411 0.044921875 0.34615384615384615
18 0.103515625 0.6666666666666666 0.04296875 0.34615384615384615
18 0.056640625 0.6794871794871795 0.044921875 0.36538461538461536