18 0.048828125 0.39473684210526316 0.041015625 0.4342105263157895
18 0.099609375 0.40789473684210525 0.041015625 0.40789473684210525
18 0.15234375 0.42105263157894735 0.04296875 0.40789473684210525
18 0.205078125 0.4473684210526316 0.0390625 0.4473684210526316
18 0.2578125 0.4605263157894737 0.04296875 0.4342105263157895
18 0.310546875 0.4868421052631579 0.037109375 0.4342105263157895
18 0.359375 0.4868421052631579 0.037109375 0.4342105263157895
18 0.40625 0.5131578947368421 0.021484375 0.4342105263157895
18 0.462890625 0.5131578947368421 0.0390625 0.4605263157894737
18 0.513671875 0.5394736842105263 0.0390625 0.4342105263157895
18 0.56640625 0.5394736842105263 0.0390625 0.4342105263157895
18 0.615234375 0.5526315789473685 0.037109375 0.40789473684210525
18 0.66796875 0.5657894736842105 0.037109375 0.39473684210526316
18 0.716796875 0.5789473684210527 0.021484375 0.4605263157894737
18 0.76953125 0.5921052631578947 0.0390625 0.4473684210526316
18 0.822265625 0.618421052631579 0.02734375 0.4473684210526316
18 0.873046875 0.618421052631579 0.04296875 0.4605263157894737