18 0.06640625 0.42857142857142855 0.060546875 0.47619047619047616
18 0.17578125 0.4523809523809524 0.0703125 0.5
18 0.234375 0.4523809523809524 0.052734375 0.4880952380952381
18 0.28125 0.4523809523809524 0.046875 0.4642857142857143
18 0.119140625 0.4642857142857143 0.04296875 0.44047619047619047
18 0.3359375 0.47619047619047616 0.064453125 0.4880952380952381
18 0.390625 0.4880952380952381 0.04296875 0.47619047619047616
18 0.50390625 0.4880952380952381 0.08203125 0.4880952380952381
18 0.439453125 0.5 0.04296875 0.47619047619047616
18 0.57421875 0.5119047619047619 0.06640625 0.5119047619047619
18 0.64453125 0.5119047619047619 0.06640625 0.5238095238095238
18 0.701171875 0.5238095238095238 0.046875 0.4642857142857143
18 0.74609375 0.5238095238095238 0.0390625 0.4523809523809524
18 0.9375 0.5357142857142857 0.046875 0.5119047619047619
18 0.794921875 0.5357142857142857 0.046875 0.5
18 0.841796875 0.5357142857142857 0.046875 0.5
18 0.890625 0.5357142857142857 0.046875 0.5