18 0.888671875 0.3815789473684211 0.052734375 0.4473684210526316
18 0.837890625 0.39473684210526316 0.0546875 0.4342105263157895
18 0.78515625 0.40789473684210525 0.048828125 0.39473684210526316
18 0.734375 0.42105263157894735 0.052734375 0.4342105263157895
18 0.681640625 0.4473684210526316 0.046875 0.42105263157894735
18 0.62890625 0.4473684210526316 0.05859375 0.40789473684210525
18 0.515625 0.47368421052631576 0.060546875 0.4342105263157895
18 0.572265625 0.47368421052631576 0.05859375 0.4342105263157895
18 0.40625 0.5 0.05859375 0.4605263157894737
18 0.462890625 0.5 0.0546875 0.4342105263157895
18 0.349609375 0.5131578947368421 0.056640625 0.4342105263157895
18 0.296875 0.5263157894736842 0.05859375 0.4342105263157895
18 0.1875 0.5657894736842105 0.05078125 0.3815789473684211
18 0.2421875 0.5657894736842105 0.0546875 0.4342105263157895
18 0.046875 0.5657894736842105 0.060546875 0.4605263157894737
18 0.115234375 0.5657894736842105 0.083984375 0.42105263157894735