18 0.072265625 0.4019607843137255 0.048828125 0.5294117647058824
18 0.125 0.4117647058823529 0.041015625 0.49019607843137253
18 0.177734375 0.43137254901960786 0.04296875 0.5196078431372549
18 0.228515625 0.4411764705882353 0.05078125 0.5098039215686274
18 0.28125 0.45098039215686275 0.048828125 0.5294117647058824
18 0.333984375 0.46078431372549017 0.04296875 0.5
18 0.390625 0.5 0.02734375 0.5490196078431373
18 0.44140625 0.5 0.048828125 0.5588235294117647
18 0.49609375 0.5098039215686274 0.05078125 0.5392156862745098
18 0.552734375 0.5196078431372549 0.05078125 0.5196078431372549
18 0.662109375 0.5392156862745098 0.05078125 0.5196078431372549
18 0.607421875 0.5392156862745098 0.056640625 0.5392156862745098
18 0.716796875 0.5588235294117647 0.046875 0.5294117647058824
18 0.771484375 0.5686274509803921 0.044921875 0.5392156862745098
18 0.83203125 0.5882352941176471 0.0546875 0.5490196078431373
18 0.884765625 0.6078431372549019 0.05078125 0.5392156862745098
18 0.94140625 0.6176470588235294 0.052734375 0.5490196078431373