18 0.091796875 0.2733333333333333 0.0390625 0.3333333333333333
18 0.15234375 0.29333333333333333 0.052734375 0.30666666666666664
18 0.205078125 0.32 0.052734375 0.3
18 0.25 0.35333333333333333 0.0625 0.31333333333333335
18 0.302734375 0.38666666666666666 0.05859375 0.3
18 0.357421875 0.4266666666666667 0.064453125 0.3
18 0.41015625 0.46 0.03515625 0.30666666666666664
18 0.451171875 0.48 0.0546875 0.30666666666666664
18 0.5 0.5 0.052734375 0.32666666666666666
18 0.560546875 0.54 0.07421875 0.32666666666666666
18 0.623046875 0.5733333333333334 0.05859375 0.32
18 0.671875 0.62 0.037109375 0.3
18 0.71484375 0.64 0.037109375 0.32666666666666666
18 0.75390625 0.66 0.037109375 0.31333333333333335
18 0.806640625 0.6733333333333333 0.05859375 0.32
18 0.861328125 0.7133333333333334 0.052734375 0.3
18 0.92578125 0.7333333333333333 0.060546875 0.31333333333333335