18 0.07421875 0.4270833333333333 0.0546875 0.5729166666666666
18 0.12890625 0.4375 0.052734375 0.5416666666666666
18 0.236328125 0.4479166666666667 0.044921875 0.5625
18 0.18359375 0.4479166666666667 0.0546875 0.5416666666666666
18 0.287109375 0.4583333333333333 0.044921875 0.5729166666666666
18 0.337890625 0.4791666666666667 0.05078125 0.5416666666666666
18 0.3828125 0.4791666666666667 0.041015625 0.5729166666666666
18 0.427734375 0.4895833333333333 0.05078125 0.59375
18 0.482421875 0.4895833333333333 0.0546875 0.59375
18 0.5390625 0.5104166666666666 0.056640625 0.5625
18 0.595703125 0.5104166666666666 0.0546875 0.5729166666666666
18 0.642578125 0.5104166666666666 0.0390625 0.5416666666666666
18 0.689453125 0.5208333333333334 0.052734375 0.5625
18 0.748046875 0.53125 0.0546875 0.5625
18 0.806640625 0.53125 0.0546875 0.5833333333333334
18 0.865234375 0.5416666666666666 0.056640625 0.5833333333333334
18 0.921875 0.5625 0.05078125 0.5729166666666666