18 0.076171875 0.4 0.0625 0.4
18 0.146484375 0.43333333333333335 0.09375 0.4444444444444444
18 0.216796875 0.45555555555555555 0.05859375 0.43333333333333335
18 0.27734375 0.4777777777777778 0.06640625 0.4
18 0.337890625 0.4888888888888889 0.052734375 0.37777777777777777
18 0.384765625 0.5 0.052734375 0.3888888888888889
18 0.43359375 0.5222222222222223 0.037109375 0.3888888888888889
18 0.48046875 0.5333333333333333 0.0546875 0.3888888888888889
18 0.5390625 0.5333333333333333 0.05859375 0.3888888888888889
18 0.59375 0.5666666666666667 0.05859375 0.3888888888888889
18 0.65234375 0.5777777777777777 0.046875 0.36666666666666664
18 0.69921875 0.5888888888888889 0.05078125 0.3888888888888889
18 0.75 0.6 0.048828125 0.36666666666666664
18 0.798828125 0.6111111111111112 0.05078125 0.37777777777777777
18 0.845703125 0.6222222222222222 0.052734375 0.36666666666666664
18 0.892578125 0.6555555555555556 0.037109375 0.36666666666666664
18 0.943359375 0.6555555555555556 0.052734375 0.4