18 0.8828125 0.4295774647887324 0.0546875 0.5422535211267606
18 0.78125 0.4295774647887324 0.052734375 0.5774647887323944
18 0.921875 0.4295774647887324 0.052734375 0.5492957746478874
18 0.689453125 0.43661971830985913 0.05859375 0.5845070422535211
18 0.833984375 0.43661971830985913 0.05859375 0.5633802816901409
18 0.740234375 0.44366197183098594 0.064453125 0.5774647887323944
18 0.587890625 0.45774647887323944 0.0625 0.5774647887323944
18 0.634765625 0.45774647887323944 0.0546875 0.5774647887323944
18 0.482421875 0.4647887323943662 0.064453125 0.5985915492957746
18 0.53515625 0.47183098591549294 0.064453125 0.5845070422535211
18 0.43359375 0.4788732394366197 0.05859375 0.5774647887323944
18 0.376953125 0.4859154929577465 0.0625 0.5845070422535211
18 0.3203125 0.49295774647887325 0.068359375 0.5985915492957746
18 0.265625 0.5 0.064453125 0.5774647887323944
18 0.208984375 0.5070422535211268 0.064453125 0.5845070422535211
18 0.146484375 0.5140845070422535 0.0625 0.5985915492957746
18 0.087890625 0.528169014084507 0.064453125 0.5845070422535211