18 0.080078125 0.41379310344827586 0.060546875 0.5431034482758621
18 0.1328125 0.43103448275862066 0.0546875 0.5603448275862069
18 0.1875 0.4396551724137931 0.05859375 0.5431034482758621
18 0.2421875 0.4482758620689655 0.0546875 0.5431034482758621
18 0.29296875 0.45689655172413796 0.056640625 0.5517241379310345
18 0.345703125 0.47413793103448276 0.052734375 0.5517241379310345
18 0.3984375 0.4827586206896552 0.052734375 0.5431034482758621
18 0.505859375 0.5 0.0546875 0.5603448275862069
18 0.451171875 0.5 0.0546875 0.5517241379310345
18 0.556640625 0.5172413793103449 0.056640625 0.5517241379310345
18 0.611328125 0.5172413793103449 0.056640625 0.5517241379310345
18 0.662109375 0.5431034482758621 0.0546875 0.5431034482758621
18 0.716796875 0.5431034482758621 0.052734375 0.5431034482758621
18 0.76953125 0.5517241379310345 0.056640625 0.5431034482758621
18 0.822265625 0.5603448275862069 0.056640625 0.5431034482758621
18 0.87890625 0.5603448275862069 0.060546875 0.5517241379310345
18 0.927734375 0.5775862068965517 0.041015625 0.5344827586206896