18 0.130859375 0.4230769230769231 0.072265625 0.6153846153846154
18 0.060546875 0.4423076923076923 0.052734375 0.6538461538461539
18 0.26171875 0.46153846153846156 0.05078125 0.6153846153846154
18 0.19921875 0.46153846153846156 0.044921875 0.5769230769230769
18 0.3203125 0.4807692307692308 0.044921875 0.6153846153846154
18 0.376953125 0.5 0.048828125 0.6153846153846154
18 0.42578125 0.5 0.05078125 0.6730769230769231
18 0.482421875 0.5192307692307693 0.044921875 0.6346153846153846
18 0.53515625 0.5384615384615384 0.04296875 0.6153846153846154
18 0.58984375 0.5384615384615384 0.048828125 0.6153846153846154
18 0.642578125 0.5384615384615384 0.048828125 0.6153846153846154
18 0.74609375 0.5384615384615384 0.041015625 0.6153846153846154
18 0.8515625 0.5384615384615384 0.04296875 0.6153846153846154
18 0.953125 0.5384615384615384 0.04296875 0.6153846153846154
18 0.697265625 0.5576923076923077 0.03125 0.6346153846153846
18 0.796875 0.5576923076923077 0.048828125 0.6153846153846154
18 0.900390625 0.5576923076923077 0.041015625 0.6153846153846154