18 0.064453125 0.375 0.06640625 0.38636363636363635
18 0.12109375 0.3977272727272727 0.08203125 0.38636363636363635
18 0.1875 0.4090909090909091 0.064453125 0.4090909090909091
18 0.234375 0.4318181818181818 0.052734375 0.4090909090909091
18 0.291015625 0.4318181818181818 0.06640625 0.4318181818181818
18 0.34765625 0.4431818181818182 0.056640625 0.38636363636363635
18 0.388671875 0.45454545454545453 0.048828125 0.42045454545454547
18 0.494140625 0.4772727272727273 0.072265625 0.4772727272727273
18 0.4375 0.4772727272727273 0.05859375 0.45454545454545453
18 0.55859375 0.5 0.072265625 0.4772727272727273
18 0.6640625 0.5113636363636364 0.05859375 0.4431818181818182
18 0.615234375 0.5113636363636364 0.056640625 0.4318181818181818
18 0.716796875 0.5340909090909091 0.0625 0.4659090909090909
18 0.76953125 0.5340909090909091 0.048828125 0.4772727272727273
18 0.82421875 0.5568181818181818 0.05859375 0.5
18 0.87890625 0.5681818181818182 0.0625 0.4659090909090909
18 0.9375 0.5795454545454546 0.064453125 0.48863636363636365