18 0.072265625 0.2887323943661972 0.056640625 0.38028169014084506
18 0.126953125 0.30985915492957744 0.04296875 0.39436619718309857
18 0.17578125 0.323943661971831 0.041015625 0.4014084507042254
18 0.228515625 0.36619718309859156 0.044921875 0.38028169014084506
18 0.279296875 0.3873239436619718 0.04296875 0.4014084507042254
18 0.333984375 0.4084507042253521 0.041015625 0.4014084507042254
18 0.388671875 0.43661971830985913 0.04296875 0.38028169014084506
18 0.435546875 0.47183098591549294 0.041015625 0.39436619718309857
18 0.486328125 0.4788732394366197 0.048828125 0.4014084507042254
18 0.54296875 0.4788732394366197 0.056640625 0.39436619718309857
18 0.595703125 0.5211267605633803 0.0625 0.4507042253521127
18 0.650390625 0.5492957746478874 0.0546875 0.4295774647887324
18 0.7109375 0.5845070422535211 0.05078125 0.44366197183098594
18 0.76953125 0.6197183098591549 0.05859375 0.4507042253521127
18 0.830078125 0.6267605633802817 0.044921875 0.4225352112676056
18 0.884765625 0.6549295774647887 0.0546875 0.4084507042253521
18 0.9453125 0.676056338028169 0.0625 0.4014084507042254