18 0.068359375 0.32894736842105265 0.06640625 0.39473684210526316
18 0.12890625 0.34210526315789475 0.083984375 0.3815789473684211
18 0.203125 0.3684210526315789 0.064453125 0.3815789473684211
18 0.25390625 0.3815789473684211 0.052734375 0.3815789473684211
18 0.306640625 0.40789473684210525 0.052734375 0.40789473684210525
18 0.35546875 0.4342105263157895 0.060546875 0.4473684210526316
18 0.400390625 0.4473684210526316 0.046875 0.40789473684210525
18 0.4453125 0.4605263157894737 0.05078125 0.40789473684210525
18 0.501953125 0.4868421052631579 0.0703125 0.40789473684210525
18 0.5703125 0.5 0.080078125 0.39473684210526316
18 0.6328125 0.5263157894736842 0.052734375 0.39473684210526316
18 0.681640625 0.5526315789473685 0.052734375 0.4342105263157895
18 0.732421875 0.5657894736842105 0.052734375 0.4473684210526316
18 0.779296875 0.5657894736842105 0.048828125 0.4605263157894737
18 0.830078125 0.5921052631578947 0.056640625 0.4605263157894737
18 0.88671875 0.6052631578947368 0.052734375 0.4342105263157895
18 0.9375 0.631578947368421 0.052734375 0.40789473684210525