18 0.94140625 0.40476190476190477 0.046875 0.4642857142857143
18 0.896484375 0.40476190476190477 0.05078125 0.4523809523809524
18 0.810546875 0.4166666666666667 0.05078125 0.4523809523809524
18 0.85546875 0.42857142857142855 0.052734375 0.4880952380952381
18 0.765625 0.42857142857142855 0.046875 0.4642857142857143
18 0.72265625 0.4523809523809524 0.046875 0.4642857142857143
18 0.669921875 0.4642857142857143 0.060546875 0.47619047619047616
18 0.609375 0.47619047619047616 0.076171875 0.4523809523809524
18 0.544921875 0.4880952380952381 0.0625 0.4642857142857143
18 0.486328125 0.5 0.06640625 0.4642857142857143
18 0.42578125 0.5119047619047619 0.041015625 0.47619047619047616
18 0.380859375 0.5238095238095238 0.052734375 0.4642857142857143
18 0.330078125 0.5357142857142857 0.05078125 0.4523809523809524
18 0.27734375 0.5476190476190477 0.064453125 0.4642857142857143
18 0.216796875 0.5476190476190477 0.0625 0.5
18 0.13671875 0.5833333333333334 0.095703125 0.5
18 0.064453125 0.5833333333333334 0.068359375 0.4642857142857143