18 0.77734375 0.6944444444444444 0.048828125 0.25555555555555554
18 0.830078125 0.7333333333333333 0.0546875 0.25
18 0.88671875 0.7555555555555555 0.0546875 0.2611111111111111
18 0.94140625 0.8 0.052734375 0.25
18 0.080078125 0.17777777777777778 0.052734375 0.23333333333333334
18 0.138671875 0.21666666666666667 0.07421875 0.25555555555555554
18 0.205078125 0.2611111111111111 0.052734375 0.2222222222222222
18 0.255859375 0.32222222222222224 0.052734375 0.23333333333333334
18 0.3125 0.34444444444444444 0.052734375 0.24444444444444444
18 0.361328125 0.38333333333333336 0.044921875 0.25
18 0.408203125 0.4166666666666667 0.05859375 0.24444444444444444
18 0.46484375 0.45555555555555555 0.05859375 0.25555555555555554
18 0.513671875 0.5055555555555555 0.0390625 0.25
18 0.564453125 0.5388888888888889 0.0625 0.24444444444444444
18 0.619140625 0.5777777777777777 0.0546875 0.2611111111111111
18 0.671875 0.6166666666666667 0.052734375 0.2222222222222222
18 0.7265625 0.6555555555555556 0.0546875 0.22777777777777777