18 0.884765625 0.47435897435897434 0.041015625 0.41025641025641024
18 0.9375 0.47435897435897434 0.04296875 0.41025641025641024
18 0.833984375 0.48717948717948717 0.04296875 0.41025641025641024
18 0.78125 0.5 0.033203125 0.38461538461538464
18 0.73046875 0.5128205128205128 0.048828125 0.3717948717948718
18 0.6796875 0.5256410256410257 0.033203125 0.41025641025641024
18 0.572265625 0.5384615384615384 0.05078125 0.41025641025641024
18 0.625 0.5384615384615384 0.0546875 0.41025641025641024
18 0.51953125 0.5384615384615384 0.04296875 0.4230769230769231
18 0.470703125 0.5641025641025641 0.048828125 0.38461538461538464
18 0.3203125 0.5641025641025641 0.048828125 0.41025641025641024
18 0.416015625 0.5641025641025641 0.04296875 0.41025641025641024
18 0.3671875 0.5769230769230769 0.052734375 0.38461538461538464
18 0.2734375 0.5769230769230769 0.05078125 0.41025641025641024
18 0.216796875 0.5897435897435898 0.052734375 0.38461538461538464
18 0.1640625 0.6025641025641025 0.056640625 0.38461538461538464
18 0.09375 0.6153846153846154 0.080078125 0.38461538461538464