18 0.859375 0.44339622641509435 0.056640625 0.5471698113207547
18 0.69921875 0.4528301886792453 0.052734375 0.5
18 0.75390625 0.4528301886792453 0.052734375 0.5
18 0.80859375 0.4528301886792453 0.046875 0.5
18 0.916015625 0.4528301886792453 0.05078125 0.5283018867924528
18 0.59765625 0.4716981132075472 0.05078125 0.5
18 0.650390625 0.4716981132075472 0.05078125 0.5283018867924528
18 0.541015625 0.4811320754716981 0.052734375 0.5
18 0.48828125 0.5 0.064453125 0.5188679245283019
18 0.4375 0.5188679245283019 0.05078125 0.5283018867924528
18 0.38671875 0.5377358490566038 0.05078125 0.5283018867924528
18 0.177734375 0.5377358490566038 0.056640625 0.5
18 0.328125 0.5471698113207547 0.052734375 0.5188679245283019
18 0.123046875 0.5471698113207547 0.05078125 0.49056603773584906
18 0.23046875 0.5471698113207547 0.05078125 0.49056603773584906
18 0.27734375 0.5471698113207547 0.056640625 0.5188679245283019
18 0.072265625 0.5566037735849056 0.056640625 0.49056603773584906