18 0.927734375 0.48148148148148145 0.0546875 0.6296296296296297
18 0.76953125 0.49074074074074076 0.0546875 0.6203703703703703
18 0.822265625 0.49074074074074076 0.0546875 0.6203703703703703
18 0.875 0.49074074074074076 0.048828125 0.6203703703703703
18 0.560546875 0.49074074074074076 0.05078125 0.6296296296296297
18 0.666015625 0.49074074074074076 0.05078125 0.6296296296296297
18 0.71484375 0.49074074074074076 0.05078125 0.6296296296296297
18 0.34765625 0.5 0.05078125 0.6481481481481481
18 0.611328125 0.5 0.0546875 0.6481481481481481
18 0.08203125 0.5 0.060546875 0.6481481481481481
18 0.294921875 0.5092592592592593 0.056640625 0.6296296296296297
18 0.453125 0.5092592592592593 0.048828125 0.6296296296296297
18 0.505859375 0.5092592592592593 0.0546875 0.6296296296296297
18 0.134765625 0.5092592592592593 0.048828125 0.6296296296296297
18 0.189453125 0.5092592592592593 0.05078125 0.6296296296296297
18 0.244140625 0.5092592592592593 0.05078125 0.6296296296296297
18 0.400390625 0.5185185185185185 0.0546875 0.6203703703703703