18 0.072265625 0.3090909090909091 0.064453125 0.32727272727272727
18 0.134765625 0.34545454545454546 0.08984375 0.3181818181818182
18 0.203125 0.37272727272727274 0.060546875 0.32727272727272727
18 0.255859375 0.39090909090909093 0.05078125 0.3
18 0.3125 0.41818181818181815 0.060546875 0.3090909090909091
18 0.365234375 0.4636363636363636 0.056640625 0.3090909090909091
18 0.41015625 0.4727272727272727 0.0390625 0.3181818181818182
18 0.46484375 0.4909090909090909 0.0625 0.33636363636363636
18 0.525390625 0.5181818181818182 0.0625 0.33636363636363636
18 0.587890625 0.5545454545454546 0.060546875 0.38181818181818183
18 0.640625 0.5727272727272728 0.048828125 0.35454545454545455
18 0.685546875 0.6090909090909091 0.046875 0.33636363636363636
18 0.734375 0.6272727272727273 0.048828125 0.3090909090909091
18 0.783203125 0.6272727272727273 0.0546875 0.33636363636363636
18 0.830078125 0.6636363636363637 0.048828125 0.33636363636363636
18 0.87890625 0.6909090909090909 0.05078125 0.32727272727272727
18 0.9296875 0.7 0.05078125 0.34545454545454546