18 0.791015625 0.64453125 0.076171875 0.2890625
18 0.845703125 0.6796875 0.064453125 0.30078125
18 0.900390625 0.7109375 0.072265625 0.27734375
18 0.955078125 0.75 0.076171875 0.28125
18 0.1171875 0.21875 0.076171875 0.30078125
18 0.16796875 0.24609375 0.0703125 0.28125
18 0.220703125 0.28515625 0.060546875 0.2890625
18 0.275390625 0.31640625 0.0703125 0.2890625
18 0.33203125 0.3515625 0.072265625 0.28125
18 0.380859375 0.38671875 0.076171875 0.29296875
18 0.42578125 0.41015625 0.044921875 0.28125
18 0.466796875 0.44140625 0.0703125 0.28125
18 0.51171875 0.47265625 0.072265625 0.29296875
18 0.578125 0.51171875 0.0703125 0.28125
18 0.630859375 0.546875 0.08203125 0.30859375
18 0.685546875 0.5703125 0.0703125 0.28125
18 0.740234375 0.609375 0.072265625 0.28125