18 0.322265625 0.349009900990099 0.109375 0.17326732673267325
18 0.369140625 0.39603960396039606 0.109375 0.1806930693069307
18 0.419921875 0.44554455445544555 0.099609375 0.1782178217821782
18 0.4765625 0.49257425742574257 0.087890625 0.1707920792079208
18 0.521484375 0.5346534653465347 0.1015625 0.16831683168316833
18 0.5703125 0.5767326732673267 0.1015625 0.16584158415841585
18 0.619140625 0.6188118811881188 0.1015625 0.16831683168316833
18 0.6640625 0.6633663366336634 0.099609375 0.16831683168316833
18 0.71484375 0.7054455445544554 0.09765625 0.1707920792079208
18 0.7578125 0.7425742574257426 0.099609375 0.16584158415841585
18 0.8046875 0.7945544554455446 0.099609375 0.16584158415841585
18 0.84765625 0.8316831683168316 0.099609375 0.15099009900990099
18 0.896484375 0.8737623762376238 0.09765625 0.16584158415841585
18 0.11328125 0.1608910891089109 0.119140625 0.19306930693069307
18 0.16796875 0.20544554455445543 0.109375 0.16831683168316833
18 0.212890625 0.2524752475247525 0.10546875 0.18811881188118812
18 0.265625 0.30445544554455445 0.109375 0.18316831683168316