18 0.078125 0.45454545454545453 0.041015625 0.48484848484848486
18 0.130859375 0.48484848484848486 0.048828125 0.5
18 0.181640625 0.5 0.041015625 0.5303030303030303
18 0.23828125 0.5 0.052734375 0.5303030303030303
18 0.2890625 0.5 0.041015625 0.5303030303030303
18 0.341796875 0.5151515151515151 0.046875 0.5454545454545454
18 0.392578125 0.5151515151515151 0.05078125 0.5
18 0.4453125 0.5303030303030303 0.044921875 0.5303030303030303
18 0.498046875 0.5454545454545454 0.04296875 0.5151515151515151
18 0.599609375 0.5454545454545454 0.044921875 0.5151515151515151
18 0.548828125 0.5454545454545454 0.041015625 0.5
18 0.65234375 0.5757575757575758 0.041015625 0.5
18 0.8125 0.5757575757575758 0.041015625 0.5454545454545454
18 0.705078125 0.5757575757575758 0.04296875 0.5
18 0.7578125 0.5909090909090909 0.044921875 0.5303030303030303
18 0.865234375 0.5909090909090909 0.04296875 0.5
18 0.91796875 0.6060606060606061 0.046875 0.48484848484848486