18 0.076171875 0.463768115942029 0.0546875 0.47101449275362317
18 0.130859375 0.463768115942029 0.06640625 0.5144927536231884
18 0.1875 0.47101449275362317 0.060546875 0.4927536231884058
18 0.3046875 0.47101449275362317 0.060546875 0.4927536231884058
18 0.24609375 0.4855072463768116 0.06640625 0.5144927536231884
18 0.361328125 0.4855072463768116 0.06640625 0.47101449275362317
18 0.416015625 0.5144927536231884 0.0546875 0.4927536231884058
18 0.578125 0.5144927536231884 0.060546875 0.4927536231884058
18 0.638671875 0.5289855072463768 0.060546875 0.47101449275362317
18 0.46875 0.5289855072463768 0.060546875 0.5144927536231884
18 0.5234375 0.5289855072463768 0.060546875 0.47101449275362317
18 0.681640625 0.5434782608695652 0.046875 0.4492753623188406
18 0.73046875 0.5507246376811594 0.046875 0.47101449275362317
18 0.77734375 0.5507246376811594 0.0546875 0.47101449275362317
18 0.822265625 0.5507246376811594 0.046875 0.47101449275362317
18 0.8671875 0.5652173913043478 0.0546875 0.4492753623188406
18 0.9140625 0.572463768115942 0.046875 0.47101449275362317