18 0.869140625 0.463768115942029 0.05078125 0.45652173913043476
18 0.9140625 0.463768115942029 0.05078125 0.45652173913043476
18 0.82421875 0.4782608695652174 0.05078125 0.427536231884058
18 0.64453125 0.4782608695652174 0.056640625 0.4782608695652174
18 0.68359375 0.4927536231884058 0.044921875 0.45652173913043476
18 0.732421875 0.4927536231884058 0.05078125 0.45652173913043476
18 0.77734375 0.4927536231884058 0.05078125 0.45652173913043476
18 0.3359375 0.5 0.05078125 0.4782608695652174
18 0.3828125 0.5 0.05078125 0.4782608695652174
18 0.4375 0.5 0.056640625 0.4782608695652174
18 0.546875 0.5 0.056640625 0.4782608695652174
18 0.595703125 0.5 0.05078125 0.4782608695652174
18 0.490234375 0.5144927536231884 0.056640625 0.45652173913043476
18 0.28515625 0.5289855072463768 0.064453125 0.4782608695652174
18 0.09375 0.5362318840579711 0.0703125 0.5
18 0.158203125 0.5362318840579711 0.0703125 0.5
18 0.22265625 0.5362318840579711 0.0703125 0.5