18 0.642578125 0.4782608695652174 0.0546875 0.5
18 0.83203125 0.4782608695652174 0.048828125 0.5
18 0.154296875 0.4927536231884058 0.07421875 0.5
18 0.78125 0.4927536231884058 0.048828125 0.4782608695652174
18 0.875 0.4927536231884058 0.048828125 0.4782608695652174
18 0.91796875 0.4927536231884058 0.048828125 0.4782608695652174
18 0.216796875 0.4927536231884058 0.060546875 0.5289855072463768
18 0.271484375 0.4927536231884058 0.060546875 0.5289855072463768
18 0.328125 0.4927536231884058 0.060546875 0.4782608695652174
18 0.37109375 0.4927536231884058 0.048828125 0.4782608695652174
18 0.4765625 0.4927536231884058 0.060546875 0.4782608695652174
18 0.537109375 0.4927536231884058 0.06640625 0.4782608695652174
18 0.5859375 0.4927536231884058 0.0546875 0.4782608695652174
18 0.091796875 0.5 0.060546875 0.4782608695652174
18 0.6875 0.5 0.048828125 0.45652173913043476
18 0.734375 0.5 0.04296875 0.45652173913043476
18 0.423828125 0.5 0.0546875 0.5