18 0.07421875 0.3253012048192771 0.0625 0.4759036144578313
18 0.134765625 0.3493975903614458 0.0546875 0.45180722891566266
18 0.177734375 0.3614457831325301 0.0546875 0.43373493975903615
18 0.234375 0.39759036144578314 0.0625 0.45180722891566266
18 0.287109375 0.42771084337349397 0.05859375 0.463855421686747
18 0.341796875 0.4397590361445783 0.0625 0.463855421686747
18 0.392578125 0.463855421686747 0.06640625 0.45180722891566266
18 0.439453125 0.4759036144578313 0.05859375 0.45180722891566266
18 0.49609375 0.5180722891566265 0.06640625 0.4397590361445783
18 0.546875 0.536144578313253 0.06640625 0.45180722891566266
18 0.599609375 0.5602409638554217 0.06640625 0.4397590361445783
18 0.6484375 0.572289156626506 0.0703125 0.4397590361445783
18 0.701171875 0.6024096385542169 0.0625 0.43373493975903615
18 0.751953125 0.6265060240963856 0.0703125 0.43373493975903615
18 0.8046875 0.6506024096385542 0.0625 0.45180722891566266
18 0.857421875 0.6566265060240963 0.06640625 0.45180722891566266
18 0.90625 0.6807228915662651 0.06640625 0.43373493975903615