18 0.068359375 0.31343283582089554 0.0546875 0.31343283582089554
18 0.130859375 0.34328358208955223 0.080078125 0.3358208955223881
18 0.193359375 0.3656716417910448 0.05078125 0.3208955223880597
18 0.25 0.3805970149253731 0.0625 0.3208955223880597
18 0.310546875 0.41044776119402987 0.041015625 0.31343283582089554
18 0.361328125 0.4626865671641791 0.041015625 0.3358208955223881
18 0.40625 0.48507462686567165 0.037109375 0.34328358208955223
18 0.5078125 0.5223880597014925 0.052734375 0.34328358208955223
18 0.44921875 0.5223880597014925 0.05078125 0.3656716417910448
18 0.5703125 0.5447761194029851 0.0703125 0.34328358208955223
18 0.62890625 0.5671641791044776 0.046875 0.31343283582089554
18 0.6796875 0.6119402985074627 0.0546875 0.35074626865671643
18 0.73046875 0.6194029850746269 0.052734375 0.35074626865671643
18 0.845703125 0.6417910447761194 0.06640625 0.3283582089552239
18 0.783203125 0.6492537313432836 0.056640625 0.3283582089552239
18 0.890625 0.7089552238805971 0.06640625 0.3208955223880597
18 0.947265625 0.7238805970149254 0.044921875 0.31343283582089554