18 0.814453125 0.6730769230769231 0.060546875 0.3717948717948718
18 0.876953125 0.6987179487179487 0.0625 0.3717948717948718
18 0.9375 0.7307692307692307 0.064453125 0.3782051282051282
18 0.05859375 0.23717948717948717 0.068359375 0.32051282051282054
18 0.107421875 0.27564102564102566 0.060546875 0.3141025641025641
18 0.158203125 0.30128205128205127 0.05078125 0.30128205128205127
18 0.208984375 0.3333333333333333 0.0703125 0.32051282051282054
18 0.2578125 0.36538461538461536 0.064453125 0.3269230769230769
18 0.310546875 0.391025641025641 0.056640625 0.3269230769230769
18 0.37109375 0.4230769230769231 0.044921875 0.32051282051282054
18 0.419921875 0.44871794871794873 0.064453125 0.33974358974358976
18 0.47265625 0.4807692307692308 0.068359375 0.34615384615384615
18 0.52734375 0.5192307692307693 0.080078125 0.38461538461538464
18 0.583984375 0.5448717948717948 0.07421875 0.34615384615384615
18 0.640625 0.5769230769230769 0.06640625 0.36538461538461536
18 0.701171875 0.6089743589743589 0.0625 0.36538461538461536
18 0.763671875 0.6474358974358975 0.041015625 0.36538461538461536