18 0.09375 0.43333333333333335 0.04296875 0.5
18 0.2421875 0.45 0.04296875 0.4666666666666667
18 0.193359375 0.45 0.04296875 0.5
18 0.14453125 0.4666666666666667 0.046875 0.5166666666666667
18 0.294921875 0.4666666666666667 0.04296875 0.5
18 0.396484375 0.48333333333333334 0.04296875 0.5166666666666667
18 0.345703125 0.5 0.041015625 0.5166666666666667
18 0.451171875 0.5 0.04296875 0.5
18 0.5 0.5 0.04296875 0.5333333333333333
18 0.552734375 0.5166666666666667 0.04296875 0.48333333333333334
18 0.607421875 0.5166666666666667 0.0546875 0.5166666666666667
18 0.71875 0.5166666666666667 0.04296875 0.5
18 0.6640625 0.5333333333333333 0.046875 0.5333333333333333
18 0.7734375 0.5333333333333333 0.052734375 0.5166666666666667
18 0.828125 0.55 0.04296875 0.5333333333333333
18 0.8828125 0.5666666666666667 0.046875 0.5
18 0.939453125 0.5666666666666667 0.046875 0.5333333333333333