18 0.912109375 0.425531914893617 0.041015625 0.5212765957446809
18 0.76171875 0.43617021276595747 0.056640625 0.5212765957446809
18 0.810546875 0.43617021276595747 0.0390625 0.5212765957446809
18 0.86328125 0.43617021276595747 0.052734375 0.5212765957446809
18 0.708984375 0.4574468085106383 0.05078125 0.5212765957446809
18 0.658203125 0.46808510638297873 0.05078125 0.5106382978723404
18 0.60546875 0.46808510638297873 0.041015625 0.5212765957446809
18 0.505859375 0.5 0.05078125 0.5425531914893617
18 0.55859375 0.5 0.05078125 0.5425531914893617
18 0.453125 0.5106382978723404 0.052734375 0.5531914893617021
18 0.40234375 0.5212765957446809 0.052734375 0.5212765957446809
18 0.3515625 0.5319148936170213 0.05078125 0.5106382978723404
18 0.25 0.5425531914893617 0.05078125 0.5212765957446809
18 0.302734375 0.5425531914893617 0.046875 0.5106382978723404
18 0.1953125 0.5425531914893617 0.046875 0.5106382978723404
18 0.146484375 0.5638297872340425 0.05078125 0.5106382978723404
18 0.09375 0.5851063829787234 0.052734375 0.5106382978723404