18 0.080078125 0.42592592592592593 0.064453125 0.4444444444444444
18 0.12890625 0.4351851851851852 0.052734375 0.4351851851851852
18 0.1796875 0.4351851851851852 0.0625 0.4351851851851852
18 0.232421875 0.4444444444444444 0.05859375 0.4351851851851852
18 0.287109375 0.46296296296296297 0.0390625 0.4166666666666667
18 0.341796875 0.4722222222222222 0.056640625 0.4351851851851852
18 0.392578125 0.5 0.056640625 0.4351851851851852
18 0.4453125 0.5092592592592593 0.052734375 0.46296296296296297
18 0.49609375 0.5092592592592593 0.052734375 0.4351851851851852
18 0.552734375 0.5277777777777778 0.068359375 0.4351851851851852
18 0.615234375 0.5370370370370371 0.05859375 0.4351851851851852
18 0.669921875 0.5462962962962963 0.056640625 0.4166666666666667
18 0.72265625 0.5833333333333334 0.056640625 0.4351851851851852
18 0.775390625 0.5833333333333334 0.056640625 0.4351851851851852
18 0.82421875 0.6018518518518519 0.0390625 0.4444444444444444
18 0.87890625 0.6111111111111112 0.052734375 0.4166666666666667
18 0.931640625 0.6203703703703703 0.052734375 0.4351851851851852