18 0.095703125 0.42857142857142855 0.052734375 0.474025974025974
18 0.146484375 0.42857142857142855 0.044921875 0.44805194805194803
18 0.19921875 0.43506493506493504 0.048828125 0.461038961038961
18 0.25 0.45454545454545453 0.052734375 0.474025974025974
18 0.302734375 0.461038961038961 0.048828125 0.461038961038961
18 0.359375 0.4805194805194805 0.052734375 0.44805194805194803
18 0.404296875 0.487012987012987 0.033203125 0.461038961038961
18 0.4453125 0.4935064935064935 0.052734375 0.44805194805194803
18 0.5 0.5064935064935064 0.052734375 0.474025974025974
18 0.552734375 0.5194805194805194 0.060546875 0.474025974025974
18 0.603515625 0.525974025974026 0.052734375 0.461038961038961
18 0.705078125 0.5454545454545454 0.029296875 0.44805194805194803
18 0.662109375 0.551948051948052 0.052734375 0.461038961038961
18 0.748046875 0.564935064935065 0.052734375 0.461038961038961
18 0.80078125 0.5714285714285714 0.052734375 0.44805194805194803
18 0.853515625 0.5844155844155844 0.048828125 0.474025974025974
18 0.908203125 0.5974025974025974 0.056640625 0.474025974025974