18 0.0625 0.34285714285714286 0.0546875 0.3142857142857143
18 0.115234375 0.35714285714285715 0.05859375 0.3142857142857143
18 0.1796875 0.37142857142857144 0.0859375 0.3142857142857143
18 0.2421875 0.4 0.0625 0.3
18 0.29296875 0.42142857142857143 0.0625 0.3142857142857143
18 0.34375 0.4357142857142857 0.0546875 0.3
18 0.400390625 0.44285714285714284 0.05859375 0.3142857142857143
18 0.44140625 0.4642857142857143 0.05859375 0.32857142857142857
18 0.490234375 0.4928571428571429 0.0546875 0.3142857142857143
18 0.54296875 0.5142857142857142 0.05859375 0.36428571428571427
18 0.609375 0.5428571428571428 0.08203125 0.35
18 0.671875 0.5428571428571428 0.05859375 0.35
18 0.7265625 0.5642857142857143 0.068359375 0.36428571428571427
18 0.779296875 0.6 0.0625 0.36428571428571427
18 0.837890625 0.6142857142857143 0.0625 0.36428571428571427
18 0.888671875 0.65 0.0625 0.36428571428571427
18 0.94921875 0.6571428571428571 0.0625 0.38571428571428573