18 0.06640625 0.3644067796610169 0.05078125 0.4661016949152542
18 0.111328125 0.3898305084745763 0.04296875 0.4491525423728814
18 0.158203125 0.3983050847457627 0.041015625 0.4576271186440678
18 0.20703125 0.3983050847457627 0.052734375 0.4830508474576271
18 0.255859375 0.4322033898305085 0.044921875 0.4745762711864407
18 0.306640625 0.4322033898305085 0.044921875 0.4661016949152542
18 0.36328125 0.4406779661016949 0.029296875 0.4745762711864407
18 0.408203125 0.4576271186440678 0.05078125 0.4745762711864407
18 0.4609375 0.4745762711864407 0.0546875 0.4915254237288136
18 0.515625 0.4915254237288136 0.0546875 0.4745762711864407
18 0.5703125 0.5084745762711864 0.052734375 0.5
18 0.626953125 0.5254237288135594 0.046875 0.5
18 0.68359375 0.5423728813559322 0.052734375 0.5084745762711864
18 0.740234375 0.559322033898305 0.0546875 0.5169491525423728
18 0.80078125 0.5677966101694916 0.05078125 0.5423728813559322
18 0.865234375 0.5677966101694916 0.060546875 0.5254237288135594
18 0.931640625 0.5847457627118644 0.060546875 0.5423728813559322