18 0.2578125 0.47580645161290325 0.056640625 0.5806451612903226
18 0.447265625 0.49193548387096775 0.044921875 0.5806451612903226
18 0.49609375 0.49193548387096775 0.041015625 0.5483870967741935
18 0.095703125 0.49193548387096775 0.052734375 0.5806451612903226
18 0.302734375 0.49193548387096775 0.041015625 0.5806451612903226
18 0.408203125 0.5 0.029296875 0.5645161290322581
18 0.546875 0.5 0.052734375 0.5645161290322581
18 0.599609375 0.5 0.044921875 0.5645161290322581
18 0.69921875 0.5 0.037109375 0.5645161290322581
18 0.7421875 0.5 0.044921875 0.5645161290322581
18 0.8984375 0.5 0.064453125 0.5645161290322581
18 0.1484375 0.5 0.052734375 0.5645161290322581
18 0.654296875 0.5080645161290323 0.052734375 0.5806451612903226
18 0.79296875 0.5080645161290323 0.052734375 0.5483870967741935
18 0.841796875 0.5080645161290323 0.037109375 0.5806451612903226
18 0.19921875 0.5080645161290323 0.041015625 0.5483870967741935
18 0.361328125 0.5080645161290323 0.064453125 0.5806451612903226