18 0.443359375 0.4642857142857143 0.056640625 0.17410714285714285
18 0.494140625 0.5044642857142857 0.048828125 0.15625
18 0.5546875 0.5491071428571429 0.068359375 0.19196428571428573
18 0.61328125 0.6116071428571429 0.05859375 0.1875
18 0.67578125 0.6428571428571429 0.048828125 0.15625
18 0.728515625 0.6785714285714286 0.05078125 0.15178571428571427
18 0.78515625 0.7232142857142857 0.05078125 0.15625
18 0.83984375 0.7678571428571429 0.052734375 0.16071428571428573
18 0.892578125 0.8080357142857143 0.056640625 0.17410714285714285
18 0.953125 0.84375 0.05859375 0.15625
18 0.0546875 0.1875 0.04296875 0.17857142857142858
18 0.107421875 0.22321428571428573 0.0546875 0.17857142857142858
18 0.16015625 0.25892857142857145 0.05078125 0.15178571428571427
18 0.20703125 0.30357142857142855 0.05078125 0.16964285714285715
18 0.265625 0.33482142857142855 0.044921875 0.15625
18 0.3203125 0.3705357142857143 0.05859375 0.16964285714285715
18 0.3828125 0.41964285714285715 0.05859375 0.17410714285714285