18 0.876953125 0.43478260869565216 0.0546875 0.5652173913043478
18 0.9296875 0.43478260869565216 0.052734375 0.5652173913043478
18 0.771484375 0.44565217391304346 0.0546875 0.532608695652174
18 0.82421875 0.44565217391304346 0.052734375 0.532608695652174
18 0.556640625 0.4673913043478261 0.05859375 0.5760869565217391
18 0.607421875 0.4673913043478261 0.048828125 0.5760869565217391
18 0.6640625 0.4673913043478261 0.056640625 0.5760869565217391
18 0.71875 0.4673913043478261 0.052734375 0.5760869565217391
18 0.447265625 0.4782608695652174 0.046875 0.5543478260869565
18 0.50390625 0.4782608695652174 0.0546875 0.5543478260869565
18 0.287109375 0.5 0.048828125 0.5434782608695652
18 0.34375 0.5 0.0546875 0.5434782608695652
18 0.39453125 0.5 0.048828125 0.5434782608695652
18 0.185546875 0.5 0.05859375 0.5543478260869565
18 0.236328125 0.5108695652173914 0.056640625 0.5434782608695652
18 0.078125 0.532608695652174 0.0625 0.5652173913043478
18 0.130859375 0.532608695652174 0.0546875 0.5652173913043478