18 0.126953125 0.33962264150943394 0.09375 0.42452830188679247
18 0.1953125 0.37735849056603776 0.078125 0.42452830188679247
18 0.25 0.3867924528301887 0.060546875 0.42452830188679247
18 0.40625 0.4056603773584906 0.060546875 0.44339622641509435
18 0.3046875 0.4056603773584906 0.076171875 0.4056603773584906
18 0.35546875 0.41509433962264153 0.056640625 0.42452830188679247
18 0.517578125 0.44339622641509435 0.078125 0.39622641509433965
18 0.4609375 0.4528301886792453 0.0625 0.4056603773584906
18 0.572265625 0.4811320754716981 0.06640625 0.39622641509433965
18 0.63671875 0.5094339622641509 0.091796875 0.4056603773584906
18 0.705078125 0.5471698113207547 0.078125 0.4056603773584906
18 0.7578125 0.5471698113207547 0.076171875 0.37735849056603776
18 0.80859375 0.5471698113207547 0.06640625 0.39622641509433965
18 0.865234375 0.5566037735849056 0.0703125 0.4056603773584906
18 0.966796875 0.6037735849056604 0.056640625 0.4056603773584906
18 0.919921875 0.6037735849056604 0.06640625 0.4056603773584906