18 0.740234375 0.6690140845070423 0.0546875 0.24647887323943662
18 0.79296875 0.704225352112676 0.052734375 0.24647887323943662
18 0.845703125 0.7394366197183099 0.048828125 0.2746478873239437
18 0.8984375 0.7676056338028169 0.056640625 0.23943661971830985
18 0.955078125 0.8028169014084507 0.056640625 0.24647887323943662
18 0.06640625 0.2323943661971831 0.06640625 0.2746478873239437
18 0.130859375 0.2746478873239437 0.08984375 0.28169014084507044
18 0.1953125 0.323943661971831 0.0625 0.2746478873239437
18 0.2578125 0.36619718309859156 0.06640625 0.2746478873239437
18 0.314453125 0.4084507042253521 0.052734375 0.24647887323943662
18 0.361328125 0.43661971830985913 0.046875 0.23943661971830985
18 0.40625 0.4647887323943662 0.04296875 0.2605633802816901
18 0.453125 0.5 0.05078125 0.2605633802816901
18 0.51171875 0.5211267605633803 0.064453125 0.2676056338028169
18 0.576171875 0.5704225352112676 0.076171875 0.29577464788732394
18 0.638671875 0.6056338028169014 0.052734375 0.23943661971830985
18 0.689453125 0.6408450704225352 0.056640625 0.23943661971830985