18 0.578125 0.5543478260869565 0.072265625 0.2717391304347826
18 0.63671875 0.5869565217391305 0.0625 0.27717391304347827
18 0.69921875 0.6195652173913043 0.06640625 0.266304347826087
18 0.7578125 0.6521739130434783 0.052734375 0.2608695652173913
18 0.818359375 0.6847826086956522 0.052734375 0.266304347826087
18 0.876953125 0.7282608695652174 0.064453125 0.2717391304347826
18 0.9375 0.7554347826086957 0.064453125 0.2717391304347826
18 0.05859375 0.22282608695652173 0.0703125 0.2554347826086957
18 0.107421875 0.2554347826086957 0.064453125 0.23369565217391305
18 0.1640625 0.27717391304347827 0.0625 0.22282608695652173
18 0.208984375 0.30434782608695654 0.07421875 0.24456521739130435
18 0.255859375 0.3641304347826087 0.068359375 0.266304347826087
18 0.310546875 0.375 0.05859375 0.2391304347826087
18 0.365234375 0.41847826086956524 0.068359375 0.25
18 0.416015625 0.45108695652173914 0.068359375 0.2608695652173913
18 0.466796875 0.4782608695652174 0.0703125 0.25
18 0.5234375 0.5163043478260869 0.078125 0.266304347826087