18 0.927734375 0.30701754385964913 0.0546875 0.32456140350877194
18 0.87890625 0.32456140350877194 0.046875 0.3157894736842105
18 0.83203125 0.34210526315789475 0.05078125 0.3333333333333333
18 0.78515625 0.35964912280701755 0.041015625 0.32456140350877194
18 0.73828125 0.38596491228070173 0.052734375 0.30701754385964913
18 0.689453125 0.41228070175438597 0.05078125 0.2982456140350877
18 0.63671875 0.43859649122807015 0.060546875 0.32456140350877194
18 0.572265625 0.45614035087719296 0.0703125 0.3157894736842105
18 0.505859375 0.5 0.06640625 0.30701754385964913
18 0.453125 0.5175438596491229 0.05078125 0.30701754385964913
18 0.404296875 0.543859649122807 0.04296875 0.3157894736842105
18 0.361328125 0.5701754385964912 0.052734375 0.3157894736842105
18 0.3125 0.5789473684210527 0.052734375 0.3157894736842105
18 0.26171875 0.6228070175438597 0.05859375 0.2982456140350877
18 0.208984375 0.631578947368421 0.068359375 0.3157894736842105
18 0.134765625 0.6578947368421053 0.091796875 0.32456140350877194
18 0.07421875 0.7017543859649122 0.068359375 0.2807017543859649