18 0.078125 0.32456140350877194 0.05859375 0.34210526315789475
18 0.146484375 0.34210526315789475 0.091796875 0.39473684210526316
18 0.216796875 0.38596491228070173 0.05859375 0.32456140350877194
18 0.271484375 0.42105263157894735 0.068359375 0.3508771929824561
18 0.328125 0.4298245614035088 0.048828125 0.32456140350877194
18 0.37890625 0.45614035087719296 0.0546875 0.32456140350877194
18 0.419921875 0.49122807017543857 0.041015625 0.34210526315789475
18 0.46875 0.49122807017543857 0.0546875 0.3508771929824561
18 0.521484375 0.5350877192982456 0.0625 0.3508771929824561
18 0.58203125 0.5526315789473685 0.05859375 0.3684210526315789
18 0.63671875 0.5877192982456141 0.048828125 0.3684210526315789
18 0.681640625 0.5964912280701754 0.05078125 0.34210526315789475
18 0.728515625 0.6403508771929824 0.03515625 0.34210526315789475
18 0.775390625 0.6491228070175439 0.05078125 0.3157894736842105
18 0.826171875 0.6842105263157895 0.0546875 0.34210526315789475
18 0.875 0.7192982456140351 0.05078125 0.32456140350877194
18 0.92578125 0.7280701754385965 0.0546875 0.3508771929824561