18 0.400390625 0.43846153846153846 0.052734375 0.35384615384615387
18 0.455078125 0.45384615384615384 0.0546875 0.36923076923076925
18 0.51953125 0.49230769230769234 0.072265625 0.36923076923076925
18 0.583984375 0.5153846153846153 0.060546875 0.36923076923076925
18 0.64453125 0.5461538461538461 0.0625 0.36923076923076925
18 0.708984375 0.5692307692307692 0.064453125 0.3769230769230769
18 0.76953125 0.5923076923076923 0.05859375 0.36923076923076925
18 0.83203125 0.6153846153846154 0.06640625 0.36923076923076925
18 0.890625 0.6461538461538462 0.041015625 0.4
18 0.943359375 0.6538461538461539 0.060546875 0.3769230769230769
18 0.046875 0.2846153846153846 0.046875 0.35384615384615387
18 0.095703125 0.3 0.0546875 0.36153846153846153
18 0.146484375 0.33076923076923076 0.052734375 0.38461538461538464
18 0.197265625 0.3384615384615385 0.052734375 0.36923076923076925
18 0.25 0.36923076923076925 0.05078125 0.34615384615384615
18 0.306640625 0.4 0.060546875 0.35384615384615387
18 0.35546875 0.4230769230769231 0.037109375 0.36153846153846153