18 0.66796875 0.601123595505618 0.06640625 0.39325842696629215
18 0.71875 0.6179775280898876 0.0546875 0.38764044943820225
18 0.7734375 0.6404494382022472 0.0703125 0.38202247191011235
18 0.826171875 0.6741573033707865 0.064453125 0.3707865168539326
18 0.876953125 0.7078651685393258 0.072265625 0.38202247191011235
18 0.931640625 0.7303370786516854 0.064453125 0.3707865168539326
18 0.076171875 0.3202247191011236 0.05859375 0.39325842696629215
18 0.130859375 0.34269662921348315 0.060546875 0.38764044943820225
18 0.181640625 0.3707865168539326 0.048828125 0.39325842696629215
18 0.236328125 0.398876404494382 0.0625 0.38202247191011235
18 0.291015625 0.42696629213483145 0.060546875 0.38202247191011235
18 0.349609375 0.449438202247191 0.060546875 0.39325842696629215
18 0.39453125 0.47752808988764045 0.046875 0.39325842696629215
18 0.451171875 0.5 0.072265625 0.38202247191011235
18 0.505859375 0.5168539325842697 0.05859375 0.37640449438202245
18 0.560546875 0.550561797752809 0.06640625 0.38764044943820225
18 0.61328125 0.5674157303370787 0.072265625 0.38202247191011235