18 0.27734375 0.48717948717948717 0.064453125 0.44871794871794873
18 0.474609375 0.48717948717948717 0.05078125 0.44871794871794873
18 0.845703125 0.48717948717948717 0.046875 0.4230769230769231
18 0.216796875 0.48717948717948717 0.0546875 0.44871794871794873
18 0.33203125 0.48717948717948717 0.04296875 0.4358974358974359
18 0.380859375 0.48717948717948717 0.044921875 0.46153846153846156
18 0.076171875 0.48717948717948717 0.064453125 0.5
18 0.591796875 0.5 0.078125 0.5128205128205128
18 0.798828125 0.5 0.044921875 0.44871794871794873
18 0.1484375 0.5 0.087890625 0.5128205128205128
18 0.4296875 0.5 0.041015625 0.46153846153846156
18 0.69921875 0.5 0.04296875 0.46153846153846156
18 0.748046875 0.5 0.05078125 0.4358974358974359
18 0.947265625 0.5 0.056640625 0.46153846153846156
18 0.65234375 0.5128205128205128 0.044921875 0.44871794871794873
18 0.89453125 0.5128205128205128 0.048828125 0.44871794871794873
18 0.53125 0.5128205128205128 0.060546875 0.46153846153846156