18 0.52734375 0.47435897435897434 0.0546875 0.46153846153846156
18 0.9375 0.47435897435897434 0.046875 0.46153846153846156
18 0.26953125 0.47435897435897434 0.060546875 0.44871794871794873
18 0.587890625 0.47435897435897434 0.056640625 0.47435897435897434
18 0.642578125 0.47435897435897434 0.046875 0.44871794871794873
18 0.69140625 0.47435897435897434 0.046875 0.44871794871794873
18 0.212890625 0.48717948717948717 0.056640625 0.46153846153846156
18 0.376953125 0.48717948717948717 0.046875 0.46153846153846156
18 0.423828125 0.48717948717948717 0.041015625 0.46153846153846156
18 0.47265625 0.48717948717948717 0.048828125 0.44871794871794873
18 0.7890625 0.48717948717948717 0.046875 0.46153846153846156
18 0.837890625 0.48717948717948717 0.05078125 0.48717948717948717
18 0.326171875 0.48717948717948717 0.04296875 0.44871794871794873
18 0.06640625 0.48717948717948717 0.060546875 0.47435897435897434
18 0.73828125 0.48717948717948717 0.033203125 0.44871794871794873
18 0.88671875 0.48717948717948717 0.046875 0.47435897435897434
18 0.140625 0.48717948717948717 0.08984375 0.47435897435897434