18 0.076171875 0.40816326530612246 0.052734375 0.46938775510204084
18 0.12890625 0.40816326530612246 0.046875 0.46938775510204084
18 0.1796875 0.40816326530612246 0.048828125 0.46938775510204084
18 0.232421875 0.41836734693877553 0.048828125 0.46938775510204084
18 0.283203125 0.41836734693877553 0.0546875 0.45918367346938777
18 0.333984375 0.4387755102040816 0.046875 0.4897959183673469
18 0.427734375 0.4489795918367347 0.052734375 0.4897959183673469
18 0.380859375 0.45918367346938777 0.04296875 0.4897959183673469
18 0.486328125 0.46938775510204084 0.052734375 0.46938775510204084
18 0.54296875 0.4897959183673469 0.052734375 0.46938775510204084
18 0.59375 0.4897959183673469 0.056640625 0.4489795918367347
18 0.6484375 0.4897959183673469 0.05078125 0.4897959183673469
18 0.697265625 0.5 0.044921875 0.47959183673469385
18 0.751953125 0.5102040816326531 0.0546875 0.4489795918367347
18 0.806640625 0.5204081632653061 0.052734375 0.4489795918367347
18 0.916015625 0.5306122448979592 0.052734375 0.42857142857142855
18 0.861328125 0.5510204081632653 0.0546875 0.4489795918367347