18 0.072265625 0.34 0.060546875 0.51
18 0.12109375 0.36 0.052734375 0.49
18 0.177734375 0.39 0.056640625 0.51
18 0.232421875 0.41 0.0546875 0.49
18 0.283203125 0.43 0.052734375 0.49
18 0.337890625 0.44 0.0625 0.52
18 0.39453125 0.45 0.052734375 0.53
18 0.443359375 0.49 0.052734375 0.5
18 0.498046875 0.5 0.052734375 0.5
18 0.552734375 0.52 0.0546875 0.51
18 0.607421875 0.53 0.05078125 0.5
18 0.662109375 0.56 0.052734375 0.49
18 0.712890625 0.57 0.05078125 0.49
18 0.765625 0.59 0.048828125 0.48
18 0.822265625 0.61 0.0546875 0.49
18 0.875 0.62 0.046875 0.52
18 0.93359375 0.65 0.0625 0.49