18 0.056640625 0.44871794871794873 0.046875 0.41025641025641024
18 0.107421875 0.44871794871794873 0.0546875 0.41025641025641024
18 0.162109375 0.47435897435897434 0.05078125 0.4230769230769231
18 0.212890625 0.47435897435897434 0.05078125 0.4358974358974359
18 0.267578125 0.48717948717948717 0.05078125 0.44871794871794873
18 0.3203125 0.5 0.0234375 0.4230769230769231
18 0.376953125 0.5 0.05078125 0.4230769230769231
18 0.484375 0.5 0.048828125 0.4230769230769231
18 0.427734375 0.5128205128205128 0.048828125 0.4230769230769231
18 0.5390625 0.5256410256410257 0.048828125 0.4230769230769231
18 0.591796875 0.5384615384615384 0.02734375 0.41025641025641024
18 0.650390625 0.5512820512820513 0.048828125 0.4230769230769231
18 0.70703125 0.5512820512820513 0.048828125 0.4230769230769231
18 0.759765625 0.5641025641025641 0.05078125 0.4358974358974359
18 0.818359375 0.5769230769230769 0.052734375 0.44871794871794873
18 0.873046875 0.6025641025641025 0.021484375 0.46153846153846156
18 0.931640625 0.6025641025641025 0.05078125 0.4358974358974359