18 0.93359375 0.3372093023255814 0.0390625 0.4069767441860465
18 0.880859375 0.3488372093023256 0.048828125 0.4186046511627907
18 0.83203125 0.36046511627906974 0.05078125 0.4186046511627907
18 0.779296875 0.38372093023255816 0.048828125 0.3953488372093023
18 0.732421875 0.4186046511627907 0.05078125 0.38372093023255816
18 0.630859375 0.43023255813953487 0.060546875 0.3953488372093023
18 0.68359375 0.43023255813953487 0.048828125 0.38372093023255816
18 0.572265625 0.47674418604651164 0.056640625 0.4069767441860465
18 0.51953125 0.47674418604651164 0.0546875 0.3953488372093023
18 0.46484375 0.5 0.0546875 0.38372093023255816
18 0.412109375 0.5116279069767442 0.0546875 0.43023255813953487
18 0.35546875 0.5348837209302325 0.056640625 0.4186046511627907
18 0.302734375 0.5581395348837209 0.056640625 0.4069767441860465
18 0.248046875 0.5813953488372093 0.052734375 0.38372093023255816
18 0.197265625 0.5930232558139535 0.048828125 0.36046511627906974
18 0.126953125 0.6162790697674418 0.080078125 0.36046511627906974
18 0.05859375 0.627906976744186 0.05859375 0.3953488372093023