18 0.0703125 0.2905405405405405 0.05859375 0.3716216216216216
18 0.119140625 0.32432432432432434 0.0546875 0.34459459459459457
18 0.169921875 0.34459459459459457 0.052734375 0.35135135135135137
18 0.22265625 0.36486486486486486 0.0625 0.3716216216216216
18 0.275390625 0.39864864864864863 0.0625 0.38513513513513514
18 0.326171875 0.41216216216216217 0.052734375 0.3581081081081081
18 0.3828125 0.43243243243243246 0.044921875 0.3716216216216216
18 0.427734375 0.4594594594594595 0.068359375 0.3716216216216216
18 0.482421875 0.4797297297297297 0.06640625 0.38513513513513514
18 0.5390625 0.5135135135135135 0.07421875 0.38513513513513514
18 0.591796875 0.5337837837837838 0.068359375 0.3716216216216216
18 0.646484375 0.5608108108108109 0.0625 0.38513513513513514
18 0.703125 0.5743243243243243 0.0625 0.3716216216216216
18 0.765625 0.6148648648648649 0.048828125 0.3581081081081081
18 0.8203125 0.6351351351351351 0.0546875 0.36486486486486486
18 0.873046875 0.6621621621621622 0.0625 0.36486486486486486
18 0.9296875 0.6756756756756757 0.0703125 0.3716216216216216