18 0.34765625 0.3765432098765432 0.05078125 0.20987654320987653
18 0.3984375 0.41358024691358025 0.05859375 0.21604938271604937
18 0.451171875 0.4567901234567901 0.060546875 0.21604938271604937
18 0.505859375 0.5061728395061729 0.033203125 0.18518518518518517
18 0.556640625 0.5370370370370371 0.060546875 0.21604938271604937
18 0.60546875 0.5925925925925926 0.056640625 0.2345679012345679
18 0.6640625 0.6358024691358025 0.037109375 0.2037037037037037
18 0.71484375 0.6790123456790124 0.0546875 0.19753086419753085
18 0.7734375 0.7222222222222222 0.03515625 0.2037037037037037
18 0.82421875 0.7592592592592593 0.05078125 0.19753086419753085
18 0.884765625 0.7962962962962963 0.05078125 0.2037037037037037
18 0.939453125 0.845679012345679 0.056640625 0.2037037037037037
18 0.068359375 0.12962962962962962 0.05859375 0.2345679012345679
18 0.13671875 0.1728395061728395 0.072265625 0.24074074074074073
18 0.19140625 0.2345679012345679 0.046875 0.2037037037037037
18 0.240234375 0.2839506172839506 0.0546875 0.2037037037037037
18 0.30078125 0.3271604938271605 0.052734375 0.19753086419753085