18 0.7578125 0.4727272727272727 0.05078125 0.5909090909090909
18 0.552734375 0.4818181818181818 0.056640625 0.5818181818181818
18 0.70703125 0.4818181818181818 0.05078125 0.6090909090909091
18 0.912109375 0.4818181818181818 0.0625 0.6090909090909091
18 0.09375 0.4818181818181818 0.060546875 0.5818181818181818
18 0.24609375 0.4818181818181818 0.05078125 0.6090909090909091
18 0.447265625 0.4909090909090909 0.052734375 0.5909090909090909
18 0.6015625 0.4909090909090909 0.060546875 0.5909090909090909
18 0.658203125 0.4909090909090909 0.056640625 0.5909090909090909
18 0.806640625 0.4909090909090909 0.05078125 0.5909090909090909
18 0.142578125 0.4909090909090909 0.046875 0.5909090909090909
18 0.34375 0.5 0.052734375 0.6090909090909091
18 0.3984375 0.5 0.052734375 0.6090909090909091
18 0.857421875 0.5 0.05078125 0.6090909090909091
18 0.1953125 0.5 0.056640625 0.6090909090909091
18 0.501953125 0.5 0.052734375 0.6272727272727273
18 0.298828125 0.5 0.056640625 0.6272727272727273