18 0.13671875 0.425 0.083984375 0.5
18 0.072265625 0.4375 0.064453125 0.475
18 0.20703125 0.4625 0.05859375 0.4875
18 0.32421875 0.4625 0.0625 0.475
18 0.26171875 0.475 0.0625 0.5
18 0.4765625 0.4875 0.060546875 0.4875
18 0.58984375 0.4875 0.046875 0.4625
18 0.37890625 0.4875 0.05078125 0.475
18 0.423828125 0.4875 0.046875 0.475
18 0.6875 0.5 0.05078125 0.4875
18 0.541015625 0.5 0.060546875 0.475
18 0.640625 0.5 0.046875 0.45
18 0.88671875 0.5 0.05078125 0.475
18 0.736328125 0.5 0.05078125 0.4625
18 0.93359375 0.5125 0.046875 0.475
18 0.78515625 0.5125 0.044921875 0.4875
18 0.83203125 0.5125 0.05078125 0.4625