18 0.109375 0.4117647058823529 0.05078125 0.47058823529411764
18 0.154296875 0.4117647058823529 0.04296875 0.47058823529411764
18 0.197265625 0.43137254901960786 0.048828125 0.4803921568627451
18 0.326171875 0.4411764705882353 0.048828125 0.4411764705882353
18 0.28125 0.4411764705882353 0.048828125 0.4803921568627451
18 0.240234375 0.4411764705882353 0.05078125 0.49019607843137253
18 0.369140625 0.4411764705882353 0.04296875 0.4411764705882353
18 0.412109375 0.46078431372549017 0.05078125 0.47058823529411764
18 0.45703125 0.46078431372549017 0.046875 0.47058823529411764
18 0.505859375 0.46078431372549017 0.056640625 0.49019607843137253
18 0.599609375 0.4803921568627451 0.046875 0.47058823529411764
18 0.552734375 0.49019607843137253 0.052734375 0.4803921568627451
18 0.6484375 0.49019607843137253 0.04296875 0.49019607843137253
18 0.75 0.49019607843137253 0.052734375 0.49019607843137253
18 0.697265625 0.5 0.052734375 0.4803921568627451
18 0.849609375 0.5098039215686274 0.060546875 0.5196078431372549
18 0.80078125 0.5196078431372549 0.046875 0.5196078431372549