18 0.21484375 0.6296296296296297 0.064453125 0.3271604938271605
18 0.16796875 0.654320987654321 0.06640625 0.3271604938271605
18 0.10546875 0.6851851851851852 0.0625 0.3333333333333333
18 0.060546875 0.7098765432098766 0.076171875 0.3333333333333333
18 0.919921875 0.32098765432098764 0.056640625 0.3333333333333333
18 0.86328125 0.3395061728395062 0.05859375 0.3333333333333333
18 0.810546875 0.37037037037037035 0.05859375 0.3333333333333333
18 0.75 0.3888888888888889 0.0546875 0.3333333333333333
18 0.69921875 0.41975308641975306 0.060546875 0.32098765432098764
18 0.646484375 0.4444444444444444 0.05859375 0.3333333333333333
18 0.5859375 0.46296296296296297 0.052734375 0.3271604938271605
18 0.537109375 0.4876543209876543 0.064453125 0.3395061728395062
18 0.482421875 0.5246913580246914 0.060546875 0.3148148148148148
18 0.42578125 0.5308641975308642 0.0546875 0.3271604938271605
18 0.37109375 0.5555555555555556 0.05859375 0.3395061728395062
18 0.32421875 0.5925925925925926 0.068359375 0.32098765432098764
18 0.263671875 0.6111111111111112 0.052734375 0.3271604938271605