18 0.0546875 0.4107142857142857 0.068359375 0.48214285714285715
18 0.11328125 0.42857142857142855 0.056640625 0.5
18 0.1640625 0.4375 0.0625 0.5
18 0.22265625 0.44642857142857145 0.064453125 0.4732142857142857
18 0.28125 0.45535714285714285 0.0625 0.49107142857142855
18 0.341796875 0.4642857142857143 0.05859375 0.5
18 0.384765625 0.49107142857142855 0.0390625 0.5267857142857143
18 0.421875 0.49107142857142855 0.041015625 0.5089285714285714
18 0.478515625 0.49107142857142855 0.076171875 0.5089285714285714
18 0.54296875 0.5178571428571429 0.06640625 0.5178571428571429
18 0.6015625 0.5267857142857143 0.068359375 0.5178571428571429
18 0.66015625 0.5446428571428571 0.0625 0.5178571428571429
18 0.71875 0.5625 0.056640625 0.5
18 0.771484375 0.5625 0.05859375 0.48214285714285715
18 0.828125 0.5714285714285714 0.0625 0.5
18 0.8828125 0.5982142857142857 0.056640625 0.5
18 0.939453125 0.6071428571428571 0.0625 0.5