18 0.087890625 0.45161290322580644 0.0546875 0.5887096774193549
18 0.15234375 0.4838709677419355 0.076171875 0.5645161290322581
18 0.216796875 0.4838709677419355 0.05859375 0.5161290322580645
18 0.318359375 0.4838709677419355 0.0546875 0.5161290322580645
18 0.267578125 0.49193548387096775 0.0546875 0.5403225806451613
18 0.484375 0.49193548387096775 0.048828125 0.49193548387096775
18 0.365234375 0.5080645161290323 0.048828125 0.5161290322580645
18 0.421875 0.5080645161290323 0.076171875 0.5161290322580645
18 0.58984375 0.5161290322580645 0.05859375 0.49193548387096775
18 0.53125 0.5161290322580645 0.0546875 0.49193548387096775
18 0.697265625 0.5403225806451613 0.0546875 0.49193548387096775
18 0.787109375 0.5403225806451613 0.048828125 0.49193548387096775
18 0.64453125 0.5483870967741935 0.0703125 0.5161290322580645
18 0.740234375 0.5483870967741935 0.0546875 0.47580645161290325
18 0.83203125 0.5645161290322581 0.048828125 0.45161290322580644
18 0.875 0.5725806451612904 0.048828125 0.47580645161290325
18 0.919921875 0.5887096774193549 0.048828125 0.49193548387096775