18 0.427734375 0.5 0.048828125 0.6136363636363636
18 0.068359375 0.5 0.05078125 0.6022727272727273
18 0.703125 0.5 0.048828125 0.6590909090909091
18 0.759765625 0.5 0.052734375 0.6590909090909091
18 0.21875 0.5113636363636364 0.044921875 0.6136363636363636
18 0.484375 0.5113636363636364 0.05078125 0.6363636363636364
18 0.537109375 0.5113636363636364 0.0546875 0.6477272727272727
18 0.591796875 0.5113636363636364 0.0546875 0.6704545454545454
18 0.6484375 0.5113636363636364 0.052734375 0.6363636363636364
18 0.8203125 0.5113636363636364 0.0546875 0.6704545454545454
18 0.322265625 0.5113636363636364 0.048828125 0.625
18 0.375 0.5113636363636364 0.03125 0.625
18 0.93359375 0.5113636363636364 0.0546875 0.6931818181818182
18 0.16796875 0.5113636363636364 0.044921875 0.6136363636363636
18 0.87890625 0.5113636363636364 0.041015625 0.6931818181818182
18 0.1171875 0.5227272727272727 0.04296875 0.6022727272727273
18 0.26953125 0.5227272727272727 0.048828125 0.6363636363636364