18 0.07421875 0.3769230769230769 0.0546875 0.5846153846153846
18 0.126953125 0.4 0.048828125 0.5769230769230769
18 0.177734375 0.4230769230769231 0.048828125 0.5769230769230769
18 0.228515625 0.4307692307692308 0.048828125 0.5461538461538461
18 0.283203125 0.46153846153846156 0.056640625 0.5846153846153846
18 0.337890625 0.47692307692307695 0.052734375 0.5846153846153846
18 0.38671875 0.47692307692307695 0.041015625 0.5615384615384615
18 0.427734375 0.5076923076923077 0.041015625 0.6076923076923076
18 0.478515625 0.5153846153846153 0.05859375 0.5923076923076923
18 0.58984375 0.5230769230769231 0.052734375 0.5923076923076923
18 0.53515625 0.5384615384615384 0.056640625 0.6153846153846154
18 0.69921875 0.5538461538461539 0.05859375 0.5769230769230769
18 0.642578125 0.5615384615384615 0.05078125 0.6230769230769231
18 0.76171875 0.5692307692307692 0.0625 0.5923076923076923
18 0.818359375 0.5769230769230769 0.046875 0.5923076923076923
18 0.8671875 0.5923076923076923 0.052734375 0.5923076923076923
18 0.92578125 0.6076923076923076 0.056640625 0.6076923076923076