18 0.078125 0.41346153846153844 0.060546875 0.5288461538461539
18 0.138671875 0.4230769230769231 0.056640625 0.5288461538461539
18 0.193359375 0.4326923076923077 0.060546875 0.49038461538461536
18 0.251953125 0.4519230769230769 0.05859375 0.47115384615384615
18 0.310546875 0.46153846153846156 0.060546875 0.5288461538461539
18 0.3671875 0.4807692307692308 0.05859375 0.5
18 0.421875 0.49038461538461536 0.052734375 0.4807692307692308
18 0.4765625 0.5096153846153846 0.056640625 0.4807692307692308
18 0.53515625 0.5192307692307693 0.0546875 0.5096153846153846
18 0.58984375 0.5192307692307693 0.0625 0.5
18 0.64453125 0.5384615384615384 0.052734375 0.49038461538461536
18 0.697265625 0.5480769230769231 0.056640625 0.4807692307692308
18 0.802734375 0.5673076923076923 0.056640625 0.46153846153846156
18 0.75 0.5673076923076923 0.052734375 0.4807692307692308
18 0.908203125 0.5865384615384616 0.05859375 0.4807692307692308
18 0.85546875 0.5961538461538461 0.056640625 0.47115384615384615
18 0.9609375 0.625 0.0546875 0.49038461538461536