18 0.076171875 0.41964285714285715 0.05078125 0.4732142857142857
18 0.1328125 0.44642857142857145 0.060546875 0.4732142857142857
18 0.19140625 0.44642857142857145 0.060546875 0.4732142857142857
18 0.25 0.44642857142857145 0.056640625 0.4732142857142857
18 0.296875 0.4732142857142857 0.056640625 0.41964285714285715
18 0.56640625 0.48214285714285715 0.056640625 0.44642857142857145
18 0.357421875 0.48214285714285715 0.060546875 0.44642857142857145
18 0.40625 0.48214285714285715 0.056640625 0.44642857142857145
18 0.458984375 0.49107142857142855 0.056640625 0.41964285714285715
18 0.51171875 0.49107142857142855 0.05078125 0.41964285714285715
18 0.62109375 0.5089285714285714 0.05078125 0.44642857142857145
18 0.677734375 0.5178571428571429 0.060546875 0.4732142857142857
18 0.732421875 0.5267857142857143 0.056640625 0.44642857142857145
18 0.78125 0.5267857142857143 0.05078125 0.44642857142857145
18 0.833984375 0.5446428571428571 0.05078125 0.41964285714285715
18 0.8828125 0.5535714285714286 0.03515625 0.44642857142857145
18 0.93359375 0.5535714285714286 0.056640625 0.44642857142857145