18 0.06640625 0.4818181818181818 0.06640625 0.5909090909090909
18 0.201171875 0.4818181818181818 0.07421875 0.5545454545454546
18 0.384765625 0.4909090909090909 0.05859375 0.5363636363636364
18 0.134765625 0.4909090909090909 0.0703125 0.5727272727272728
18 0.265625 0.4909090909090909 0.06640625 0.5727272727272728
18 0.326171875 0.4909090909090909 0.0625 0.5727272727272728
18 0.4453125 0.5 0.06640625 0.5181818181818182
18 0.552734375 0.5 0.06640625 0.5181818181818182
18 0.712890625 0.5 0.0546875 0.4818181818181818
18 0.76171875 0.509090909090909 0.0546875 0.4818181818181818
18 0.5 0.509090909090909 0.0625 0.5363636363636364
18 0.6640625 0.509090909090909 0.0546875 0.5
18 0.611328125 0.5181818181818182 0.0625 0.5181818181818182
18 0.8125 0.5181818181818182 0.05859375 0.4818181818181818
18 0.85546875 0.5272727272727272 0.041015625 0.5
18 0.953125 0.5272727272727272 0.0546875 0.4636363636363636
18 0.900390625 0.5363636363636364 0.041015625 0.4818181818181818