18 0.06640625 0.2734375 0.05859375 0.3828125
18 0.11328125 0.3125 0.046875 0.3515625
18 0.162109375 0.328125 0.046875 0.359375
18 0.212890625 0.359375 0.0625 0.359375
18 0.259765625 0.3828125 0.052734375 0.3671875
18 0.3125 0.4140625 0.044921875 0.3671875
18 0.37109375 0.421875 0.033203125 0.3671875
18 0.41796875 0.453125 0.056640625 0.359375
18 0.46484375 0.4765625 0.052734375 0.375
18 0.525390625 0.5078125 0.068359375 0.3828125
18 0.580078125 0.5234375 0.05859375 0.390625
18 0.634765625 0.5546875 0.056640625 0.390625
18 0.697265625 0.5625 0.056640625 0.375
18 0.75390625 0.5859375 0.05859375 0.3828125
18 0.810546875 0.6328125 0.056640625 0.40625
18 0.8671875 0.6640625 0.05078125 0.40625
18 0.92578125 0.6953125 0.056640625 0.40625