18 0.244140625 0.6474358974358975 0.07421875 0.358974358974359
18 0.171875 0.6730769230769231 0.060546875 0.34615384615384615
18 0.115234375 0.717948717948718 0.072265625 0.34615384615384615
18 0.05859375 0.75 0.072265625 0.3333333333333333
18 0.9453125 0.23717948717948717 0.04296875 0.32051282051282054
18 0.908203125 0.25 0.044921875 0.30128205128205127
18 0.861328125 0.27564102564102566 0.05078125 0.32051282051282054
18 0.80078125 0.32051282051282054 0.056640625 0.3333333333333333
18 0.74609375 0.3525641025641026 0.06640625 0.33974358974358976
18 0.705078125 0.3782051282051282 0.044921875 0.3141025641025641
18 0.658203125 0.40384615384615385 0.072265625 0.32051282051282054
18 0.591796875 0.4551282051282051 0.0859375 0.33974358974358976
18 0.53125 0.48717948717948717 0.060546875 0.33974358974358976
18 0.466796875 0.5128205128205128 0.068359375 0.3269230769230769
18 0.419921875 0.5448717948717948 0.041015625 0.32051282051282054
18 0.373046875 0.5769230769230769 0.076171875 0.3525641025641026
18 0.3046875 0.6153846153846154 0.068359375 0.3333333333333333