18 0.03515625 0.3090909090909091 0.052734375 0.35454545454545455
18 0.0859375 0.32727272727272727 0.046875 0.34545454545454546
18 0.189453125 0.33636363636363636 0.044921875 0.34545454545454546
18 0.138671875 0.33636363636363636 0.052734375 0.37272727272727274
18 0.25 0.37272727272727274 0.046875 0.36363636363636365
18 0.296875 0.39090909090909093 0.0546875 0.33636363636363636
18 0.353515625 0.41818181818181815 0.046875 0.38181818181818183
18 0.412109375 0.44545454545454544 0.046875 0.38181818181818183
18 0.46875 0.4818181818181818 0.05078125 0.37272727272727274
18 0.52734375 0.509090909090909 0.05078125 0.39090909090909093
18 0.583984375 0.5272727272727272 0.052734375 0.36363636363636365
18 0.642578125 0.5363636363636364 0.048828125 0.36363636363636365
18 0.701171875 0.5545454545454546 0.046875 0.38181818181818183
18 0.76171875 0.5818181818181818 0.05078125 0.36363636363636365
18 0.818359375 0.6181818181818182 0.052734375 0.38181818181818183
18 0.87890625 0.6363636363636364 0.052734375 0.4
18 0.94140625 0.6727272727272727 0.056640625 0.37272727272727274