18 0.943359375 0.4230769230769231 0.05078125 0.46153846153846156
18 0.890625 0.44871794871794873 0.05078125 0.44871794871794873
18 0.841796875 0.44871794871794873 0.048828125 0.4230769230769231
18 0.7890625 0.47435897435897434 0.05078125 0.46153846153846156
18 0.73828125 0.48717948717948717 0.048828125 0.48717948717948717
18 0.685546875 0.5 0.0546875 0.47435897435897434
18 0.482421875 0.5128205128205128 0.046875 0.44871794871794873
18 0.634765625 0.5128205128205128 0.048828125 0.47435897435897434
18 0.53515625 0.5384615384615384 0.05078125 0.4230769230769231
18 0.427734375 0.5384615384615384 0.0625 0.47435897435897434
18 0.583984375 0.5384615384615384 0.05078125 0.47435897435897434
18 0.37109375 0.5641025641025641 0.0546875 0.48717948717948717
18 0.265625 0.5769230769230769 0.060546875 0.4230769230769231
18 0.318359375 0.5897435897435898 0.0546875 0.44871794871794873
18 0.146484375 0.5897435897435898 0.0546875 0.41025641025641024
18 0.208984375 0.5897435897435898 0.05859375 0.44871794871794873
18 0.09375 0.6025641025641025 0.060546875 0.4230769230769231