18 0.046875 0.4230769230769231 0.046875 0.5769230769230769
18 0.087890625 0.4358974358974359 0.041015625 0.5641025641025641
18 0.12890625 0.44871794871794873 0.052734375 0.5641025641025641
18 0.1875 0.44871794871794873 0.07421875 0.5384615384615384
18 0.404296875 0.46153846153846156 0.056640625 0.5641025641025641
18 0.46484375 0.46153846153846156 0.056640625 0.6153846153846154
18 0.595703125 0.46153846153846156 0.091796875 0.6025641025641025
18 0.353515625 0.47435897435897434 0.048828125 0.6025641025641025
18 0.953125 0.47435897435897434 0.060546875 0.6923076923076923
18 0.51953125 0.47435897435897434 0.056640625 0.6538461538461539
18 0.671875 0.47435897435897434 0.052734375 0.6025641025641025
18 0.728515625 0.47435897435897434 0.052734375 0.6410256410256411
18 0.248046875 0.47435897435897434 0.052734375 0.5384615384615384
18 0.78125 0.47435897435897434 0.0546875 0.6538461538461539
18 0.837890625 0.48717948717948717 0.05078125 0.6794871794871795
18 0.30078125 0.48717948717948717 0.060546875 0.5897435897435898
18 0.89453125 0.5 0.056640625 0.6794871794871795