18 0.830078125 0.4818181818181818 0.05078125 0.4
18 0.880859375 0.4818181818181818 0.05859375 0.43636363636363634
18 0.787109375 0.4909090909090909 0.0625 0.41818181818181815
18 0.740234375 0.5 0.0546875 0.36363636363636365
18 0.689453125 0.509090909090909 0.05859375 0.38181818181818183
18 0.642578125 0.5272727272727272 0.05078125 0.38181818181818183
18 0.546875 0.5363636363636364 0.05859375 0.4
18 0.591796875 0.5363636363636364 0.0546875 0.4
18 0.404296875 0.5636363636363636 0.05859375 0.41818181818181815
18 0.447265625 0.5636363636363636 0.05078125 0.41818181818181815
18 0.5 0.5636363636363636 0.05859375 0.41818181818181815
18 0.3515625 0.5727272727272728 0.05859375 0.43636363636363634
18 0.3046875 0.5818181818181818 0.05078125 0.41818181818181815
18 0.255859375 0.6 0.05078125 0.41818181818181815
18 0.15625 0.6181818181818182 0.05078125 0.41818181818181815
18 0.20703125 0.6272727272727273 0.046875 0.43636363636363634
18 0.109375 0.6363636363636364 0.05859375 0.45454545454545453