18 0.5859375 0.4895833333333333 0.0625 0.46875
18 0.6328125 0.4895833333333333 0.041015625 0.46875
18 0.9296875 0.4895833333333333 0.056640625 0.4479166666666667
18 0.490234375 0.4895833333333333 0.05078125 0.4583333333333333
18 0.53515625 0.4895833333333333 0.048828125 0.4583333333333333
18 0.880859375 0.4895833333333333 0.05078125 0.4583333333333333
18 0.6875 0.5 0.0703125 0.4479166666666667
18 0.787109375 0.5 0.03515625 0.46875
18 0.34375 0.5104166666666666 0.0625 0.4375
18 0.39453125 0.5104166666666666 0.048828125 0.4791666666666667
18 0.740234375 0.5104166666666666 0.03515625 0.4791666666666667
18 0.833984375 0.5104166666666666 0.048828125 0.4791666666666667
18 0.279296875 0.5104166666666666 0.07421875 0.46875
18 0.44140625 0.5104166666666666 0.0546875 0.46875
18 0.2109375 0.5104166666666666 0.0703125 0.4895833333333333
18 0.091796875 0.5208333333333334 0.068359375 0.4791666666666667
18 0.15234375 0.53125 0.0625 0.53125