18 0.080078125 0.3372093023255814 0.0625 0.3488372093023256
18 0.140625 0.3488372093023256 0.083984375 0.3372093023255814
18 0.20703125 0.38372093023255816 0.056640625 0.37209302325581395
18 0.255859375 0.4069767441860465 0.048828125 0.36046511627906974
18 0.30859375 0.4186046511627907 0.056640625 0.3023255813953488
18 0.361328125 0.45348837209302323 0.0546875 0.32558139534883723
18 0.404296875 0.45348837209302323 0.05078125 0.36046511627906974
18 0.455078125 0.4883720930232558 0.060546875 0.3372093023255814
18 0.513671875 0.5116279069767442 0.0625 0.3488372093023256
18 0.576171875 0.5348837209302325 0.07421875 0.37209302325581395
18 0.642578125 0.5581395348837209 0.056640625 0.32558139534883723
18 0.693359375 0.5813953488372093 0.05078125 0.32558139534883723
18 0.73828125 0.6162790697674418 0.041015625 0.37209302325581395
18 0.78125 0.627906976744186 0.04296875 0.36046511627906974
18 0.828125 0.627906976744186 0.05078125 0.3488372093023256
18 0.876953125 0.6627906976744186 0.052734375 0.3372093023255814
18 0.923828125 0.6744186046511628 0.05078125 0.32558139534883723