18 0.84375 0.4811320754716981 0.044921875 0.6509433962264151
18 0.79296875 0.49056603773584906 0.048828125 0.660377358490566
18 0.896484375 0.49056603773584906 0.04296875 0.6698113207547169
18 0.73828125 0.5 0.05078125 0.6886792452830188
18 0.580078125 0.5094339622641509 0.052734375 0.6886792452830188
18 0.634765625 0.5188679245283019 0.05078125 0.6698113207547169
18 0.47265625 0.5188679245283019 0.048828125 0.6981132075471698
18 0.6875 0.5188679245283019 0.048828125 0.6792452830188679
18 0.529296875 0.5283018867924528 0.05078125 0.660377358490566
18 0.28125 0.5283018867924528 0.052734375 0.6698113207547169
18 0.37890625 0.5377358490566038 0.033203125 0.660377358490566
18 0.419921875 0.5377358490566038 0.048828125 0.6886792452830188
18 0.333984375 0.5471698113207547 0.048828125 0.6792452830188679
18 0.173828125 0.5566037735849056 0.05078125 0.6792452830188679
18 0.2265625 0.5566037735849056 0.052734375 0.6886792452830188
18 0.0703125 0.5566037735849056 0.05078125 0.6509433962264151
18 0.123046875 0.5566037735849056 0.044921875 0.6509433962264151