18 0.939453125 0.43902439024390244 0.060546875 0.6341463414634146
18 0.875 0.47560975609756095 0.068359375 0.6341463414634146
18 0.712890625 0.47560975609756095 0.056640625 0.5853658536585366
18 0.767578125 0.47560975609756095 0.056640625 0.6341463414634146
18 0.8203125 0.47560975609756095 0.0546875 0.6097560975609756
18 0.65625 0.4878048780487805 0.056640625 0.6219512195121951
18 0.6015625 0.5 0.052734375 0.6341463414634146
18 0.54296875 0.5121951219512195 0.0703125 0.6097560975609756
18 0.326171875 0.524390243902439 0.056640625 0.5853658536585366
18 0.4375 0.5365853658536586 0.05859375 0.6341463414634146
18 0.216796875 0.5365853658536586 0.05859375 0.6219512195121951
18 0.271484375 0.5365853658536586 0.060546875 0.6219512195121951
18 0.3828125 0.5365853658536586 0.05859375 0.6219512195121951
18 0.490234375 0.5487804878048781 0.05859375 0.6707317073170732
18 0.111328125 0.5487804878048781 0.052734375 0.5853658536585366
18 0.0546875 0.5487804878048781 0.064453125 0.6097560975609756
18 0.166015625 0.5609756097560976 0.0546875 0.6341463414634146