18 0.177734375 0.4787234042553192 0.05078125 0.6382978723404256
18 0.23046875 0.4787234042553192 0.052734375 0.6595744680851063
18 0.12109375 0.4787234042553192 0.046875 0.6382978723404256
18 0.27734375 0.4787234042553192 0.04296875 0.648936170212766
18 0.068359375 0.48936170212765956 0.0546875 0.648936170212766
18 0.388671875 0.48936170212765956 0.05078125 0.6595744680851063
18 0.333984375 0.5 0.052734375 0.648936170212766
18 0.44140625 0.5 0.05078125 0.6808510638297872
18 0.546875 0.5 0.052734375 0.6702127659574468
18 0.494140625 0.5 0.052734375 0.6808510638297872
18 0.708984375 0.5106382978723404 0.05078125 0.6595744680851063
18 0.654296875 0.5106382978723404 0.05078125 0.6702127659574468
18 0.8203125 0.5106382978723404 0.05078125 0.6702127659574468
18 0.875 0.5106382978723404 0.048828125 0.6595744680851063
18 0.6015625 0.5212765957446809 0.052734375 0.6808510638297872
18 0.76171875 0.5212765957446809 0.0390625 0.6595744680851063
18 0.93359375 0.5212765957446809 0.05078125 0.6808510638297872