18 0.0546875 0.47 0.048828125 0.56
18 0.111328125 0.47 0.0625 0.56
18 0.166015625 0.47 0.0625 0.55
18 0.23046875 0.49 0.056640625 0.54
18 0.2890625 0.49 0.05078125 0.53
18 0.3359375 0.5 0.041015625 0.54
18 0.375 0.5 0.037109375 0.56
18 0.42578125 0.5 0.052734375 0.56
18 0.48046875 0.5 0.05859375 0.55
18 0.71875 0.5 0.056640625 0.53
18 0.609375 0.51 0.05078125 0.5
18 0.87109375 0.51 0.052734375 0.52
18 0.662109375 0.51 0.052734375 0.51
18 0.54296875 0.52 0.068359375 0.54
18 0.8203125 0.52 0.048828125 0.53
18 0.923828125 0.52 0.0546875 0.53
18 0.767578125 0.54 0.052734375 0.56