18 0.42578125 0.4411764705882353 0.056640625 0.25735294117647056
18 0.482421875 0.47794117647058826 0.060546875 0.25735294117647056
18 0.53125 0.5147058823529411 0.046875 0.22794117647058823
18 0.58984375 0.5514705882352942 0.0703125 0.2647058823529412
18 0.646484375 0.5955882352941176 0.048828125 0.25735294117647056
18 0.6953125 0.6397058823529411 0.037109375 0.21323529411764705
18 0.74609375 0.6691176470588235 0.044921875 0.22794117647058823
18 0.79296875 0.6985294117647058 0.052734375 0.23529411764705882
18 0.83984375 0.7352941176470589 0.048828125 0.22794117647058823
18 0.88671875 0.7794117647058824 0.044921875 0.22794117647058823
18 0.93359375 0.8088235294117647 0.044921875 0.22058823529411764
18 0.068359375 0.18382352941176472 0.064453125 0.27941176470588236
18 0.142578125 0.23529411764705882 0.08203125 0.27205882352941174
18 0.20703125 0.27941176470588236 0.048828125 0.2426470588235294
18 0.263671875 0.3235294117647059 0.060546875 0.2426470588235294
18 0.32421875 0.36764705882352944 0.056640625 0.2426470588235294
18 0.375 0.4117647058823529 0.046875 0.25