18 0.375 0.44594594594594594 0.05859375 0.6351351351351351
18 0.234375 0.44594594594594594 0.072265625 0.6081081081081081
18 0.12890625 0.4594594594594595 0.05859375 0.6081081081081081
18 0.328125 0.4594594594594595 0.060546875 0.6081081081081081
18 0.076171875 0.4594594594594595 0.08203125 0.6486486486486487
18 0.484375 0.47297297297297297 0.064453125 0.6081081081081081
18 0.66015625 0.47297297297297297 0.05859375 0.6081081081081081
18 0.181640625 0.47297297297297297 0.06640625 0.6081081081081081
18 0.427734375 0.47297297297297297 0.056640625 0.6081081081081081
18 0.71875 0.47297297297297297 0.06640625 0.6351351351351351
18 0.28515625 0.4864864864864865 0.0546875 0.6216216216216216
18 0.548828125 0.4864864864864865 0.064453125 0.6216216216216216
18 0.607421875 0.4864864864864865 0.064453125 0.6216216216216216
18 0.77734375 0.4864864864864865 0.05859375 0.6216216216216216
18 0.8359375 0.4864864864864865 0.05859375 0.6351351351351351
18 0.94921875 0.4864864864864865 0.048828125 0.6216216216216216
18 0.89453125 0.5 0.0625 0.6216216216216216