18 0.080078125 0.20454545454545456 0.08203125 0.25
18 0.12890625 0.23863636363636365 0.068359375 0.21022727272727273
18 0.18359375 0.2727272727272727 0.060546875 0.21022727272727273
18 0.228515625 0.29545454545454547 0.078125 0.21022727272727273
18 0.283203125 0.3409090909090909 0.068359375 0.19886363636363635
18 0.33203125 0.38636363636363635 0.07421875 0.22727272727272727
18 0.388671875 0.4090909090909091 0.052734375 0.21022727272727273
18 0.4375 0.45454545454545453 0.060546875 0.21022727272727273
18 0.484375 0.48295454545454547 0.07421875 0.23295454545454544
18 0.541015625 0.5227272727272727 0.087890625 0.23295454545454544
18 0.591796875 0.5568181818181818 0.078125 0.23863636363636365
18 0.646484375 0.5909090909090909 0.0625 0.22727272727272727
18 0.708984375 0.6306818181818182 0.048828125 0.22727272727272727
18 0.755859375 0.6590909090909091 0.060546875 0.2159090909090909
18 0.818359375 0.7102272727272727 0.052734375 0.2159090909090909
18 0.87109375 0.7329545454545454 0.072265625 0.25
18 0.92578125 0.7727272727272727 0.068359375 0.2159090909090909