18 0.64453125 0.46875 0.05859375 0.578125
18 0.74609375 0.46875 0.05078125 0.578125
18 0.796875 0.46875 0.048828125 0.5625
18 0.578125 0.484375 0.0703125 0.5625
18 0.251953125 0.484375 0.056640625 0.5625
18 0.359375 0.484375 0.05078125 0.5625
18 0.408203125 0.484375 0.048828125 0.53125
18 0.515625 0.484375 0.0546875 0.53125
18 0.697265625 0.484375 0.05078125 0.5625
18 0.845703125 0.484375 0.046875 0.53125
18 0.9453125 0.484375 0.04296875 0.515625
18 0.05859375 0.484375 0.056640625 0.546875
18 0.1328125 0.5 0.083984375 0.53125
18 0.201171875 0.5 0.048828125 0.5625
18 0.462890625 0.5 0.0546875 0.5625
18 0.306640625 0.5 0.052734375 0.546875
18 0.89453125 0.5 0.046875 0.53125