18 0.05859375 0.36538461538461536 0.052734375 0.3269230769230769
18 0.134765625 0.3942307692307692 0.072265625 0.3557692307692308
18 0.201171875 0.41346153846153844 0.04296875 0.3269230769230769
18 0.25390625 0.4423076923076923 0.048828125 0.3269230769230769
18 0.310546875 0.4519230769230769 0.046875 0.34615384615384615
18 0.36328125 0.47115384615384615 0.046875 0.3269230769230769
18 0.419921875 0.49038461538461536 0.048828125 0.34615384615384615
18 0.474609375 0.5096153846153846 0.044921875 0.33653846153846156
18 0.529296875 0.5288461538461539 0.052734375 0.33653846153846156
18 0.58984375 0.5480769230769231 0.060546875 0.34615384615384615
18 0.65625 0.5576923076923077 0.048828125 0.34615384615384615
18 0.7109375 0.5865384615384616 0.0390625 0.3173076923076923
18 0.759765625 0.5961538461538461 0.04296875 0.3076923076923077
18 0.810546875 0.6057692307692307 0.04296875 0.3173076923076923
18 0.861328125 0.625 0.044921875 0.3173076923076923
18 0.9140625 0.6346153846153846 0.0390625 0.3269230769230769
18 0.962890625 0.6538461538461539 0.0234375 0.3076923076923077