18 0.796875 0.45161290322580644 0.0625 0.6612903225806451
18 0.416015625 0.45161290322580644 0.0625 0.6612903225806451
18 0.939453125 0.46774193548387094 0.068359375 0.6774193548387096
18 0.365234375 0.46774193548387094 0.046875 0.6129032258064516
18 0.474609375 0.46774193548387094 0.0546875 0.6451612903225806
18 0.73046875 0.46774193548387094 0.0625 0.6612903225806451
18 0.8671875 0.46774193548387094 0.0625 0.6612903225806451
18 0.5390625 0.46774193548387094 0.052734375 0.6451612903225806
18 0.599609375 0.46774193548387094 0.052734375 0.6451612903225806
18 0.662109375 0.46774193548387094 0.052734375 0.6612903225806451
18 0.31640625 0.4838709677419355 0.041015625 0.6290322580645161
18 0.21484375 0.4838709677419355 0.052734375 0.5806451612903226
18 0.26171875 0.4838709677419355 0.044921875 0.5645161290322581
18 0.166015625 0.4838709677419355 0.048828125 0.6129032258064516
18 0.03515625 0.5 0.05078125 0.5806451612903226
18 0.080078125 0.5 0.048828125 0.5967741935483871
18 0.12109375 0.5 0.044921875 0.5806451612903226