18 0.90625 0.36428571428571427 0.060546875 0.5
18 0.853515625 0.37142857142857144 0.05859375 0.5214285714285715
18 0.798828125 0.39285714285714285 0.05859375 0.4928571428571429
18 0.744140625 0.4142857142857143 0.05859375 0.4928571428571429
18 0.693359375 0.4357142857142857 0.060546875 0.5
18 0.640625 0.45714285714285713 0.0625 0.5142857142857142
18 0.583984375 0.45714285714285713 0.052734375 0.5
18 0.533203125 0.4714285714285714 0.0625 0.4928571428571429
18 0.48046875 0.4928571428571429 0.05859375 0.4928571428571429
18 0.42578125 0.5 0.05078125 0.4928571428571429
18 0.380859375 0.5214285714285715 0.052734375 0.4857142857142857
18 0.326171875 0.55 0.05859375 0.4857142857142857
18 0.275390625 0.5714285714285714 0.056640625 0.4928571428571429
18 0.2265625 0.5714285714285714 0.05078125 0.4857142857142857
18 0.17578125 0.5928571428571429 0.060546875 0.4714285714285714
18 0.119140625 0.6 0.052734375 0.4642857142857143
18 0.0703125 0.6142857142857143 0.060546875 0.4714285714285714