18 0.08203125 0.4666666666666667 0.0546875 0.6
18 0.138671875 0.475 0.0546875 0.6083333333333333
18 0.1953125 0.48333333333333334 0.0546875 0.6083333333333333
18 0.25 0.48333333333333334 0.052734375 0.6
18 0.3046875 0.5083333333333333 0.0546875 0.6333333333333333
18 0.359375 0.5083333333333333 0.052734375 0.5916666666666667
18 0.46484375 0.5166666666666667 0.0546875 0.6166666666666667
18 0.4140625 0.525 0.052734375 0.6083333333333333
18 0.517578125 0.525 0.0546875 0.6
18 0.5703125 0.525 0.056640625 0.6
18 0.619140625 0.5416666666666666 0.044921875 0.6083333333333333
18 0.67578125 0.55 0.0546875 0.6083333333333333
18 0.7265625 0.55 0.0546875 0.6083333333333333
18 0.779296875 0.5583333333333333 0.05078125 0.6083333333333333
18 0.830078125 0.5666666666666667 0.05078125 0.5833333333333334
18 0.9296875 0.575 0.05078125 0.5833333333333334
18 0.880859375 0.5833333333333334 0.048828125 0.5833333333333334