18 0.072265625 0.34146341463414637 0.05078125 0.3902439024390244
18 0.14453125 0.3780487804878049 0.07421875 0.43902439024390244
18 0.2109375 0.4024390243902439 0.041015625 0.3902439024390244
18 0.267578125 0.43902439024390244 0.048828125 0.3902439024390244
18 0.3203125 0.43902439024390244 0.04296875 0.3902439024390244
18 0.37109375 0.47560975609756095 0.044921875 0.3780487804878049
18 0.423828125 0.47560975609756095 0.03125 0.3902439024390244
18 0.478515625 0.5121951219512195 0.048828125 0.43902439024390244
18 0.53125 0.5487804878048781 0.04296875 0.3780487804878049
18 0.5859375 0.5487804878048781 0.052734375 0.45121951219512196
18 0.640625 0.5609756097560976 0.046875 0.4024390243902439
18 0.693359375 0.5975609756097561 0.046875 0.3780487804878049
18 0.74609375 0.6097560975609756 0.04296875 0.3902439024390244
18 0.80078125 0.6341463414634146 0.046875 0.36585365853658536
18 0.853515625 0.6585365853658537 0.044921875 0.3902439024390244
18 0.90625 0.6585365853658537 0.041015625 0.3780487804878049
18 0.9609375 0.6829268292682927 0.03515625 0.3902439024390244