18 0.69921875 0.33045977011494254 0.072265625 0.09770114942528736
18 0.646484375 0.3764367816091954 0.072265625 0.11206896551724138
18 0.595703125 0.42528735632183906 0.072265625 0.11494252873563218
18 0.546875 0.47988505747126436 0.076171875 0.11494252873563218
18 0.484375 0.5258620689655172 0.072265625 0.1206896551724138
18 0.439453125 0.5747126436781609 0.05859375 0.1235632183908046
18 0.369140625 0.6264367816091954 0.080078125 0.1206896551724138
18 0.310546875 0.6896551724137931 0.078125 0.11781609195402298
18 0.248046875 0.75 0.080078125 0.13218390804597702
18 0.193359375 0.7931034482758621 0.083984375 0.12643678160919541
18 0.134765625 0.8505747126436781 0.07421875 0.1206896551724138
18 0.076171875 0.9022988505747126 0.08203125 0.12643678160919541
18 0.95703125 0.09195402298850575 0.05859375 0.10919540229885058
18 0.90625 0.13793103448275862 0.06640625 0.10632183908045977
18 0.85546875 0.1896551724137931 0.06640625 0.10919540229885058
18 0.802734375 0.23275862068965517 0.072265625 0.10632183908045977
18 0.75 0.27873563218390807 0.072265625 0.11206896551724138