18 0.056640625 0.31343283582089554 0.048828125 0.3656716417910448
18 0.115234375 0.3283582089552239 0.05859375 0.3656716417910448
18 0.171875 0.3582089552238806 0.052734375 0.373134328358209
18 0.22265625 0.3805970149253731 0.056640625 0.3582089552238806
18 0.275390625 0.41044776119402987 0.052734375 0.373134328358209
18 0.326171875 0.43283582089552236 0.0390625 0.3805970149253731
18 0.3671875 0.44776119402985076 0.03515625 0.373134328358209
18 0.412109375 0.4552238805970149 0.056640625 0.3582089552238806
18 0.470703125 0.48507462686567165 0.072265625 0.3805970149253731
18 0.5390625 0.5223880597014925 0.07421875 0.39552238805970147
18 0.60546875 0.5447761194029851 0.060546875 0.373134328358209
18 0.66015625 0.5597014925373134 0.037109375 0.373134328358209
18 0.701171875 0.582089552238806 0.0390625 0.3805970149253731
18 0.75 0.582089552238806 0.0625 0.3805970149253731
18 0.814453125 0.6119402985074627 0.060546875 0.39552238805970147
18 0.876953125 0.6492537313432836 0.05859375 0.3805970149253731
18 0.93359375 0.6716417910447762 0.041015625 0.39552238805970147