18 0.068359375 0.3939393939393939 0.064453125 0.48484848484848486
18 0.17578125 0.4090909090909091 0.087890625 0.5
18 0.296875 0.4090909090909091 0.060546875 0.48484848484848486
18 0.12109375 0.42424242424242425 0.05078125 0.48484848484848486
18 0.40234375 0.4393939393939394 0.0546875 0.5454545454545454
18 0.2421875 0.4393939393939394 0.0703125 0.5
18 0.349609375 0.4393939393939394 0.060546875 0.5454545454545454
18 0.46484375 0.4393939393939394 0.083984375 0.5151515151515151
18 0.533203125 0.48484848484848486 0.056640625 0.48484848484848486
18 0.583984375 0.48484848484848486 0.052734375 0.5909090909090909
18 0.6328125 0.48484848484848486 0.05859375 0.5454545454545454
18 0.689453125 0.5151515151515151 0.056640625 0.5454545454545454
18 0.7421875 0.5151515151515151 0.0546875 0.5757575757575758
18 0.841796875 0.5303030303030303 0.0546875 0.5606060606060606
18 0.7890625 0.5454545454545454 0.05078125 0.5454545454545454
18 0.89453125 0.5606060606060606 0.05078125 0.5909090909090909
18 0.947265625 0.5606060606060606 0.056640625 0.5454545454545454