18 0.05859375 0.4230769230769231 0.052734375 0.4230769230769231
18 0.123046875 0.4358974358974359 0.07421875 0.4358974358974359
18 0.1875 0.4358974358974359 0.052734375 0.4230769230769231
18 0.240234375 0.44871794871794873 0.048828125 0.44871794871794873
18 0.29296875 0.46153846153846156 0.05078125 0.44871794871794873
18 0.341796875 0.47435897435897434 0.05078125 0.44871794871794873
18 0.396484375 0.48717948717948717 0.056640625 0.46153846153846156
18 0.44921875 0.5128205128205128 0.046875 0.46153846153846156
18 0.50390625 0.5256410256410257 0.05859375 0.44871794871794873
18 0.615234375 0.5384615384615384 0.056640625 0.3974358974358974
18 0.560546875 0.5384615384615384 0.052734375 0.41025641025641024
18 0.66796875 0.5641025641025641 0.046875 0.4230769230769231
18 0.720703125 0.5769230769230769 0.056640625 0.4358974358974359
18 0.7734375 0.5769230769230769 0.044921875 0.4230769230769231
18 0.822265625 0.5769230769230769 0.0546875 0.48717948717948717
18 0.876953125 0.5897435897435898 0.052734375 0.44871794871794873
18 0.931640625 0.6025641025641025 0.052734375 0.4230769230769231