18 0.896484375 0.4782608695652174 0.060546875 0.4673913043478261
18 0.845703125 0.5 0.0546875 0.45652173913043476
18 0.796875 0.5 0.0546875 0.45652173913043476
18 0.748046875 0.5108695652173914 0.056640625 0.4673913043478261
18 0.6953125 0.5217391304347826 0.052734375 0.4673913043478261
18 0.591796875 0.532608695652174 0.060546875 0.4891304347826087
18 0.642578125 0.532608695652174 0.05078125 0.43478260869565216
18 0.5390625 0.532608695652174 0.0546875 0.4673913043478261
18 0.486328125 0.5434782608695652 0.0546875 0.4891304347826087
18 0.37890625 0.5543478260869565 0.052734375 0.4673913043478261
18 0.326171875 0.5652173913043478 0.0546875 0.5
18 0.431640625 0.5652173913043478 0.0546875 0.4891304347826087
18 0.21484375 0.5760869565217391 0.05078125 0.45652173913043476
18 0.26953125 0.5760869565217391 0.05859375 0.4673913043478261
18 0.16015625 0.5760869565217391 0.060546875 0.4673913043478261
18 0.04296875 0.5760869565217391 0.056640625 0.4891304347826087
18 0.103515625 0.5760869565217391 0.056640625 0.4673913043478261