18 0.513671875 0.4875 0.05078125 0.5625
18 0.111328125 0.4875 0.05078125 0.5625
18 0.2265625 0.5 0.05078125 0.575
18 0.275390625 0.5 0.044921875 0.575
18 0.328125 0.5 0.05078125 0.5625
18 0.45703125 0.5 0.048828125 0.6
18 0.0546875 0.5 0.060546875 0.6
18 0.16796875 0.5 0.0625 0.5875
18 0.388671875 0.5 0.076171875 0.5875
18 0.568359375 0.5 0.05078125 0.575
18 0.623046875 0.5 0.048828125 0.575
18 0.677734375 0.525 0.048828125 0.5875
18 0.837890625 0.525 0.05078125 0.5875
18 0.728515625 0.525 0.048828125 0.575
18 0.783203125 0.525 0.052734375 0.5625
18 0.890625 0.5375 0.05078125 0.6125
18 0.947265625 0.55 0.05078125 0.6