18 0.767578125 0.47560975609756095 0.056640625 0.5853658536585366
18 0.876953125 0.47560975609756095 0.05078125 0.6219512195121951
18 0.931640625 0.47560975609756095 0.052734375 0.6097560975609756
18 0.7109375 0.4878048780487805 0.05078125 0.5853658536585366
18 0.8203125 0.4878048780487805 0.046875 0.6219512195121951
18 0.60546875 0.5 0.046875 0.5853658536585366
18 0.658203125 0.5121951219512195 0.0546875 0.5975609756097561
18 0.548828125 0.524390243902439 0.05859375 0.6219512195121951
18 0.490234375 0.524390243902439 0.0546875 0.5853658536585366
18 0.3828125 0.5365853658536586 0.03515625 0.573170731707317
18 0.4375 0.5365853658536586 0.052734375 0.6097560975609756
18 0.1796875 0.5487804878048781 0.05859375 0.573170731707317
18 0.283203125 0.5487804878048781 0.05078125 0.6097560975609756
18 0.337890625 0.5487804878048781 0.05078125 0.573170731707317
18 0.052734375 0.5487804878048781 0.052734375 0.5853658536585366
18 0.234375 0.5609756097560976 0.041015625 0.6097560975609756
18 0.11328125 0.573170731707317 0.0703125 0.5609756097560976