18 0.078125 0.336734693877551 0.0546875 0.3469387755102041
18 0.1484375 0.3673469387755102 0.0703125 0.32653061224489793
18 0.212890625 0.3979591836734694 0.041015625 0.336734693877551
18 0.263671875 0.41836734693877553 0.046875 0.3469387755102041
18 0.31640625 0.4489795918367347 0.044921875 0.35714285714285715
18 0.37109375 0.45918367346938777 0.048828125 0.336734693877551
18 0.427734375 0.4897959183673469 0.046875 0.336734693877551
18 0.4765625 0.5 0.044921875 0.35714285714285715
18 0.53125 0.5306122448979592 0.046875 0.3469387755102041
18 0.587890625 0.5612244897959183 0.048828125 0.3469387755102041
18 0.642578125 0.5714285714285714 0.048828125 0.32653061224489793
18 0.6953125 0.6020408163265306 0.041015625 0.30612244897959184
18 0.748046875 0.6224489795918368 0.041015625 0.3163265306122449
18 0.798828125 0.6326530612244898 0.048828125 0.32653061224489793
18 0.8515625 0.6530612244897959 0.044921875 0.336734693877551
18 0.8984375 0.6632653061224489 0.044921875 0.3163265306122449
18 0.953125 0.7040816326530612 0.03125 0.3163265306122449