18 0.7109375 0.3791208791208791 0.05859375 0.2857142857142857
18 0.65234375 0.41208791208791207 0.056640625 0.2802197802197802
18 0.59375 0.44505494505494503 0.064453125 0.2967032967032967
18 0.529296875 0.489010989010989 0.078125 0.2857142857142857
18 0.4609375 0.521978021978022 0.0546875 0.26373626373626374
18 0.40625 0.5659340659340659 0.060546875 0.27472527472527475
18 0.35546875 0.5879120879120879 0.05859375 0.26373626373626374
18 0.296875 0.6263736263736264 0.068359375 0.2692307692307692
18 0.236328125 0.6593406593406593 0.060546875 0.26373626373626374
18 0.185546875 0.6813186813186813 0.060546875 0.26373626373626374
18 0.125 0.7087912087912088 0.05859375 0.27472527472527475
18 0.076171875 0.7417582417582418 0.05859375 0.27472527472527475
18 0.03515625 0.7692307692307693 0.05859375 0.25274725274725274
18 0.947265625 0.24175824175824176 0.06640625 0.2967032967032967
18 0.88671875 0.2857142857142857 0.0625 0.29120879120879123
18 0.830078125 0.3131868131868132 0.0625 0.29120879120879123
18 0.775390625 0.34065934065934067 0.06640625 0.27472527472527475