18 0.927734375 0.4067796610169492 0.056640625 0.5169491525423728
18 0.86328125 0.4152542372881356 0.056640625 0.5084745762711864
18 0.810546875 0.423728813559322 0.0390625 0.5084745762711864
18 0.748046875 0.4406779661016949 0.046875 0.5
18 0.693359375 0.4406779661016949 0.03515625 0.4830508474576271
18 0.630859375 0.4661016949152542 0.048828125 0.5
18 0.578125 0.4830508474576271 0.056640625 0.5
18 0.466796875 0.5 0.052734375 0.4745762711864407
18 0.521484375 0.5 0.052734375 0.4830508474576271
18 0.412109375 0.5084745762711864 0.048828125 0.4661016949152542
18 0.359375 0.5254237288135594 0.033203125 0.4915254237288136
18 0.306640625 0.5508474576271186 0.046875 0.4576271186440678
18 0.25390625 0.559322033898305 0.04296875 0.4576271186440678
18 0.205078125 0.5677966101694916 0.04296875 0.4491525423728814
18 0.154296875 0.5847457627118644 0.044921875 0.4830508474576271
18 0.103515625 0.5932203389830508 0.05078125 0.4406779661016949
18 0.0546875 0.6101694915254238 0.048828125 0.4745762711864407