18 0.615234375 0.5844594594594594 0.056640625 0.15202702702702703
18 0.66796875 0.6283783783783784 0.05078125 0.13851351351351351
18 0.720703125 0.668918918918919 0.05078125 0.14189189189189189
18 0.767578125 0.7094594594594594 0.05078125 0.14189189189189189
18 0.822265625 0.7533783783783784 0.05078125 0.15202702702702703
18 0.876953125 0.8006756756756757 0.037109375 0.13851351351351351
18 0.931640625 0.8378378378378378 0.05078125 0.15878378378378377
18 0.078125 0.15202702702702703 0.052734375 0.15202702702702703
18 0.13671875 0.19932432432432431 0.08203125 0.15878378378378377
18 0.203125 0.25675675675675674 0.046875 0.13851351351351351
18 0.25 0.2905405405405405 0.056640625 0.14189189189189189
18 0.302734375 0.3310810810810811 0.052734375 0.15202702702702703
18 0.3515625 0.36824324324324326 0.056640625 0.15202702702702703
18 0.400390625 0.4155405405405405 0.056640625 0.14189189189189189
18 0.455078125 0.4560810810810811 0.056640625 0.15878378378378377
18 0.501953125 0.4966216216216216 0.056640625 0.15202702702702703
18 0.55859375 0.5405405405405406 0.052734375 0.16554054054054054