18 0.208984375 0.48863636363636365 0.0546875 0.5454545454545454
18 0.154296875 0.5 0.05859375 0.5340909090909091
18 0.326171875 0.5 0.05859375 0.5454545454545454
18 0.943359375 0.5 0.03515625 0.5454545454545454
18 0.853515625 0.5 0.0625 0.5340909090909091
18 0.90234375 0.5 0.037109375 0.5340909090909091
18 0.044921875 0.5 0.046875 0.5681818181818182
18 0.484375 0.5 0.0546875 0.5340909090909091
18 0.61328125 0.5 0.056640625 0.5340909090909091
18 0.669921875 0.5 0.0703125 0.5340909090909091
18 0.73046875 0.5 0.060546875 0.5681818181818182
18 0.09765625 0.5 0.0625 0.5454545454545454
18 0.42578125 0.5113636363636364 0.052734375 0.5454545454545454
18 0.26953125 0.5113636363636364 0.052734375 0.5340909090909091
18 0.544921875 0.5113636363636364 0.068359375 0.5454545454545454
18 0.791015625 0.5113636363636364 0.0625 0.5454545454545454
18 0.37890625 0.5227272727272727 0.0390625 0.5454545454545454