18 0.080078125 0.3877551020408163 0.05859375 0.5102040816326531
18 0.134765625 0.3979591836734694 0.0546875 0.4897959183673469
18 0.1875 0.40816326530612246 0.052734375 0.46938775510204084
18 0.2421875 0.41836734693877553 0.056640625 0.4897959183673469
18 0.294921875 0.42857142857142855 0.056640625 0.46938775510204084
18 0.345703125 0.45918367346938777 0.060546875 0.5
18 0.396484375 0.46938775510204084 0.056640625 0.47959183673469385
18 0.5 0.4897959183673469 0.056640625 0.46938775510204084
18 0.45703125 0.4897959183673469 0.05859375 0.47959183673469385
18 0.5546875 0.5102040816326531 0.0625 0.46938775510204084
18 0.607421875 0.5204081632653061 0.06640625 0.4897959183673469
18 0.658203125 0.5306122448979592 0.06640625 0.46938775510204084
18 0.71484375 0.5510204081632653 0.05859375 0.4897959183673469
18 0.763671875 0.5612244897959183 0.068359375 0.45918367346938777
18 0.81640625 0.5714285714285714 0.06640625 0.47959183673469385
18 0.87109375 0.6122448979591837 0.06640625 0.4897959183673469
18 0.923828125 0.6224489795918368 0.072265625 0.46938775510204084