18 0.078125 0.3148148148148148 0.056640625 0.37037037037037035
18 0.130859375 0.35185185185185186 0.05078125 0.3611111111111111
18 0.185546875 0.37962962962962965 0.05859375 0.37037037037037035
18 0.23828125 0.4074074074074074 0.046875 0.37037037037037035
18 0.291015625 0.4351851851851852 0.048828125 0.37962962962962965
18 0.3359375 0.4537037037037037 0.046875 0.37962962962962965
18 0.38671875 0.46296296296296297 0.05078125 0.3611111111111111
18 0.439453125 0.49074074074074076 0.060546875 0.37037037037037035
18 0.48828125 0.5185185185185185 0.046875 0.35185185185185186
18 0.548828125 0.5462962962962963 0.072265625 0.3611111111111111
18 0.611328125 0.5833333333333334 0.056640625 0.37037037037037035
18 0.6640625 0.6018518518518519 0.046875 0.37037037037037035
18 0.712890625 0.6296296296296297 0.05078125 0.3425925925925926
18 0.763671875 0.6481481481481481 0.048828125 0.3425925925925926
18 0.810546875 0.6759259259259259 0.03515625 0.35185185185185186
18 0.857421875 0.7037037037037037 0.056640625 0.37037037037037035
18 0.908203125 0.7222222222222222 0.046875 0.37962962962962965