18 0.103515625 0.6666666666666666 0.0390625 0.36538461538461536
18 0.05859375 0.6858974358974359 0.037109375 0.3717948717948718
18 0.931640625 0.2948717948717949 0.05859375 0.4358974358974359
18 0.8671875 0.3269230769230769 0.056640625 0.4358974358974359
18 0.80078125 0.36538461538461536 0.056640625 0.4230769230769231
18 0.740234375 0.391025641025641 0.056640625 0.4230769230769231
18 0.6796875 0.4166666666666667 0.056640625 0.4166666666666667
18 0.623046875 0.4358974358974359 0.05078125 0.4166666666666667
18 0.56640625 0.46794871794871795 0.052734375 0.4166666666666667
18 0.513671875 0.4935897435897436 0.056640625 0.4166666666666667
18 0.455078125 0.5192307692307693 0.052734375 0.4166666666666667
18 0.400390625 0.532051282051282 0.048828125 0.40384615384615385
18 0.349609375 0.5576923076923077 0.037109375 0.391025641025641
18 0.298828125 0.5769230769230769 0.048828125 0.391025641025641
18 0.25 0.6025641025641025 0.0390625 0.391025641025641
18 0.203125 0.6217948717948718 0.044921875 0.3782051282051282
18 0.15234375 0.6474358974358975 0.041015625 0.36538461538461536