18 0.384765625 0.42333333333333334 0.0625 0.14333333333333334
18 0.4296875 0.47 0.0625 0.14333333333333334
18 0.478515625 0.5033333333333333 0.064453125 0.14333333333333334
18 0.52734375 0.5533333333333333 0.0546875 0.14333333333333334
18 0.572265625 0.5766666666666667 0.07421875 0.15
18 0.61328125 0.6333333333333333 0.060546875 0.13666666666666666
18 0.6640625 0.67 0.064453125 0.15
18 0.71484375 0.7133333333333334 0.048828125 0.14333333333333334
18 0.759765625 0.7533333333333333 0.068359375 0.14666666666666667
18 0.8125 0.81 0.0546875 0.14333333333333334
18 0.853515625 0.8533333333333334 0.064453125 0.12666666666666668
18 0.091796875 0.14333333333333334 0.087890625 0.18333333333333332
18 0.138671875 0.19666666666666666 0.068359375 0.15666666666666668
18 0.19140625 0.24333333333333335 0.072265625 0.14666666666666667
18 0.2421875 0.30333333333333334 0.068359375 0.15666666666666668
18 0.29296875 0.33666666666666667 0.0625 0.15
18 0.3359375 0.38666666666666666 0.0625 0.14666666666666667