18 0.89453125 0.6265822784810127 0.052734375 0.5
18 0.939453125 0.6392405063291139 0.0546875 0.5253164556962026
18 0.07421875 0.4177215189873418 0.0625 0.5506329113924051
18 0.138671875 0.4430379746835443 0.060546875 0.5632911392405063
18 0.197265625 0.45569620253164556 0.056640625 0.5569620253164557
18 0.25390625 0.46835443037974683 0.0625 0.5569620253164557
18 0.314453125 0.4810126582278481 0.056640625 0.5443037974683544
18 0.37109375 0.4936708860759494 0.0546875 0.5379746835443038
18 0.427734375 0.5 0.05859375 0.5443037974683544
18 0.484375 0.5189873417721519 0.056640625 0.5569620253164557
18 0.537109375 0.5379746835443038 0.0546875 0.5379746835443038
18 0.591796875 0.5379746835443038 0.056640625 0.5506329113924051
18 0.642578125 0.5506329113924051 0.046875 0.5253164556962026
18 0.697265625 0.5632911392405063 0.052734375 0.5253164556962026
18 0.74609375 0.5886075949367089 0.052734375 0.5063291139240507
18 0.796875 0.6012658227848101 0.05078125 0.5189873417721519
18 0.84765625 0.6139240506329114 0.0546875 0.5