18 0.755859375 0.4583333333333333 0.05078125 0.59375
18 0.916015625 0.4583333333333333 0.052734375 0.59375
18 0.80859375 0.46875 0.052734375 0.6354166666666666
18 0.859375 0.46875 0.041015625 0.5833333333333334
18 0.65234375 0.4791666666666667 0.052734375 0.6041666666666666
18 0.705078125 0.4791666666666667 0.05078125 0.5833333333333334
18 0.599609375 0.4895833333333333 0.052734375 0.59375
18 0.443359375 0.5 0.052734375 0.5833333333333334
18 0.49609375 0.5 0.0546875 0.5833333333333334
18 0.546875 0.5 0.052734375 0.5833333333333334
18 0.390625 0.5104166666666666 0.060546875 0.5833333333333334
18 0.287109375 0.5104166666666666 0.052734375 0.5625
18 0.33984375 0.5104166666666666 0.0546875 0.59375
18 0.181640625 0.5208333333333334 0.0546875 0.5833333333333334
18 0.232421875 0.53125 0.052734375 0.5625
18 0.12890625 0.5416666666666666 0.0546875 0.59375
18 0.076171875 0.5520833333333334 0.056640625 0.59375