18 0.0625 0.35294117647058826 0.0625 0.45588235294117646
18 0.13671875 0.38235294117647056 0.0703125 0.4411764705882353
18 0.201171875 0.4117647058823529 0.041015625 0.4264705882352941
18 0.2578125 0.4264705882352941 0.046875 0.4411764705882353
18 0.30859375 0.4264705882352941 0.033203125 0.4264705882352941
18 0.357421875 0.45588235294117646 0.041015625 0.4411764705882353
18 0.4140625 0.47058823529411764 0.029296875 0.4411764705882353
18 0.462890625 0.4852941176470588 0.041015625 0.45588235294117646
18 0.517578125 0.4852941176470588 0.037109375 0.47058823529411764
18 0.568359375 0.5 0.046875 0.45588235294117646
18 0.625 0.5294117647058824 0.044921875 0.45588235294117646
18 0.677734375 0.5441176470588235 0.044921875 0.45588235294117646
18 0.728515625 0.5588235294117647 0.041015625 0.4411764705882353
18 0.783203125 0.5588235294117647 0.044921875 0.4264705882352941
18 0.884765625 0.5882352941176471 0.044921875 0.4411764705882353
18 0.833984375 0.5882352941176471 0.041015625 0.47058823529411764
18 0.939453125 0.5882352941176471 0.03125 0.4411764705882353