18 0.50390625 0.46153846153846156 0.056640625 0.5769230769230769
18 0.658203125 0.46153846153846156 0.056640625 0.5769230769230769
18 0.865234375 0.46153846153846156 0.056640625 0.6057692307692307
18 0.91796875 0.46153846153846156 0.05078125 0.6057692307692307
18 0.451171875 0.47115384615384615 0.0546875 0.5961538461538461
18 0.5546875 0.47115384615384615 0.0625 0.625
18 0.603515625 0.47115384615384615 0.046875 0.5673076923076923
18 0.7578125 0.47115384615384615 0.0546875 0.5961538461538461
18 0.814453125 0.47115384615384615 0.0546875 0.5961538461538461
18 0.296875 0.4807692307692308 0.05078125 0.5769230769230769
18 0.345703125 0.4807692307692308 0.056640625 0.6057692307692307
18 0.40234375 0.4807692307692308 0.0546875 0.5961538461538461
18 0.708984375 0.4807692307692308 0.0546875 0.5961538461538461
18 0.083984375 0.49038461538461536 0.064453125 0.5769230769230769
18 0.193359375 0.49038461538461536 0.056640625 0.5769230769230769
18 0.2421875 0.49038461538461536 0.060546875 0.5769230769230769
18 0.13671875 0.5 0.056640625 0.5673076923076923