18 0.087890625 0.30833333333333335 0.0625 0.44166666666666665
18 0.14453125 0.3333333333333333 0.056640625 0.425
18 0.19921875 0.36666666666666664 0.05859375 0.475
18 0.244140625 0.39166666666666666 0.060546875 0.475
18 0.29296875 0.4083333333333333 0.060546875 0.45
18 0.34765625 0.43333333333333335 0.05859375 0.44166666666666665
18 0.3984375 0.4583333333333333 0.04296875 0.44166666666666665
18 0.451171875 0.475 0.060546875 0.45
18 0.501953125 0.49166666666666664 0.0625 0.4583333333333333
18 0.556640625 0.5083333333333333 0.0625 0.475
18 0.611328125 0.5333333333333333 0.05859375 0.4583333333333333
18 0.6640625 0.5666666666666667 0.060546875 0.43333333333333335
18 0.716796875 0.5833333333333334 0.044921875 0.4666666666666667
18 0.76953125 0.6 0.060546875 0.43333333333333335
18 0.82421875 0.625 0.05859375 0.44166666666666665
18 0.876953125 0.6416666666666667 0.0625 0.44166666666666665
18 0.93359375 0.6666666666666666 0.056640625 0.44166666666666665