18 0.931640625 0.2621951219512195 0.041015625 0.3353658536585366
18 0.875 0.2926829268292683 0.052734375 0.3353658536585366
18 0.81640625 0.3170731707317073 0.052734375 0.3170731707317073
18 0.763671875 0.35365853658536583 0.041015625 0.3170731707317073
18 0.70703125 0.3780487804878049 0.05078125 0.32926829268292684
18 0.654296875 0.39634146341463417 0.03515625 0.3048780487804878
18 0.595703125 0.4451219512195122 0.0625 0.32926829268292684
18 0.54296875 0.4634146341463415 0.06640625 0.3353658536585366
18 0.486328125 0.5 0.056640625 0.32926829268292684
18 0.431640625 0.5304878048780488 0.05859375 0.32926829268292684
18 0.37890625 0.5609756097560976 0.033203125 0.3170731707317073
18 0.32421875 0.5853658536585366 0.052734375 0.3353658536585366
18 0.271484375 0.6158536585365854 0.05078125 0.3353658536585366
18 0.21484375 0.6341463414634146 0.056640625 0.31097560975609756
18 0.162109375 0.6646341463414634 0.05078125 0.3048780487804878
18 0.109375 0.7073170731707317 0.048828125 0.3353658536585366
18 0.0546875 0.7195121951219512 0.052734375 0.3353658536585366