18 0.078125 0.4146341463414634 0.0625 0.45121951219512196
18 0.146484375 0.43902439024390244 0.08984375 0.43902439024390244
18 0.21484375 0.45121951219512196 0.05859375 0.4024390243902439
18 0.26171875 0.4634146341463415 0.0390625 0.4268292682926829
18 0.314453125 0.47560975609756095 0.060546875 0.4146341463414634
18 0.369140625 0.5 0.048828125 0.4268292682926829
18 0.4140625 0.5 0.033203125 0.4268292682926829
18 0.470703125 0.5121951219512195 0.060546875 0.45121951219512196
18 0.53125 0.5365853658536586 0.05859375 0.43902439024390244
18 0.64453125 0.5365853658536586 0.048828125 0.43902439024390244
18 0.591796875 0.5487804878048781 0.05859375 0.4878048780487805
18 0.69140625 0.5487804878048781 0.046875 0.4146341463414634
18 0.740234375 0.573170731707317 0.048828125 0.4024390243902439
18 0.8359375 0.5853658536585366 0.037109375 0.43902439024390244
18 0.787109375 0.5975609756097561 0.052734375 0.43902439024390244
18 0.880859375 0.6097560975609756 0.0546875 0.4268292682926829
18 0.93359375 0.6219512195121951 0.05859375 0.43902439024390244