18 0.931640625 0.43137254901960786 0.060546875 0.6862745098039216
18 0.828125 0.43137254901960786 0.056640625 0.6568627450980392
18 0.671875 0.4411764705882353 0.072265625 0.6568627450980392
18 0.87890625 0.4411764705882353 0.05859375 0.6568627450980392
18 0.615234375 0.4411764705882353 0.060546875 0.6764705882352942
18 0.720703125 0.4411764705882353 0.05859375 0.6568627450980392
18 0.775390625 0.4411764705882353 0.060546875 0.6862745098039216
18 0.45703125 0.47058823529411764 0.0625 0.6666666666666666
18 0.51171875 0.47058823529411764 0.05859375 0.6666666666666666
18 0.5625 0.47058823529411764 0.064453125 0.6568627450980392
18 0.296875 0.4803921568627451 0.05859375 0.6372549019607843
18 0.404296875 0.49019607843137253 0.0625 0.6568627450980392
18 0.3515625 0.49019607843137253 0.068359375 0.6568627450980392
18 0.244140625 0.5 0.068359375 0.6470588235294118
18 0.18359375 0.5196078431372549 0.068359375 0.6372549019607843
18 0.072265625 0.5294117647058824 0.07421875 0.6568627450980392
18 0.1328125 0.5294117647058824 0.06640625 0.6666666666666666