18 0.97265625 0.40476190476190477 0.048828125 0.44047619047619047
18 0.8515625 0.40476190476190477 0.060546875 0.4523809523809524
18 0.9140625 0.40476190476190477 0.06640625 0.4523809523809524
18 0.791015625 0.4166666666666667 0.05859375 0.4166666666666667
18 0.677734375 0.4523809523809524 0.0546875 0.40476190476190477
18 0.734375 0.4523809523809524 0.05859375 0.42857142857142855
18 0.62109375 0.4880952380952381 0.056640625 0.44047619047619047
18 0.556640625 0.5 0.06640625 0.40476190476190477
18 0.494140625 0.5238095238095238 0.05078125 0.40476190476190477
18 0.439453125 0.5476190476190477 0.048828125 0.4166666666666667
18 0.37890625 0.5714285714285714 0.05859375 0.40476190476190477
18 0.328125 0.5952380952380952 0.046875 0.40476190476190477
18 0.275390625 0.6071428571428571 0.056640625 0.36904761904761907
18 0.21875 0.6309523809523809 0.052734375 0.39285714285714285
18 0.16796875 0.6428571428571429 0.046875 0.39285714285714285
18 0.107421875 0.6547619047619048 0.0703125 0.39285714285714285
18 0.048828125 0.6904761904761905 0.052734375 0.38095238095238093