18 0.91015625 0.4787234042553192 0.052734375 0.4574468085106383
18 0.109375 0.4787234042553192 0.0625 0.5319148936170213
18 0.060546875 0.48936170212765956 0.052734375 0.5212765957446809
18 0.701171875 0.48936170212765956 0.052734375 0.5
18 0.80859375 0.48936170212765956 0.0546875 0.5212765957446809
18 0.8515625 0.48936170212765956 0.052734375 0.5212765957446809
18 0.228515625 0.48936170212765956 0.0625 0.5212765957446809
18 0.28515625 0.5 0.056640625 0.5531914893617021
18 0.419921875 0.5 0.056640625 0.5212765957446809
18 0.59765625 0.5 0.05859375 0.5
18 0.75390625 0.5 0.052734375 0.4787234042553192
18 0.169921875 0.5 0.0625 0.5531914893617021
18 0.537109375 0.5106382978723404 0.076171875 0.5106382978723404
18 0.654296875 0.5106382978723404 0.05859375 0.5106382978723404
18 0.333984375 0.5106382978723404 0.04296875 0.5212765957446809
18 0.373046875 0.5106382978723404 0.04296875 0.5212765957446809
18 0.47265625 0.5106382978723404 0.056640625 0.5212765957446809