18 0.841796875 0.6829268292682927 0.046875 0.4146341463414634
18 0.89453125 0.6951219512195121 0.041015625 0.3902439024390244
18 0.94921875 0.7317073170731707 0.044921875 0.3780487804878049
18 0.06640625 0.3170731707317073 0.046875 0.3902439024390244
18 0.13671875 0.34146341463414637 0.068359375 0.3902439024390244
18 0.19921875 0.3780487804878049 0.0390625 0.35365853658536583
18 0.255859375 0.4024390243902439 0.05078125 0.4024390243902439
18 0.3125 0.4268292682926829 0.05078125 0.4268292682926829
18 0.365234375 0.45121951219512196 0.041015625 0.36585365853658536
18 0.416015625 0.47560975609756095 0.048828125 0.3902439024390244
18 0.47265625 0.5 0.05078125 0.4268292682926829
18 0.529296875 0.524390243902439 0.0390625 0.3902439024390244
18 0.58203125 0.5487804878048781 0.048828125 0.4268292682926829
18 0.634765625 0.5853658536585366 0.048828125 0.4146341463414634
18 0.6875 0.5975609756097561 0.041015625 0.4024390243902439
18 0.73828125 0.6219512195121951 0.04296875 0.3902439024390244
18 0.791015625 0.6463414634146342 0.041015625 0.3902439024390244