18 0.283203125 0.46 0.046875 0.63
18 0.181640625 0.46 0.052734375 0.63
18 0.390625 0.46 0.056640625 0.64
18 0.234375 0.47 0.05859375 0.63
18 0.4453125 0.47 0.060546875 0.63
18 0.548828125 0.47 0.0625 0.69
18 0.126953125 0.47 0.052734375 0.63
18 0.337890625 0.47 0.0546875 0.62
18 0.49609375 0.47 0.0546875 0.64
18 0.076171875 0.47 0.05859375 0.62
18 0.6015625 0.48 0.0546875 0.65
18 0.65234375 0.48 0.0546875 0.63
18 0.705078125 0.49 0.0546875 0.65
18 0.751953125 0.49 0.052734375 0.63
18 0.810546875 0.49 0.056640625 0.63
18 0.86328125 0.5 0.052734375 0.63
18 0.91796875 0.5 0.0546875 0.66