18 0.93359375 0.4666666666666667 0.0546875 0.6777777777777778
18 0.869140625 0.4666666666666667 0.0546875 0.6666666666666666
18 0.572265625 0.4777777777777778 0.0546875 0.6222222222222222
18 0.748046875 0.4777777777777778 0.05078125 0.6555555555555556
18 0.80859375 0.4777777777777778 0.05078125 0.6555555555555556
18 0.6875 0.4777777777777778 0.05078125 0.6444444444444445
18 0.205078125 0.4888888888888889 0.048828125 0.5888888888888889
18 0.359375 0.4888888888888889 0.02734375 0.5888888888888889
18 0.408203125 0.4888888888888889 0.05078125 0.6
18 0.62890625 0.4888888888888889 0.046875 0.6444444444444445
18 0.306640625 0.4888888888888889 0.046875 0.5777777777777777
18 0.517578125 0.4888888888888889 0.052734375 0.6111111111111112
18 0.462890625 0.5 0.048828125 0.6222222222222222
18 0.107421875 0.5 0.041015625 0.5888888888888889
18 0.25390625 0.5 0.044921875 0.5888888888888889
18 0.056640625 0.5 0.048828125 0.5777777777777777
18 0.15625 0.5 0.041015625 0.5777777777777777