18 0.275390625 0.348 0.0625 0.164
18 0.328125 0.384 0.064453125 0.16
18 0.38671875 0.432 0.05859375 0.148
18 0.4375 0.468 0.0625 0.16
18 0.4921875 0.512 0.0703125 0.16
18 0.5546875 0.564 0.083984375 0.176
18 0.62109375 0.612 0.060546875 0.156
18 0.673828125 0.656 0.056640625 0.144
18 0.7265625 0.696 0.05859375 0.152
18 0.779296875 0.736 0.05859375 0.148
18 0.8359375 0.772 0.0625 0.148
18 0.88671875 0.82 0.064453125 0.152
18 0.94140625 0.86 0.05859375 0.148
18 0.046875 0.168 0.0625 0.16
18 0.1171875 0.216 0.072265625 0.176
18 0.173828125 0.268 0.05078125 0.152
18 0.2265625 0.308 0.05859375 0.164