18 0.66015625 0.6133333333333333 0.052734375 0.28
18 0.716796875 0.64 0.05078125 0.3
18 0.767578125 0.66 0.041015625 0.3333333333333333
18 0.826171875 0.7 0.0546875 0.3
18 0.880859375 0.7333333333333333 0.0546875 0.2866666666666667
18 0.9375 0.7533333333333333 0.05859375 0.3
18 0.068359375 0.29333333333333333 0.060546875 0.32666666666666666
18 0.119140625 0.32666666666666666 0.052734375 0.3
18 0.17578125 0.36 0.052734375 0.29333333333333333
18 0.228515625 0.38 0.052734375 0.31333333333333335
18 0.28125 0.4066666666666667 0.052734375 0.3
18 0.3359375 0.43333333333333335 0.0546875 0.31333333333333335
18 0.384765625 0.4533333333333333 0.044921875 0.30666666666666664
18 0.439453125 0.49333333333333335 0.044921875 0.3
18 0.49609375 0.52 0.0546875 0.2866666666666667
18 0.55078125 0.5466666666666666 0.0546875 0.32
18 0.60546875 0.58 0.0546875 0.29333333333333333