18 0.43359375 0.4452054794520548 0.0546875 0.2465753424657534
18 0.490234375 0.4794520547945205 0.06640625 0.273972602739726
18 0.556640625 0.5205479452054794 0.078125 0.2876712328767123
18 0.6171875 0.5821917808219178 0.052734375 0.2671232876712329
18 0.6640625 0.5958904109589042 0.0546875 0.2465753424657534
18 0.71875 0.636986301369863 0.060546875 0.2808219178082192
18 0.771484375 0.6712328767123288 0.056640625 0.2602739726027397
18 0.8203125 0.726027397260274 0.056640625 0.2671232876712329
18 0.876953125 0.7465753424657534 0.060546875 0.2465753424657534
18 0.943359375 0.7945205479452054 0.0703125 0.2534246575342466
18 0.0625 0.18493150684931506 0.0703125 0.2945205479452055
18 0.125 0.22602739726027396 0.08984375 0.2671232876712329
18 0.189453125 0.273972602739726 0.060546875 0.273972602739726
18 0.24609375 0.3150684931506849 0.0703125 0.273972602739726
18 0.296875 0.3561643835616438 0.048828125 0.2602739726027397
18 0.34375 0.3972602739726027 0.056640625 0.2945205479452055
18 0.384765625 0.410958904109589 0.056640625 0.2602739726027397