18 0.453125 0.4861111111111111 0.05859375 0.4861111111111111
18 0.513671875 0.4861111111111111 0.05859375 0.5138888888888888
18 0.642578125 0.4861111111111111 0.060546875 0.5416666666666666
18 0.693359375 0.5 0.046875 0.5277777777777778
18 0.740234375 0.5 0.048828125 0.5
18 0.7890625 0.5 0.048828125 0.5
18 0.833984375 0.5 0.046875 0.4861111111111111
18 0.876953125 0.5 0.037109375 0.5277777777777778
18 0.25390625 0.5 0.048828125 0.4722222222222222
18 0.306640625 0.5 0.056640625 0.4861111111111111
18 0.35546875 0.5 0.05078125 0.4722222222222222
18 0.400390625 0.5 0.037109375 0.4722222222222222
18 0.580078125 0.5 0.072265625 0.5138888888888888
18 0.130859375 0.5138888888888888 0.083984375 0.4722222222222222
18 0.19921875 0.5138888888888888 0.05859375 0.5138888888888888
18 0.9296875 0.5138888888888888 0.052734375 0.5416666666666666
18 0.068359375 0.5277777777777778 0.05859375 0.4583333333333333