18 0.064453125 0.33783783783783783 0.05859375 0.4391891891891892
18 0.115234375 0.35135135135135137 0.052734375 0.41216216216216217
18 0.173828125 0.36486486486486486 0.068359375 0.43243243243243246
18 0.234375 0.3918918918918919 0.060546875 0.41216216216216217
18 0.2890625 0.41216216216216217 0.064453125 0.40540540540540543
18 0.34375 0.46621621621621623 0.064453125 0.43243243243243246
18 0.404296875 0.47297297297297297 0.064453125 0.4189189189189189
18 0.453125 0.49324324324324326 0.04296875 0.40540540540540543
18 0.505859375 0.5135135135135135 0.052734375 0.38513513513513514
18 0.5625 0.527027027027027 0.064453125 0.40540540540540543
18 0.619140625 0.5743243243243243 0.0546875 0.3783783783783784
18 0.673828125 0.5878378378378378 0.05859375 0.41216216216216217
18 0.72265625 0.6081081081081081 0.060546875 0.40540540540540543
18 0.7734375 0.6351351351351351 0.0546875 0.40540540540540543
18 0.82421875 0.6621621621621622 0.0546875 0.41216216216216217
18 0.876953125 0.6756756756756757 0.05859375 0.41216216216216217
18 0.93359375 0.7094594594594594 0.05859375 0.4189189189189189