18 0.697265625 0.5875 0.056640625 0.2875
18 0.75 0.625 0.05859375 0.30625
18 0.802734375 0.65625 0.052734375 0.3375
18 0.86328125 0.6875 0.068359375 0.3375
18 0.923828125 0.70625 0.060546875 0.31875
18 0.09375 0.2875 0.048828125 0.30625
18 0.140625 0.31875 0.041015625 0.29375
18 0.1875 0.3375 0.0546875 0.2875
18 0.236328125 0.35625 0.056640625 0.275
18 0.283203125 0.3875 0.0546875 0.2875
18 0.333984375 0.4125 0.048828125 0.2875
18 0.3828125 0.4375 0.05859375 0.2875
18 0.427734375 0.4625 0.05078125 0.29375
18 0.478515625 0.5 0.056640625 0.30625
18 0.53125 0.53125 0.06640625 0.33125
18 0.583984375 0.55 0.0546875 0.3125
18 0.638671875 0.575 0.05859375 0.3