18 0.072265625 0.41379310344827586 0.083984375 0.41379310344827586
18 0.134765625 0.43103448275862066 0.072265625 0.43103448275862066
18 0.1875 0.4482758620689655 0.056640625 0.4482758620689655
18 0.23046875 0.4482758620689655 0.06640625 0.4482758620689655
18 0.287109375 0.4482758620689655 0.0546875 0.39655172413793105
18 0.337890625 0.46551724137931033 0.0546875 0.43103448275862066
18 0.388671875 0.4827586206896552 0.056640625 0.4482758620689655
18 0.4375 0.4827586206896552 0.064453125 0.41379310344827586
18 0.49609375 0.5 0.056640625 0.43103448275862066
18 0.55859375 0.5172413793103449 0.078125 0.4482758620689655
18 0.626953125 0.5172413793103449 0.06640625 0.4827586206896552
18 0.677734375 0.5344827586206896 0.056640625 0.4482758620689655
18 0.728515625 0.5517241379310345 0.0546875 0.4482758620689655
18 0.779296875 0.5517241379310345 0.052734375 0.43103448275862066
18 0.83203125 0.5862068965517241 0.0546875 0.43103448275862066
18 0.88671875 0.5862068965517241 0.0546875 0.41379310344827586
18 0.9375 0.5862068965517241 0.056640625 0.4482758620689655