18 0.92578125 0.39166666666666666 0.056640625 0.575
18 0.87109375 0.4083333333333333 0.05078125 0.6
18 0.76171875 0.44166666666666665 0.052734375 0.575
18 0.81640625 0.44166666666666665 0.048828125 0.575
18 0.708984375 0.44166666666666665 0.052734375 0.5666666666666667
18 0.65234375 0.4583333333333333 0.052734375 0.5916666666666667
18 0.59765625 0.4666666666666667 0.052734375 0.5916666666666667
18 0.546875 0.475 0.0546875 0.5666666666666667
18 0.4921875 0.49166666666666664 0.0546875 0.575
18 0.443359375 0.49166666666666664 0.05859375 0.5666666666666667
18 0.38671875 0.5 0.05859375 0.5666666666666667
18 0.333984375 0.5166666666666667 0.05859375 0.5666666666666667
18 0.28125 0.525 0.056640625 0.5666666666666667
18 0.228515625 0.5333333333333333 0.0625 0.5666666666666667
18 0.173828125 0.5416666666666666 0.0625 0.575
18 0.123046875 0.55 0.05859375 0.575
18 0.0703125 0.5583333333333333 0.06640625 0.5666666666666667