18 0.91796875 0.4666666666666667 0.05859375 0.6888888888888889
18 0.7421875 0.4888888888888889 0.048828125 0.6888888888888889
18 0.796875 0.4888888888888889 0.046875 0.6666666666666666
18 0.857421875 0.4888888888888889 0.041015625 0.6888888888888889
18 0.408203125 0.4888888888888889 0.05078125 0.6333333333333333
18 0.681640625 0.5 0.033203125 0.6333333333333333
18 0.626953125 0.5 0.044921875 0.6444444444444445
18 0.4609375 0.5 0.046875 0.6555555555555556
18 0.255859375 0.5111111111111111 0.046875 0.5888888888888889
18 0.357421875 0.5111111111111111 0.0390625 0.6111111111111112
18 0.517578125 0.5111111111111111 0.05078125 0.6444444444444445
18 0.57421875 0.5111111111111111 0.046875 0.6444444444444445
18 0.15625 0.5111111111111111 0.041015625 0.5777777777777777
18 0.306640625 0.5111111111111111 0.044921875 0.6333333333333333
18 0.10546875 0.5111111111111111 0.0390625 0.5777777777777777
18 0.205078125 0.5222222222222223 0.046875 0.6111111111111112
18 0.05859375 0.5222222222222223 0.046875 0.5888888888888889