18 0.20703125 0.40540540540540543 0.052734375 0.527027027027027
18 0.04296875 0.4189189189189189 0.06640625 0.6351351351351351
18 0.095703125 0.4189189189189189 0.05078125 0.527027027027027
18 0.150390625 0.4189189189189189 0.0546875 0.5675675675675675
18 0.26171875 0.43243243243243246 0.060546875 0.581081081081081
18 0.3203125 0.44594594594594594 0.056640625 0.581081081081081
18 0.42578125 0.4594594594594595 0.0390625 0.5
18 0.46875 0.4594594594594595 0.0390625 0.5540540540540541
18 0.51171875 0.47297297297297297 0.056640625 0.5540540540540541
18 0.37890625 0.47297297297297297 0.05859375 0.5675675675675675
18 0.5703125 0.4864864864864865 0.06640625 0.5540540540540541
18 0.625 0.5 0.060546875 0.527027027027027
18 0.67578125 0.5405405405405406 0.048828125 0.5675675675675675
18 0.73828125 0.5405405405405406 0.068359375 0.5675675675675675
18 0.796875 0.5540540540540541 0.056640625 0.5135135135135135
18 0.853515625 0.5675675675675675 0.0625 0.5405405405405406
18 0.912109375 0.5675675675675675 0.064453125 0.5675675675675675