18 0.5859375 0.43354430379746833 0.115234375 0.16772151898734178
18 0.52734375 0.47151898734177217 0.087890625 0.15822784810126583
18 0.466796875 0.5126582278481012 0.095703125 0.17088607594936708
18 0.42578125 0.5537974683544303 0.08203125 0.16455696202531644
18 0.376953125 0.5949367088607594 0.11328125 0.15822784810126583
18 0.30859375 0.6455696202531646 0.107421875 0.15822784810126583
18 0.248046875 0.7025316455696202 0.12109375 0.17088607594936708
18 0.181640625 0.75 0.111328125 0.1962025316455696
18 0.115234375 0.7943037974683544 0.130859375 0.17088607594936708
18 0.0703125 0.8512658227848101 0.115234375 0.14873417721518986
18 0.912109375 0.15822784810126583 0.087890625 0.1360759493670886
18 0.861328125 0.1962025316455696 0.10546875 0.15822784810126583
18 0.8203125 0.23417721518987342 0.080078125 0.16455696202531644
18 0.77734375 0.25949367088607594 0.095703125 0.1360759493670886
18 0.736328125 0.30063291139240506 0.095703125 0.1550632911392405
18 0.6875 0.34177215189873417 0.087890625 0.1518987341772152
18 0.654296875 0.38924050632911394 0.115234375 0.18037974683544303