18 0.08984375 0.23684210526315788 0.0625 0.2631578947368421
18 0.150390625 0.2807017543859649 0.08203125 0.2982456140350877
18 0.21875 0.3157894736842105 0.05859375 0.2894736842105263
18 0.26953125 0.35964912280701755 0.052734375 0.2631578947368421
18 0.31640625 0.38596491228070173 0.05078125 0.2543859649122807
18 0.365234375 0.4298245614035088 0.05078125 0.2543859649122807
18 0.408203125 0.4473684210526316 0.041015625 0.23684210526315788
18 0.45703125 0.47368421052631576 0.05078125 0.24561403508771928
18 0.51171875 0.5 0.06640625 0.2631578947368421
18 0.5703125 0.5350877192982456 0.0546875 0.2807017543859649
18 0.626953125 0.5789473684210527 0.064453125 0.24561403508771928
18 0.68359375 0.6140350877192983 0.05078125 0.24561403508771928
18 0.73046875 0.6578947368421053 0.05078125 0.23684210526315788
18 0.783203125 0.6842105263157895 0.05078125 0.23684210526315788
18 0.833984375 0.7105263157894737 0.056640625 0.2543859649122807
18 0.88671875 0.7456140350877193 0.052734375 0.2543859649122807
18 0.94140625 0.7982456140350878 0.056640625 0.2631578947368421