18 0.755859375 0.5 0.05859375 0.65625
18 0.81640625 0.5 0.0625 0.65625
18 0.94921875 0.5208333333333334 0.06640625 0.6979166666666666
18 0.8828125 0.5208333333333334 0.0625 0.6875
18 0.05078125 0.4166666666666667 0.052734375 0.5520833333333334
18 0.1015625 0.4270833333333333 0.046875 0.5208333333333334
18 0.19921875 0.4375 0.05859375 0.5520833333333334
18 0.25390625 0.4375 0.05078125 0.5625
18 0.36328125 0.4375 0.044921875 0.5416666666666666
18 0.146484375 0.4375 0.041015625 0.5416666666666666
18 0.306640625 0.4479166666666667 0.072265625 0.5520833333333334
18 0.408203125 0.4583333333333333 0.04296875 0.5833333333333334
18 0.462890625 0.46875 0.0625 0.5729166666666666
18 0.521484375 0.4791666666666667 0.052734375 0.59375
18 0.578125 0.4791666666666667 0.056640625 0.59375
18 0.6953125 0.4791666666666667 0.060546875 0.6145833333333334
18 0.634765625 0.4895833333333333 0.0546875 0.6145833333333334