18 0.078125 0.3148148148148148 0.052734375 0.3425925925925926
18 0.14453125 0.3425925925925926 0.083984375 0.37037037037037035
18 0.2109375 0.37037037037037035 0.052734375 0.3611111111111111
18 0.267578125 0.39814814814814814 0.0625 0.37962962962962965
18 0.322265625 0.42592592592592593 0.041015625 0.3425925925925926
18 0.365234375 0.4537037037037037 0.04296875 0.35185185185185186
18 0.41015625 0.48148148148148145 0.04296875 0.37962962962962965
18 0.458984375 0.49074074074074076 0.05078125 0.3425925925925926
18 0.513671875 0.49074074074074076 0.060546875 0.39814814814814814
18 0.580078125 0.5370370370370371 0.072265625 0.4074074074074074
18 0.638671875 0.5648148148148148 0.048828125 0.3425925925925926
18 0.69140625 0.5925925925925926 0.0546875 0.3425925925925926
18 0.73828125 0.6203703703703703 0.0390625 0.3425925925925926
18 0.787109375 0.6388888888888888 0.052734375 0.35185185185185186
18 0.841796875 0.6574074074074074 0.048828125 0.35185185185185186
18 0.89453125 0.6759259259259259 0.044921875 0.3425925925925926
18 0.943359375 0.7037037037037037 0.048828125 0.35185185185185186