18 0.099609375 0.3387096774193548 0.0546875 0.4112903225806452
18 0.140625 0.3548387096774194 0.05078125 0.4112903225806452
18 0.19140625 0.3790322580645161 0.05078125 0.4032258064516129
18 0.240234375 0.4032258064516129 0.056640625 0.45161290322580644
18 0.2890625 0.4112903225806452 0.05859375 0.4274193548387097
18 0.337890625 0.43548387096774194 0.05078125 0.4112903225806452
18 0.390625 0.45161290322580644 0.0546875 0.41935483870967744
18 0.439453125 0.46774193548387094 0.0625 0.45161290322580644
18 0.48828125 0.49193548387096775 0.052734375 0.43548387096774194
18 0.541015625 0.5080645161290323 0.056640625 0.4435483870967742
18 0.58984375 0.532258064516129 0.056640625 0.4274193548387097
18 0.642578125 0.5564516129032258 0.05859375 0.43548387096774194
18 0.693359375 0.5725806451612904 0.05078125 0.43548387096774194
18 0.74609375 0.6048387096774194 0.05859375 0.45161290322580644
18 0.798828125 0.6209677419354839 0.056640625 0.4274193548387097
18 0.853515625 0.6370967741935484 0.060546875 0.41935483870967744
18 0.90625 0.6612903225806451 0.064453125 0.4435483870967742