18 0.451171875 0.4342105263157895 0.0546875 0.5921052631578947
18 0.294921875 0.4342105263157895 0.0546875 0.5789473684210527
18 0.345703125 0.4342105263157895 0.05078125 0.618421052631579
18 0.60546875 0.4342105263157895 0.0546875 0.618421052631579
18 0.8125 0.4342105263157895 0.0546875 0.618421052631579
18 0.13671875 0.4342105263157895 0.05078125 0.618421052631579
18 0.2421875 0.4342105263157895 0.0546875 0.618421052631579
18 0.400390625 0.4473684210526316 0.0546875 0.5921052631578947
18 0.501953125 0.4473684210526316 0.0546875 0.631578947368421
18 0.66015625 0.4473684210526316 0.056640625 0.5921052631578947
18 0.8671875 0.4473684210526316 0.0546875 0.5921052631578947
18 0.0859375 0.4473684210526316 0.05859375 0.5921052631578947
18 0.19140625 0.4473684210526316 0.05859375 0.5921052631578947
18 0.5546875 0.4605263157894737 0.056640625 0.6447368421052632
18 0.7109375 0.4605263157894737 0.05078125 0.618421052631579
18 0.759765625 0.4605263157894737 0.0546875 0.631578947368421
18 0.916015625 0.4605263157894737 0.0546875 0.5921052631578947