18 0.916015625 0.4339622641509434 0.06640625 0.6132075471698113
18 0.80078125 0.44339622641509435 0.0546875 0.6132075471698113
18 0.85546875 0.44339622641509435 0.05859375 0.6132075471698113
18 0.744140625 0.46226415094339623 0.056640625 0.5849056603773585
18 0.689453125 0.4716981132075472 0.064453125 0.6037735849056604
18 0.62890625 0.4811320754716981 0.056640625 0.6226415094339622
18 0.51953125 0.49056603773584906 0.05859375 0.6037735849056604
18 0.576171875 0.5 0.056640625 0.6132075471698113
18 0.46875 0.5094339622641509 0.0546875 0.6037735849056604
18 0.365234375 0.5188679245283019 0.048828125 0.6037735849056604
18 0.416015625 0.5283018867924528 0.0625 0.6320754716981132
18 0.3125 0.5471698113207547 0.05859375 0.6037735849056604
18 0.26171875 0.5566037735849056 0.060546875 0.6037735849056604
18 0.208984375 0.5754716981132075 0.0546875 0.5660377358490566
18 0.11328125 0.5754716981132075 0.0546875 0.5471698113207547
18 0.16015625 0.5754716981132075 0.05078125 0.5849056603773585
18 0.0625 0.5849056603773585 0.0546875 0.5377358490566038