18 0.9453125 0.3490566037735849 0.046875 0.37735849056603776
18 0.896484375 0.36792452830188677 0.052734375 0.330188679245283
18 0.84765625 0.3867924528301887 0.052734375 0.33962264150943394
18 0.80078125 0.39622641509433965 0.052734375 0.33962264150943394
18 0.751953125 0.41509433962264153 0.0546875 0.3490566037735849
18 0.705078125 0.4339622641509434 0.048828125 0.33962264150943394
18 0.650390625 0.4339622641509434 0.056640625 0.33962264150943394
18 0.59375 0.4716981132075472 0.0546875 0.33962264150943394
18 0.53515625 0.4811320754716981 0.064453125 0.330188679245283
18 0.47265625 0.5 0.0625 0.3490566037735849
18 0.416015625 0.5283018867924528 0.046875 0.3490566037735849
18 0.373046875 0.5377358490566038 0.056640625 0.33962264150943394
18 0.31640625 0.5471698113207547 0.0625 0.3490566037735849
18 0.255859375 0.5754716981132075 0.0546875 0.33962264150943394
18 0.205078125 0.5849056603773585 0.0625 0.330188679245283
18 0.1328125 0.6226415094339622 0.087890625 0.330188679245283
18 0.06640625 0.6226415094339622 0.0703125 0.3113207547169811