18 0.05859375 0.38372093023255816 0.060546875 0.4418604651162791
18 0.12890625 0.4186046511627907 0.0859375 0.4418604651162791
18 0.19921875 0.43023255813953487 0.05859375 0.45348837209302323
18 0.298828125 0.45348837209302323 0.06640625 0.46511627906976744
18 0.357421875 0.45348837209302323 0.05078125 0.4883720930232558
18 0.24609375 0.45348837209302323 0.044921875 0.47674418604651164
18 0.458984375 0.4883720930232558 0.05859375 0.47674418604651164
18 0.40625 0.4883720930232558 0.046875 0.4883720930232558
18 0.51953125 0.5 0.060546875 0.5
18 0.685546875 0.5 0.052734375 0.46511627906976744
18 0.638671875 0.5116279069767442 0.05078125 0.4883720930232558
18 0.58203125 0.5116279069767442 0.06640625 0.5116279069767442
18 0.736328125 0.5232558139534884 0.048828125 0.4883720930232558
18 0.833984375 0.5232558139534884 0.0546875 0.47674418604651164
18 0.78515625 0.5348837209302325 0.048828125 0.5
18 0.88671875 0.5465116279069767 0.0546875 0.5
18 0.94140625 0.5581395348837209 0.0546875 0.5348837209302325