18 0.109375 0.37272727272727274 0.05859375 0.4909090909090909
18 0.171875 0.39090909090909093 0.064453125 0.4818181818181818
18 0.048828125 0.4 0.05859375 0.4727272727272727
18 0.220703125 0.41818181818181815 0.07421875 0.4636363636363636
18 0.27734375 0.43636363636363634 0.064453125 0.45454545454545453
18 0.333984375 0.44545454545454544 0.056640625 0.45454545454545453
18 0.375 0.45454545454545453 0.046875 0.45454545454545453
18 0.42578125 0.4727272727272727 0.056640625 0.45454545454545453
18 0.474609375 0.4909090909090909 0.046875 0.4818181818181818
18 0.53125 0.5 0.076171875 0.4909090909090909
18 0.60546875 0.509090909090909 0.064453125 0.4727272727272727
18 0.662109375 0.5363636363636364 0.060546875 0.5181818181818182
18 0.72265625 0.5454545454545454 0.064453125 0.4727272727272727
18 0.8359375 0.5909090909090909 0.056640625 0.4636363636363636
18 0.783203125 0.6 0.048828125 0.509090909090909
18 0.88671875 0.6 0.0546875 0.4636363636363636
18 0.939453125 0.6090909090909091 0.05078125 0.4727272727272727