18 0.087890625 0.4921875 0.068359375 0.578125
18 0.322265625 0.5 0.056640625 0.59375
18 0.380859375 0.5 0.05078125 0.5703125
18 0.43359375 0.5 0.0546875 0.59375
18 0.205078125 0.5 0.0546875 0.59375
18 0.150390625 0.5078125 0.0625 0.6015625
18 0.265625 0.5078125 0.0625 0.578125
18 0.599609375 0.515625 0.056640625 0.5703125
18 0.650390625 0.515625 0.041015625 0.5703125
18 0.697265625 0.515625 0.0546875 0.5703125
18 0.4921875 0.515625 0.060546875 0.6015625
18 0.84765625 0.515625 0.05078125 0.53125
18 0.54296875 0.5234375 0.0546875 0.5703125
18 0.751953125 0.5234375 0.05078125 0.546875
18 0.802734375 0.53125 0.05078125 0.5546875
18 0.896484375 0.53125 0.05078125 0.53125
18 0.94140625 0.53125 0.046875 0.53125