18 0.44921875 0.4596774193548387 0.046875 0.3064516129032258
18 0.5 0.5080645161290323 0.046875 0.2903225806451613
18 0.564453125 0.5403225806451613 0.05859375 0.3064516129032258
18 0.626953125 0.5806451612903226 0.052734375 0.3387096774193548
18 0.673828125 0.6129032258064516 0.044921875 0.2903225806451613
18 0.728515625 0.6451612903225806 0.05078125 0.31451612903225806
18 0.787109375 0.6854838709677419 0.046875 0.27419354838709675
18 0.841796875 0.717741935483871 0.046875 0.28225806451612906
18 0.896484375 0.7580645161290323 0.044921875 0.3064516129032258
18 0.955078125 0.7983870967741935 0.05078125 0.33064516129032256
18 0.0546875 0.1935483870967742 0.05078125 0.25806451612903225
18 0.115234375 0.21774193548387097 0.06640625 0.28225806451612906
18 0.177734375 0.27419354838709675 0.044921875 0.2903225806451613
18 0.234375 0.33064516129032256 0.052734375 0.29838709677419356
18 0.29296875 0.3709677419354839 0.060546875 0.31451612903225806
18 0.390625 0.4032258064516129 0.05859375 0.2903225806451613
18 0.345703125 0.4112903225806452 0.0546875 0.2903225806451613