18 0.078125 0.43023255813953487 0.0703125 0.5116279069767442
18 0.13671875 0.4418604651162791 0.0546875 0.5232558139534884
18 0.189453125 0.45348837209302323 0.048828125 0.5116279069767442
18 0.240234375 0.45348837209302323 0.0546875 0.5232558139534884
18 0.380859375 0.45348837209302323 0.048828125 0.5
18 0.287109375 0.46511627906976744 0.037109375 0.5
18 0.33203125 0.46511627906976744 0.052734375 0.5
18 0.486328125 0.46511627906976744 0.05859375 0.5813953488372093
18 0.427734375 0.47674418604651164 0.0546875 0.5116279069767442
18 0.658203125 0.47674418604651164 0.05859375 0.5116279069767442
18 0.544921875 0.4883720930232558 0.05859375 0.5232558139534884
18 0.603515625 0.4883720930232558 0.05859375 0.5
18 0.712890625 0.4883720930232558 0.05859375 0.5232558139534884
18 0.771484375 0.5 0.060546875 0.5232558139534884
18 0.826171875 0.5 0.05859375 0.5232558139534884
18 0.880859375 0.5 0.060546875 0.5232558139534884
18 0.93359375 0.5 0.048828125 0.5348837209302325