18 0.064453125 0.35 0.060546875 0.475
18 0.1171875 0.3625 0.048828125 0.425
18 0.171875 0.3875 0.05859375 0.4375
18 0.2265625 0.3875 0.056640625 0.4375
18 0.33984375 0.4125 0.0625 0.45
18 0.283203125 0.4125 0.056640625 0.475
18 0.3984375 0.425 0.0546875 0.425
18 0.453125 0.4375 0.0546875 0.4375
18 0.5078125 0.475 0.056640625 0.45
18 0.5625 0.5 0.052734375 0.4625
18 0.615234375 0.5125 0.05078125 0.4375
18 0.671875 0.525 0.046875 0.4375
18 0.720703125 0.5375 0.04296875 0.475
18 0.818359375 0.575 0.05078125 0.4625
18 0.765625 0.575 0.0546875 0.4375
18 0.876953125 0.5875 0.060546875 0.4875
18 0.935546875 0.6125 0.060546875 0.475