18 0.080078125 0.30405405405405406 0.048828125 0.35135135135135137
18 0.12890625 0.3310810810810811 0.056640625 0.36486486486486486
18 0.1796875 0.34459459459459457 0.052734375 0.36486486486486486
18 0.232421875 0.3783783783783784 0.05078125 0.36486486486486486
18 0.283203125 0.3918918918918919 0.048828125 0.36486486486486486
18 0.333984375 0.42567567567567566 0.048828125 0.36486486486486486
18 0.384765625 0.44594594594594594 0.041015625 0.35135135135135137
18 0.435546875 0.47297297297297297 0.04296875 0.35135135135135137
18 0.490234375 0.5067567567567568 0.05078125 0.36486486486486486
18 0.546875 0.5135135135135135 0.056640625 0.3716216216216216
18 0.603515625 0.5472972972972973 0.05078125 0.3783783783783784
18 0.658203125 0.5743243243243243 0.05078125 0.36486486486486486
18 0.712890625 0.6013513513513513 0.052734375 0.3716216216216216
18 0.76953125 0.6148648648648649 0.052734375 0.36486486486486486
18 0.82421875 0.6418918918918919 0.052734375 0.34459459459459457
18 0.884765625 0.6756756756756757 0.056640625 0.36486486486486486
18 0.94140625 0.7027027027027027 0.056640625 0.36486486486486486