18 0.587890625 0.5561797752808989 0.06640625 0.2640449438202247
18 0.642578125 0.5898876404494382 0.052734375 0.25280898876404495
18 0.697265625 0.6292134831460674 0.04296875 0.24157303370786518
18 0.75390625 0.6685393258426966 0.060546875 0.23595505617977527
18 0.806640625 0.6853932584269663 0.0546875 0.25280898876404495
18 0.861328125 0.7247191011235955 0.0546875 0.25280898876404495
18 0.927734375 0.7696629213483146 0.05859375 0.25842696629213485
18 0.060546875 0.21348314606741572 0.06640625 0.25280898876404495
18 0.1171875 0.24719101123595505 0.07421875 0.25280898876404495
18 0.181640625 0.29213483146067415 0.052734375 0.2303370786516854
18 0.224609375 0.3202247191011236 0.060546875 0.24719101123595505
18 0.2734375 0.34831460674157305 0.060546875 0.25280898876404495
18 0.3203125 0.37640449438202245 0.0625 0.2640449438202247
18 0.369140625 0.4044943820224719 0.060546875 0.24719101123595505
18 0.421875 0.43820224719101125 0.06640625 0.2640449438202247
18 0.474609375 0.47752808988764045 0.06640625 0.2640449438202247
18 0.529296875 0.5112359550561798 0.068359375 0.2696629213483146