18 0.611328125 0.5654205607476636 0.0546875 0.35514018691588783
18 0.671875 0.5981308411214953 0.052734375 0.35046728971962615
18 0.734375 0.6308411214953271 0.048828125 0.35046728971962615
18 0.79296875 0.6635514018691588 0.056640625 0.3644859813084112
18 0.859375 0.6869158878504673 0.0625 0.35514018691588783
18 0.92578125 0.7429906542056075 0.0625 0.3598130841121495
18 0.0625 0.24766355140186916 0.0546875 0.3037383177570093
18 0.10546875 0.27102803738317754 0.044921875 0.29906542056074764
18 0.15234375 0.29439252336448596 0.04296875 0.3037383177570093
18 0.19921875 0.32242990654205606 0.052734375 0.3037383177570093
18 0.2421875 0.35046728971962615 0.052734375 0.32242990654205606
18 0.291015625 0.37850467289719625 0.048828125 0.3177570093457944
18 0.34375 0.40186915887850466 0.048828125 0.3177570093457944
18 0.392578125 0.42990654205607476 0.056640625 0.32710280373831774
18 0.443359375 0.45794392523364486 0.0546875 0.3364485981308411
18 0.5 0.4953271028037383 0.06640625 0.3411214953271028
18 0.5546875 0.5280373831775701 0.060546875 0.35514018691588783