18 0.91796875 0.3819444444444444 0.05078125 0.3888888888888889
18 0.814453125 0.3888888888888889 0.046875 0.3680555555555556
18 0.8671875 0.3888888888888889 0.046875 0.3888888888888889
18 0.765625 0.4305555555555556 0.044921875 0.4166666666666667
18 0.71484375 0.4375 0.0546875 0.3541666666666667
18 0.658203125 0.4583333333333333 0.0625 0.3819444444444444
18 0.5546875 0.4791666666666667 0.0546875 0.3888888888888889
18 0.607421875 0.4791666666666667 0.0546875 0.3888888888888889
18 0.5 0.5208333333333334 0.0546875 0.4027777777777778
18 0.3984375 0.5555555555555556 0.0625 0.3680555555555556
18 0.447265625 0.5555555555555556 0.0546875 0.4444444444444444
18 0.34375 0.5625 0.0625 0.3888888888888889
18 0.296875 0.5902777777777778 0.046875 0.4166666666666667
18 0.236328125 0.6041666666666666 0.064453125 0.4166666666666667
18 0.177734375 0.6180555555555556 0.05859375 0.4513888888888889
18 0.126953125 0.6319444444444444 0.0625 0.4305555555555556
18 0.07421875 0.6527777777777778 0.064453125 0.4444444444444444