18 0.607421875 0.5214285714285715 0.05859375 0.35714285714285715
18 0.6640625 0.5428571428571428 0.060546875 0.37142857142857144
18 0.72265625 0.5928571428571429 0.0625 0.37857142857142856
18 0.78125 0.6214285714285714 0.0546875 0.37142857142857144
18 0.83984375 0.6571428571428571 0.0625 0.36428571428571427
18 0.8984375 0.6785714285714286 0.05859375 0.37142857142857144
18 0.958984375 0.7214285714285714 0.064453125 0.3357142857142857
18 0.056640625 0.25 0.0703125 0.36428571428571427
18 0.11328125 0.29285714285714287 0.068359375 0.37857142857142856
18 0.16796875 0.3 0.060546875 0.35714285714285715
18 0.22265625 0.32142857142857145 0.068359375 0.34285714285714286
18 0.275390625 0.34285714285714286 0.06640625 0.35714285714285715
18 0.33203125 0.36428571428571427 0.05859375 0.35
18 0.384765625 0.4 0.056640625 0.37142857142857144
18 0.4375 0.4357142857142857 0.0625 0.37142857142857144
18 0.49609375 0.4642857142857143 0.05859375 0.34285714285714286
18 0.552734375 0.4714285714285714 0.0703125 0.37142857142857144