18 0.072265625 0.3805970149253731 0.056640625 0.44029850746268656
18 0.126953125 0.3805970149253731 0.060546875 0.4253731343283582
18 0.17578125 0.40298507462686567 0.056640625 0.44029850746268656
18 0.228515625 0.41044776119402987 0.06640625 0.41044776119402987
18 0.28125 0.44029850746268656 0.06640625 0.41044776119402987
18 0.3359375 0.44776119402985076 0.060546875 0.4253731343283582
18 0.38671875 0.44776119402985076 0.052734375 0.4253731343283582
18 0.4375 0.48507462686567165 0.06640625 0.4253731343283582
18 0.486328125 0.5 0.060546875 0.44029850746268656
18 0.54296875 0.5149253731343284 0.0625 0.44029850746268656
18 0.595703125 0.5149253731343284 0.06640625 0.44776119402985076
18 0.6484375 0.5373134328358209 0.056640625 0.41044776119402987
18 0.70703125 0.5671641791044776 0.0625 0.4253731343283582
18 0.76171875 0.5746268656716418 0.056640625 0.4626865671641791
18 0.81640625 0.5895522388059702 0.0625 0.47761194029850745
18 0.87109375 0.6119402985074627 0.056640625 0.4626865671641791
18 0.927734375 0.6268656716417911 0.0703125 0.44776119402985076