18 0.951171875 0.37777777777777777 0.060546875 0.5222222222222223
18 0.837890625 0.3888888888888889 0.056640625 0.5111111111111111
18 0.892578125 0.3888888888888889 0.056640625 0.4888888888888889
18 0.78515625 0.43333333333333335 0.056640625 0.5666666666666667
18 0.68359375 0.45555555555555555 0.048828125 0.5666666666666667
18 0.728515625 0.4777777777777778 0.056640625 0.5333333333333333
18 0.634765625 0.4777777777777778 0.064453125 0.5222222222222223
18 0.56640625 0.5 0.07421875 0.5
18 0.5 0.5111111111111111 0.0625 0.5333333333333333
18 0.44140625 0.5222222222222223 0.05859375 0.5111111111111111
18 0.3984375 0.5444444444444444 0.04296875 0.5111111111111111
18 0.345703125 0.5666666666666667 0.06640625 0.4777777777777778
18 0.228515625 0.5777777777777777 0.064453125 0.5555555555555556
18 0.28515625 0.5777777777777777 0.05859375 0.5111111111111111
18 0.111328125 0.5888888888888889 0.06640625 0.5666666666666667
18 0.169921875 0.6 0.0625 0.5222222222222223
18 0.05859375 0.6222222222222222 0.060546875 0.5