18 0.865234375 0.4479166666666667 0.056640625 0.5
18 0.921875 0.4479166666666667 0.0625 0.5104166666666666
18 0.70703125 0.4583333333333333 0.05859375 0.5
18 0.7578125 0.4583333333333333 0.05859375 0.5
18 0.8125 0.4583333333333333 0.05859375 0.5
18 0.599609375 0.46875 0.052734375 0.4791666666666667
18 0.65234375 0.46875 0.064453125 0.5104166666666666
18 0.55078125 0.5 0.0625 0.4791666666666667
18 0.4453125 0.5 0.0703125 0.46875
18 0.49609375 0.5104166666666666 0.064453125 0.4791666666666667
18 0.392578125 0.53125 0.056640625 0.5104166666666666
18 0.341796875 0.53125 0.068359375 0.5
18 0.1875 0.5416666666666666 0.0625 0.5104166666666666
18 0.240234375 0.5416666666666666 0.064453125 0.4791666666666667
18 0.291015625 0.5520833333333334 0.05859375 0.53125
18 0.13671875 0.5520833333333334 0.064453125 0.4791666666666667
18 0.0859375 0.5833333333333334 0.064453125 0.5