18 0.07421875 0.3153846153846154 0.05859375 0.4076923076923077
18 0.125 0.3384615384615385 0.0546875 0.4153846153846154
18 0.17578125 0.36923076923076925 0.05078125 0.4
18 0.23046875 0.3923076923076923 0.0546875 0.4153846153846154
18 0.279296875 0.4153846153846154 0.0546875 0.4153846153846154
18 0.33203125 0.4461538461538462 0.05078125 0.4153846153846154
18 0.392578125 0.4461538461538462 0.03515625 0.4307692307692308
18 0.4375 0.47692307692307695 0.0546875 0.4461538461538462
18 0.4921875 0.49230769230769234 0.0546875 0.43846153846153846
18 0.546875 0.5230769230769231 0.064453125 0.43846153846153846
18 0.6015625 0.5461538461538461 0.05859375 0.43846153846153846
18 0.65625 0.5615384615384615 0.0546875 0.4307692307692308
18 0.7109375 0.5769230769230769 0.048828125 0.4153846153846154
18 0.765625 0.6 0.048828125 0.4307692307692308
18 0.82421875 0.6153846153846154 0.05078125 0.43846153846153846
18 0.880859375 0.6307692307692307 0.0546875 0.43846153846153846
18 0.935546875 0.6615384615384615 0.048828125 0.43846153846153846