18 0.96875 0.3 0.048828125 0.46
18 0.9140625 0.34 0.04296875 0.48
18 0.859375 0.36 0.048828125 0.45
18 0.806640625 0.36 0.046875 0.48
18 0.751953125 0.38 0.04296875 0.43
18 0.697265625 0.41 0.044921875 0.45
18 0.638671875 0.42 0.056640625 0.45
18 0.58203125 0.44 0.056640625 0.46
18 0.5234375 0.47 0.056640625 0.46
18 0.46875 0.49 0.04296875 0.48
18 0.41015625 0.52 0.0703125 0.46
18 0.349609375 0.55 0.052734375 0.48
18 0.287109375 0.56 0.0625 0.45
18 0.1953125 0.58 0.064453125 0.49
18 0.1328125 0.61 0.060546875 0.48
18 0.060546875 0.62 0.076171875 0.51