18 0.119140625 0.42857142857142855 0.06640625 0.5612244897959183
18 0.064453125 0.4387755102040816 0.048828125 0.5408163265306123
18 0.177734375 0.45918367346938777 0.0625 0.5612244897959183
18 0.236328125 0.46938775510204084 0.056640625 0.5306122448979592
18 0.294921875 0.46938775510204084 0.052734375 0.5102040816326531
18 0.353515625 0.4897959183673469 0.05859375 0.5204081632653061
18 0.40625 0.5 0.037109375 0.5408163265306123
18 0.451171875 0.5102040816326531 0.052734375 0.5408163265306123
18 0.57421875 0.5204081632653061 0.0703125 0.5408163265306123
18 0.509765625 0.5204081632653061 0.05078125 0.5306122448979592
18 0.638671875 0.5306122448979592 0.052734375 0.4897959183673469
18 0.787109375 0.5510204081632653 0.052734375 0.5
18 0.68359375 0.5510204081632653 0.037109375 0.4897959183673469
18 0.73046875 0.5510204081632653 0.052734375 0.5102040816326531
18 0.83984375 0.5612244897959183 0.0546875 0.4897959183673469
18 0.943359375 0.5816326530612245 0.052734375 0.4897959183673469
18 0.890625 0.5816326530612245 0.048828125 0.46938775510204084