18 0.056640625 0.3389830508474576 0.072265625 0.3305084745762712
18 0.1328125 0.3559322033898305 0.078125 0.288135593220339
18 0.19921875 0.3898305084745763 0.052734375 0.3135593220338983
18 0.26171875 0.3983050847457627 0.05859375 0.288135593220339
18 0.314453125 0.4322033898305085 0.04296875 0.3135593220338983
18 0.35546875 0.4661016949152542 0.044921875 0.3305084745762712
18 0.404296875 0.4745762711864407 0.04296875 0.3135593220338983
18 0.451171875 0.4915254237288136 0.048828125 0.3305084745762712
18 0.509765625 0.5084745762711864 0.068359375 0.2966101694915254
18 0.580078125 0.5338983050847458 0.0625 0.3389830508474576
18 0.63671875 0.576271186440678 0.048828125 0.288135593220339
18 0.689453125 0.5847457627118644 0.044921875 0.3135593220338983
18 0.734375 0.6101694915254238 0.04296875 0.2711864406779661
18 0.78125 0.6186440677966102 0.048828125 0.288135593220339
18 0.833984375 0.635593220338983 0.048828125 0.2711864406779661
18 0.8828125 0.6610169491525424 0.044921875 0.3135593220338983
18 0.93359375 0.6779661016949152 0.048828125 0.288135593220339