18 0.0703125 0.42857142857142855 0.0625 0.5816326530612245
18 0.234375 0.42857142857142855 0.0546875 0.5918367346938775
18 0.125 0.42857142857142855 0.05859375 0.5918367346938775
18 0.181640625 0.4387755102040816 0.0546875 0.6020408163265306
18 0.2890625 0.45918367346938777 0.056640625 0.5918367346938775
18 0.341796875 0.45918367346938777 0.060546875 0.5918367346938775
18 0.44921875 0.45918367346938777 0.0546875 0.6224489795918368
18 0.396484375 0.46938775510204084 0.056640625 0.6224489795918368
18 0.501953125 0.47959183673469385 0.0546875 0.6224489795918368
18 0.556640625 0.4897959183673469 0.0546875 0.6224489795918368
18 0.607421875 0.5 0.044921875 0.6224489795918368
18 0.658203125 0.5102040816326531 0.052734375 0.6326530612244898
18 0.767578125 0.5204081632653061 0.048828125 0.6020408163265306
18 0.822265625 0.5204081632653061 0.05859375 0.6020408163265306
18 0.71484375 0.5306122448979592 0.0546875 0.6020408163265306
18 0.875 0.5306122448979592 0.0546875 0.5816326530612245
18 0.927734375 0.5408163265306123 0.056640625 0.5714285714285714