18 0.486328125 0.5346534653465347 0.12109375 0.13613861386138615
18 0.54296875 0.5693069306930693 0.125 0.12128712871287128
18 0.59765625 0.6212871287128713 0.107421875 0.1311881188118812
18 0.65234375 0.6534653465346535 0.115234375 0.1311881188118812
18 0.701171875 0.6955445544554455 0.107421875 0.1311881188118812
18 0.755859375 0.7326732673267327 0.107421875 0.1311881188118812
18 0.81640625 0.7772277227722773 0.12109375 0.13613861386138615
18 0.87890625 0.8118811881188119 0.111328125 0.1311881188118812
18 0.94140625 0.8688118811881188 0.091796875 0.12623762376237624
18 0.0537109375 0.21534653465346534 0.107421875 0.13861386138613863
18 0.103515625 0.26732673267326734 0.140625 0.14108910891089108
18 0.1640625 0.31435643564356436 0.111328125 0.1311881188118812
18 0.22265625 0.3564356435643564 0.103515625 0.10891089108910891
18 0.279296875 0.38613861386138615 0.115234375 0.13613861386138615
18 0.328125 0.42326732673267325 0.111328125 0.12623762376237624
18 0.3828125 0.47277227722772275 0.095703125 0.1311881188118812
18 0.431640625 0.4975247524752475 0.12890625 0.13613861386138615