18 0.923828125 0.36507936507936506 0.052734375 0.5079365079365079
18 0.86328125 0.3968253968253968 0.056640625 0.5079365079365079
18 0.798828125 0.4126984126984127 0.052734375 0.5
18 0.740234375 0.4365079365079365 0.05078125 0.5
18 0.6796875 0.4523809523809524 0.0546875 0.5
18 0.62109375 0.4603174603174603 0.044921875 0.47619047619047616
18 0.5625 0.48412698412698413 0.0546875 0.48412698412698413
18 0.5078125 0.5079365079365079 0.0546875 0.46825396825396826
18 0.400390625 0.5158730158730159 0.046875 0.4523809523809524
18 0.447265625 0.5158730158730159 0.05078125 0.4523809523809524
18 0.345703125 0.5317460317460317 0.029296875 0.4523809523809524
18 0.29296875 0.5555555555555556 0.048828125 0.4603174603174603
18 0.240234375 0.5793650793650794 0.048828125 0.4603174603174603
18 0.134765625 0.5952380952380952 0.044921875 0.4365079365079365
18 0.1875 0.5952380952380952 0.05078125 0.46825396825396826
18 0.087890625 0.6111111111111112 0.046875 0.4365079365079365
18 0.0390625 0.6190476190476191 0.052734375 0.4523809523809524