18 0.064453125 0.45 0.046875 0.57
18 0.12109375 0.45 0.060546875 0.54
18 0.1796875 0.45 0.056640625 0.56
18 0.23828125 0.47 0.0546875 0.52
18 0.345703125 0.47 0.0390625 0.52
18 0.296875 0.48 0.0546875 0.52
18 0.38671875 0.49 0.03515625 0.51
18 0.4921875 0.49 0.0546875 0.53
18 0.4375 0.49 0.052734375 0.5
18 0.552734375 0.52 0.0703125 0.5
18 0.615234375 0.52 0.052734375 0.54
18 0.662109375 0.54 0.033203125 0.53
18 0.70703125 0.54 0.046875 0.53
18 0.759765625 0.55 0.0546875 0.5
18 0.814453125 0.55 0.0546875 0.53
18 0.8671875 0.55 0.052734375 0.49
18 0.91796875 0.55 0.0546875 0.51