18 0.38671875 0.4295774647887324 0.048828125 0.2535211267605634
18 0.44140625 0.4647887323943662 0.048828125 0.2605633802816901
18 0.494140625 0.5070422535211268 0.04296875 0.23943661971830985
18 0.548828125 0.5352112676056338 0.048828125 0.24647887323943662
18 0.607421875 0.5774647887323944 0.0546875 0.2535211267605634
18 0.662109375 0.6197183098591549 0.046875 0.23943661971830985
18 0.71484375 0.6549295774647887 0.04296875 0.2535211267605634
18 0.76953125 0.6901408450704225 0.044921875 0.24647887323943662
18 0.828125 0.7253521126760564 0.02734375 0.2535211267605634
18 0.88671875 0.7746478873239436 0.048828125 0.24647887323943662
18 0.947265625 0.8169014084507042 0.046875 0.23943661971830985
18 0.0546875 0.2112676056338028 0.046875 0.2323943661971831
18 0.12109375 0.2535211267605634 0.064453125 0.2535211267605634
18 0.177734375 0.3028169014084507 0.037109375 0.2323943661971831
18 0.2265625 0.3380281690140845 0.046875 0.2323943661971831
18 0.28515625 0.3591549295774648 0.05078125 0.2605633802816901
18 0.333984375 0.39436619718309857 0.041015625 0.22535211267605634