18 0.671875 0.4830508474576271 0.0546875 0.6016949152542372
18 0.76953125 0.4830508474576271 0.05859375 0.5677966101694916
18 0.822265625 0.4830508474576271 0.05859375 0.5677966101694916
18 0.86328125 0.4830508474576271 0.048828125 0.5677966101694916
18 0.916015625 0.4830508474576271 0.0546875 0.5677966101694916
18 0.5703125 0.4915254237288136 0.060546875 0.6101694915254238
18 0.517578125 0.5 0.060546875 0.5677966101694916
18 0.6171875 0.5 0.048828125 0.6016949152542372
18 0.71484375 0.5 0.044921875 0.5677966101694916
18 0.46484375 0.5 0.0546875 0.5847457627118644
18 0.41015625 0.5084745762711864 0.05859375 0.6101694915254238
18 0.25 0.5084745762711864 0.060546875 0.6016949152542372
18 0.359375 0.5169491525423728 0.05859375 0.635593220338983
18 0.302734375 0.5169491525423728 0.05859375 0.6101694915254238
18 0.1953125 0.5254237288135594 0.05859375 0.6016949152542372
18 0.08203125 0.5338983050847458 0.060546875 0.6101694915254238
18 0.138671875 0.5423728813559322 0.05859375 0.6016949152542372