18 0.0546875 0.34210526315789475 0.05859375 0.4473684210526316
18 0.123046875 0.3684210526315789 0.072265625 0.4473684210526316
18 0.185546875 0.39473684210526316 0.044921875 0.42105263157894735
18 0.234375 0.42105263157894735 0.0625 0.4342105263157895
18 0.294921875 0.4342105263157895 0.056640625 0.4473684210526316
18 0.345703125 0.4473684210526316 0.048828125 0.4342105263157895
18 0.396484375 0.4868421052631579 0.05859375 0.4605263157894737
18 0.453125 0.4868421052631579 0.0546875 0.4868421052631579
18 0.5078125 0.5131578947368421 0.044921875 0.4605263157894737
18 0.560546875 0.5394736842105263 0.0546875 0.4868421052631579
18 0.6171875 0.5394736842105263 0.05078125 0.47368421052631576
18 0.669921875 0.5657894736842105 0.046875 0.4605263157894737
18 0.724609375 0.6052631578947368 0.052734375 0.4868421052631579
18 0.78125 0.631578947368421 0.046875 0.5
18 0.83203125 0.6578947368421053 0.05859375 0.5394736842105263
18 0.888671875 0.6710526315789473 0.056640625 0.5131578947368421
18 0.951171875 0.6842105263157895 0.05078125 0.5131578947368421