18 0.482421875 0.4791666666666667 0.052734375 0.24305555555555555
18 0.541015625 0.5138888888888888 0.04296875 0.24305555555555555
18 0.58984375 0.5416666666666666 0.052734375 0.24305555555555555
18 0.64453125 0.5902777777777778 0.052734375 0.24305555555555555
18 0.69921875 0.625 0.04296875 0.2152777777777778
18 0.748046875 0.6666666666666666 0.044921875 0.22916666666666666
18 0.798828125 0.7013888888888888 0.041015625 0.2152777777777778
18 0.849609375 0.7361111111111112 0.04296875 0.2152777777777778
18 0.900390625 0.7638888888888888 0.04296875 0.2152777777777778
18 0.955078125 0.7986111111111112 0.03125 0.2222222222222222
18 0.064453125 0.2013888888888889 0.0625 0.25
18 0.142578125 0.25 0.07421875 0.25
18 0.205078125 0.2986111111111111 0.048828125 0.22916666666666666
18 0.2578125 0.3402777777777778 0.052734375 0.24305555555555555
18 0.3203125 0.3680555555555556 0.0546875 0.24305555555555555
18 0.373046875 0.4097222222222222 0.044921875 0.20833333333333334
18 0.427734375 0.4375 0.052734375 0.2361111111111111