18 0.40234375 0.415 0.056640625 0.275
18 0.462890625 0.46 0.056640625 0.255
18 0.51171875 0.475 0.056640625 0.26
18 0.580078125 0.54 0.07421875 0.32
18 0.646484375 0.6 0.052734375 0.26
18 0.701171875 0.63 0.056640625 0.29
18 0.759765625 0.67 0.060546875 0.285
18 0.822265625 0.715 0.0625 0.29
18 0.884765625 0.755 0.068359375 0.295
18 0.9453125 0.8 0.041015625 0.29
18 0.072265625 0.195 0.05078125 0.26
18 0.11328125 0.225 0.046875 0.235
18 0.16015625 0.245 0.046875 0.26
18 0.201171875 0.29 0.046875 0.24
18 0.25 0.32 0.0546875 0.27
18 0.30078125 0.35 0.046875 0.255
18 0.3515625 0.38 0.046875 0.265