18 0.056640625 0.3723404255319149 0.056640625 0.44680851063829785
18 0.123046875 0.3829787234042553 0.083984375 0.425531914893617
18 0.193359375 0.39361702127659576 0.05859375 0.4148936170212766
18 0.25 0.425531914893617 0.060546875 0.4148936170212766
18 0.302734375 0.43617021276595747 0.0546875 0.425531914893617
18 0.3515625 0.46808510638297873 0.048828125 0.3829787234042553
18 0.396484375 0.48936170212765956 0.048828125 0.40425531914893614
18 0.44140625 0.5 0.05078125 0.39361702127659576
18 0.5 0.5 0.064453125 0.425531914893617
18 0.564453125 0.5212765957446809 0.076171875 0.4148936170212766
18 0.62890625 0.5425531914893617 0.052734375 0.40425531914893614
18 0.677734375 0.5531914893617021 0.05078125 0.4148936170212766
18 0.7265625 0.5851063829787234 0.052734375 0.46808510638297873
18 0.77734375 0.5851063829787234 0.0546875 0.425531914893617
18 0.83203125 0.6170212765957447 0.0546875 0.425531914893617
18 0.884765625 0.6170212765957447 0.05078125 0.4148936170212766
18 0.9375 0.6276595744680851 0.052734375 0.4574468085106383