18 0.072265625 0.43333333333333335 0.056640625 0.5
18 0.123046875 0.4444444444444444 0.05078125 0.5
18 0.181640625 0.45555555555555555 0.0625 0.4777777777777778
18 0.232421875 0.4666666666666667 0.04296875 0.5
18 0.556640625 0.4666666666666667 0.05859375 0.4777777777777778
18 0.92578125 0.4666666666666667 0.05859375 0.4777777777777778
18 0.28125 0.4666666666666667 0.05078125 0.5222222222222223
18 0.388671875 0.4666666666666667 0.05859375 0.5222222222222223
18 0.71875 0.4666666666666667 0.04296875 0.5
18 0.4453125 0.4777777777777778 0.060546875 0.5
18 0.615234375 0.4777777777777778 0.052734375 0.5
18 0.765625 0.4777777777777778 0.044921875 0.5
18 0.818359375 0.4777777777777778 0.056640625 0.5
18 0.873046875 0.4777777777777778 0.05078125 0.5
18 0.333984375 0.4777777777777778 0.05859375 0.5
18 0.50390625 0.4777777777777778 0.05078125 0.5222222222222223
18 0.66796875 0.4777777777777778 0.052734375 0.4888888888888889