18 0.1875 0.46875 0.064453125 0.59375
18 0.119140625 0.46875 0.0703125 0.6041666666666666
18 0.25 0.4791666666666667 0.060546875 0.6145833333333334
18 0.3125 0.4791666666666667 0.05859375 0.6041666666666666
18 0.515625 0.4895833333333333 0.052734375 0.5520833333333334
18 0.462890625 0.5104166666666666 0.0625 0.5833333333333334
18 0.0546875 0.5104166666666666 0.0703125 0.6458333333333334
18 0.37109375 0.5208333333333334 0.046875 0.6354166666666666
18 0.41015625 0.5208333333333334 0.044921875 0.5729166666666666
18 0.640625 0.5208333333333334 0.064453125 0.5520833333333334
18 0.728515625 0.5208333333333334 0.05859375 0.5416666666666666
18 0.56640625 0.53125 0.076171875 0.5625
18 0.837890625 0.53125 0.05859375 0.5625
18 0.68359375 0.5416666666666666 0.0390625 0.5416666666666666
18 0.78125 0.5416666666666666 0.052734375 0.5625
18 0.89453125 0.5520833333333334 0.046875 0.5416666666666666
18 0.947265625 0.5625 0.052734375 0.6041666666666666