18 0.310546875 0.3910891089108911 0.048828125 0.19801980198019803
18 0.359375 0.4306930693069307 0.05078125 0.18316831683168316
18 0.404296875 0.4752475247524752 0.0390625 0.18811881188118812
18 0.44921875 0.5 0.0546875 0.1782178217821782
18 0.498046875 0.5297029702970297 0.05078125 0.18811881188118812
18 0.544921875 0.5643564356435643 0.05859375 0.2079207920792079
18 0.59765625 0.6039603960396039 0.048828125 0.19801980198019803
18 0.650390625 0.6336633663366337 0.05078125 0.19801980198019803
18 0.70703125 0.6683168316831684 0.05078125 0.19801980198019803
18 0.763671875 0.698019801980198 0.046875 0.18316831683168316
18 0.82421875 0.7475247524752475 0.044921875 0.19801980198019803
18 0.88671875 0.7821782178217822 0.044921875 0.19801980198019803
18 0.94921875 0.8217821782178217 0.048828125 0.19801980198019803
18 0.109375 0.21287128712871287 0.0703125 0.2079207920792079
18 0.150390625 0.24752475247524752 0.056640625 0.17326732673267325
18 0.193359375 0.28217821782178215 0.064453125 0.20297029702970298
18 0.2734375 0.36633663366336633 0.056640625 0.19306930693069307