18 0.072265625 0.47540983606557374 0.0546875 0.6229508196721312
18 0.1328125 0.47540983606557374 0.05859375 0.6229508196721312
18 0.2421875 0.47540983606557374 0.0546875 0.6147540983606558
18 0.359375 0.48360655737704916 0.0546875 0.6229508196721312
18 0.302734375 0.48360655737704916 0.05859375 0.6147540983606558
18 0.462890625 0.48360655737704916 0.056640625 0.6311475409836066
18 0.521484375 0.48360655737704916 0.048828125 0.6147540983606558
18 0.189453125 0.48360655737704916 0.0546875 0.6147540983606558
18 0.623046875 0.4918032786885246 0.044921875 0.6065573770491803
18 0.41015625 0.5 0.0546875 0.6311475409836066
18 0.572265625 0.5 0.0546875 0.6311475409836066
18 0.7265625 0.5 0.048828125 0.6147540983606558
18 0.673828125 0.5 0.056640625 0.6229508196721312
18 0.826171875 0.5081967213114754 0.0546875 0.5901639344262295
18 0.77734375 0.5163934426229508 0.0546875 0.6229508196721312
18 0.876953125 0.5245901639344263 0.048828125 0.6065573770491803
18 0.92578125 0.5245901639344263 0.046875 0.6065573770491803