18 0.072265625 0.44029850746268656 0.076171875 0.5746268656716418
18 0.134765625 0.44029850746268656 0.06640625 0.5522388059701493
18 0.205078125 0.4626865671641791 0.06640625 0.5298507462686567
18 0.271484375 0.47761194029850745 0.060546875 0.5298507462686567
18 0.333984375 0.4925373134328358 0.060546875 0.5223880597014925
18 0.390625 0.5223880597014925 0.0625 0.5149253731343284
18 0.4453125 0.5223880597014925 0.046875 0.4626865671641791
18 0.4921875 0.5522388059701493 0.05078125 0.5
18 0.541015625 0.5671641791044776 0.0546875 0.4925373134328358
18 0.603515625 0.5746268656716418 0.068359375 0.47761194029850745
18 0.716796875 0.5970149253731343 0.060546875 0.44776119402985076
18 0.66796875 0.6044776119402985 0.0625 0.47761194029850745
18 0.759765625 0.6194029850746269 0.0390625 0.4253731343283582
18 0.80078125 0.6194029850746269 0.048828125 0.44776119402985076
18 0.849609375 0.6268656716417911 0.048828125 0.4626865671641791
18 0.94140625 0.6417910447761194 0.05078125 0.417910447761194
18 0.896484375 0.6492537313432836 0.0390625 0.44029850746268656