18 0.923828125 0.35185185185185186 0.044921875 0.43209876543209874
18 0.876953125 0.37037037037037035 0.046875 0.4506172839506173
18 0.830078125 0.3888888888888889 0.05078125 0.4506172839506173
18 0.7890625 0.4012345679012346 0.052734375 0.4382716049382716
18 0.744140625 0.41975308641975306 0.05078125 0.4506172839506173
18 0.6953125 0.4382716049382716 0.056640625 0.4506172839506173
18 0.646484375 0.4567901234567901 0.07421875 0.4506172839506173
18 0.572265625 0.48148148148148145 0.0859375 0.4382716049382716
18 0.498046875 0.5123456790123457 0.080078125 0.43209876543209874
18 0.435546875 0.5370370370370371 0.0703125 0.4382716049382716
18 0.384765625 0.5555555555555556 0.052734375 0.4382716049382716
18 0.337890625 0.5679012345679012 0.052734375 0.43209876543209874
18 0.2890625 0.6049382716049383 0.064453125 0.4506172839506173
18 0.236328125 0.6111111111111112 0.056640625 0.43209876543209874
18 0.18359375 0.6358024691358025 0.0703125 0.4382716049382716
18 0.12890625 0.654320987654321 0.0625 0.4382716049382716
18 0.068359375 0.6666666666666666 0.07421875 0.43209876543209874