18 0.83984375 0.54 0.05859375 0.58
18 0.962890625 0.54 0.0625 0.61
18 0.900390625 0.55 0.05859375 0.59
18 0.048828125 0.39 0.046875 0.53
18 0.16015625 0.4 0.05078125 0.55
18 0.2109375 0.4 0.0546875 0.52
18 0.107421875 0.4 0.056640625 0.53
18 0.265625 0.42 0.05859375 0.53
18 0.322265625 0.43 0.0546875 0.53
18 0.37890625 0.46 0.046875 0.57
18 0.431640625 0.46 0.0546875 0.58
18 0.486328125 0.46 0.0546875 0.58
18 0.544921875 0.47 0.060546875 0.57
18 0.603515625 0.48 0.0546875 0.57
18 0.662109375 0.5 0.0546875 0.58
18 0.77734375 0.51 0.060546875 0.58
18 0.71875 0.52 0.05078125 0.59