18 0.05859375 0.43478260869565216 0.05078125 0.5978260869565217
18 0.111328125 0.44565217391304346 0.044921875 0.5652173913043478
18 0.166015625 0.45652173913043476 0.05078125 0.6304347826086957
18 0.216796875 0.45652173913043476 0.048828125 0.6304347826086957
18 0.271484375 0.4782608695652174 0.04296875 0.6195652173913043
18 0.37890625 0.4891304347826087 0.033203125 0.5978260869565217
18 0.328125 0.5 0.046875 0.6304347826086957
18 0.435546875 0.5 0.05078125 0.6086956521739131
18 0.490234375 0.5 0.0546875 0.6304347826086957
18 0.548828125 0.5217391304347826 0.056640625 0.6195652173913043
18 0.603515625 0.5217391304347826 0.056640625 0.6304347826086957
18 0.65625 0.532608695652174 0.048828125 0.5978260869565217
18 0.716796875 0.5434782608695652 0.052734375 0.6304347826086957
18 0.7734375 0.5543478260869565 0.056640625 0.6304347826086957
18 0.888671875 0.5652173913043478 0.05078125 0.6521739130434783
18 0.83203125 0.5760869565217391 0.056640625 0.6304347826086957
18 0.947265625 0.5760869565217391 0.056640625 0.5978260869565217