18 0.703125 0.5294117647058824 0.05078125 0.5882352941176471
18 0.76171875 0.5392156862745098 0.046875 0.5882352941176471
18 0.818359375 0.5588235294117647 0.052734375 0.6078431372549019
18 0.87890625 0.5686274509803921 0.0546875 0.5882352941176471
18 0.94140625 0.5980392156862745 0.056640625 0.5686274509803921
18 0.048828125 0.38235294117647056 0.048828125 0.5392156862745098
18 0.103515625 0.4117647058823529 0.04296875 0.5490196078431373
18 0.15625 0.4117647058823529 0.05078125 0.5294117647058824
18 0.208984375 0.43137254901960786 0.048828125 0.5392156862745098
18 0.26171875 0.43137254901960786 0.046875 0.5392156862745098
18 0.314453125 0.43137254901960786 0.048828125 0.5588235294117647
18 0.369140625 0.4411764705882353 0.029296875 0.5588235294117647
18 0.423828125 0.47058823529411764 0.05078125 0.5686274509803921
18 0.4765625 0.47058823529411764 0.052734375 0.5588235294117647
18 0.53515625 0.49019607843137253 0.052734375 0.5686274509803921
18 0.58984375 0.5 0.0546875 0.5686274509803921
18 0.64453125 0.5 0.037109375 0.5784313725490197