18 0.95703125 0.39705882352941174 0.0390625 0.5441176470588235
18 0.90234375 0.39705882352941174 0.041015625 0.5735294117647058
18 0.794921875 0.4117647058823529 0.04296875 0.5441176470588235
18 0.849609375 0.4117647058823529 0.044921875 0.6029411764705882
18 0.7421875 0.4411764705882353 0.04296875 0.5882352941176471
18 0.572265625 0.47058823529411764 0.056640625 0.5735294117647058
18 0.62890625 0.47058823529411764 0.04296875 0.5735294117647058
18 0.685546875 0.47058823529411764 0.046875 0.6029411764705882
18 0.51171875 0.47058823529411764 0.060546875 0.5588235294117647
18 0.275390625 0.5147058823529411 0.05859375 0.5441176470588235
18 0.337890625 0.5147058823529411 0.044921875 0.5441176470588235
18 0.3984375 0.5147058823529411 0.04296875 0.6470588235294118
18 0.455078125 0.5147058823529411 0.037109375 0.6470588235294118
18 0.154296875 0.5294117647058824 0.05859375 0.6176470588235294
18 0.212890625 0.5294117647058824 0.060546875 0.6029411764705882
18 0.091796875 0.5441176470588235 0.06640625 0.6029411764705882
18 0.0302734375 0.5661764705882353 0.060546875 0.6323529411764706