18 0.912109375 0.3051948051948052 0.048828125 0.43506493506493504
18 0.8515625 0.33116883116883117 0.05078125 0.42207792207792205
18 0.79296875 0.35064935064935066 0.046875 0.42207792207792205
18 0.736328125 0.37662337662337664 0.048828125 0.4025974025974026
18 0.67578125 0.4155844155844156 0.048828125 0.4155844155844156
18 0.62109375 0.42857142857142855 0.046875 0.3961038961038961
18 0.564453125 0.45454545454545453 0.05078125 0.38961038961038963
18 0.5078125 0.4805194805194805 0.052734375 0.38961038961038963
18 0.455078125 0.5 0.05078125 0.3961038961038961
18 0.404296875 0.5194805194805194 0.05078125 0.38311688311688313
18 0.353515625 0.5454545454545454 0.03515625 0.38961038961038963
18 0.302734375 0.5714285714285714 0.046875 0.37662337662337664
18 0.25 0.5844155844155844 0.046875 0.4025974025974026
18 0.203125 0.6038961038961039 0.048828125 0.38311688311688313
18 0.15234375 0.6233766233766234 0.046875 0.37012987012987014
18 0.109375 0.6623376623376623 0.04296875 0.38961038961038963
18 0.060546875 0.6753246753246753 0.048828125 0.37012987012987014