18 0.490234375 0.5421686746987951 0.048828125 0.2469879518072289
18 0.435546875 0.5843373493975904 0.052734375 0.27710843373493976
18 0.376953125 0.6204819277108434 0.037109375 0.25903614457831325
18 0.31640625 0.6626506024096386 0.060546875 0.2710843373493976
18 0.25390625 0.6987951807228916 0.0390625 0.24096385542168675
18 0.201171875 0.7409638554216867 0.052734375 0.25301204819277107
18 0.142578125 0.7710843373493976 0.05078125 0.23493975903614459
18 0.0859375 0.8072289156626506 0.046875 0.22289156626506024
18 0.943359375 0.2469879518072289 0.048828125 0.27710843373493976
18 0.8984375 0.30120481927710846 0.03515625 0.25903614457831325
18 0.845703125 0.3253012048192771 0.046875 0.23493975903614459
18 0.798828125 0.3493975903614458 0.0390625 0.2469879518072289
18 0.75 0.3855421686746988 0.05078125 0.2289156626506024
18 0.6875 0.41566265060240964 0.0625 0.25903614457831325
18 0.626953125 0.45180722891566266 0.029296875 0.2469879518072289
18 0.583984375 0.4819277108433735 0.05078125 0.26506024096385544
18 0.53515625 0.5180722891566265 0.041015625 0.25903614457831325