18 0.310546875 0.48484848484848486 0.048828125 0.4696969696969697
18 0.453125 0.48484848484848486 0.05859375 0.48484848484848486
18 0.505859375 0.48484848484848486 0.05078125 0.48484848484848486
18 0.158203125 0.48484848484848486 0.056640625 0.5303030303030303
18 0.255859375 0.5 0.0625 0.4696969696969697
18 0.359375 0.5 0.046875 0.48484848484848486
18 0.5625 0.5 0.0703125 0.4696969696969697
18 0.724609375 0.5 0.048828125 0.4696969696969697
18 0.7734375 0.5 0.05078125 0.48484848484848486
18 0.82421875 0.5 0.046875 0.48484848484848486
18 0.20703125 0.5 0.044921875 0.48484848484848486
18 0.673828125 0.5 0.0546875 0.45454545454545453
18 0.873046875 0.5 0.046875 0.48484848484848486
18 0.921875 0.5 0.0546875 0.48484848484848486
18 0.095703125 0.5 0.078125 0.5
18 0.40234375 0.5151515151515151 0.048828125 0.4696969696969697
18 0.625 0.5151515151515151 0.0546875 0.45454545454545453