18 0.33984375 0.3425 0.091796875 0.11
18 0.400390625 0.4125 0.08984375 0.1125
18 0.466796875 0.465 0.072265625 0.11
18 0.5234375 0.4975 0.091796875 0.1275
18 0.564453125 0.5475 0.0859375 0.1025
18 0.611328125 0.59 0.080078125 0.1025
18 0.65625 0.63 0.06640625 0.1
18 0.697265625 0.675 0.072265625 0.115
18 0.740234375 0.7025 0.080078125 0.1175
18 0.78515625 0.7525 0.08203125 0.1125
18 0.830078125 0.7975 0.087890625 0.12
18 0.875 0.845 0.087890625 0.115
18 0.099609375 0.1225 0.080078125 0.1175
18 0.154296875 0.1675 0.08984375 0.14
18 0.1875 0.2175 0.08984375 0.1125
18 0.24609375 0.2625 0.0859375 0.09
18 0.306640625 0.3 0.072265625 0.115