18 0.064453125 0.4583333333333333 0.072265625 0.5277777777777778
18 0.94140625 0.4583333333333333 0.05078125 0.5138888888888888
18 0.89453125 0.4722222222222222 0.046875 0.5
18 0.71875 0.4722222222222222 0.05078125 0.5
18 0.763671875 0.4722222222222222 0.048828125 0.5
18 0.810546875 0.4722222222222222 0.052734375 0.5
18 0.13671875 0.4861111111111111 0.09375 0.5138888888888888
18 0.66796875 0.4861111111111111 0.064453125 0.5277777777777778
18 0.859375 0.4861111111111111 0.052734375 0.5
18 0.541015625 0.4861111111111111 0.06640625 0.5
18 0.603515625 0.4861111111111111 0.078125 0.5555555555555556
18 0.484375 0.4861111111111111 0.0703125 0.5
18 0.275390625 0.5 0.0625 0.5277777777777778
18 0.423828125 0.5 0.044921875 0.5138888888888888
18 0.21484375 0.5 0.06640625 0.5416666666666666
18 0.328125 0.5 0.05078125 0.5
18 0.376953125 0.5 0.052734375 0.5277777777777778