18 0.84251968503937 0.205078125 0.08070866141732283 0.099609375
18 0.7913385826771654 0.25390625 0.08661417322834646 0.091796875
18 0.7421259842519685 0.296875 0.07480314960629922 0.076171875
18 0.6889763779527559 0.345703125 0.07874015748031496 0.08203125
18 0.6358267716535433 0.39453125 0.09448818897637795 0.08984375
18 0.5649606299212598 0.453125 0.1141732283464567 0.119140625
18 0.5039370078740157 0.509765625 0.09645669291338582 0.107421875
18 0.4507874015748031 0.5546875 0.09645669291338582 0.09765625
18 0.39763779527559057 0.603515625 0.08858267716535433 0.083984375
18 0.3484251968503937 0.650390625 0.09251968503937008 0.107421875
18 0.2992125984251969 0.697265625 0.09448818897637795 0.10546875
18 0.24803149606299213 0.7421875 0.0984251968503937 0.09765625
18 0.19488188976377951 0.787109375 0.08070866141732283 0.087890625
18 0.12007874015748031 0.83984375 0.12401574803149606 0.12109375
18 0.05905511811023622 0.908203125 0.1062992125984252 0.103515625
18 0.937007874015748 0.1015625 0.08464566929133858 0.09375
18 0.8956692913385826 0.150390625 0.08858267716535433 0.080078125