18 0.0703125 0.3384615384615385 0.056640625 0.4153846153846154
18 0.123046875 0.36923076923076925 0.060546875 0.4153846153846154
18 0.177734375 0.38461538461538464 0.0546875 0.4076923076923077
18 0.232421875 0.4153846153846154 0.0546875 0.4230769230769231
18 0.287109375 0.4153846153846154 0.056640625 0.4
18 0.341796875 0.4461538461538462 0.06640625 0.4153846153846154
18 0.390625 0.46923076923076923 0.05078125 0.4153846153846154
18 0.4453125 0.4846153846153846 0.044921875 0.4230769230769231
18 0.505859375 0.5076923076923077 0.060546875 0.4307692307692308
18 0.556640625 0.5230769230769231 0.064453125 0.43846153846153846
18 0.607421875 0.5384615384615384 0.064453125 0.43846153846153846
18 0.66796875 0.5461538461538461 0.056640625 0.4307692307692308
18 0.716796875 0.5769230769230769 0.060546875 0.4230769230769231
18 0.76953125 0.5846153846153846 0.0625 0.4230769230769231
18 0.830078125 0.6153846153846154 0.0625 0.4153846153846154
18 0.876953125 0.6307692307692307 0.06640625 0.4307692307692308
18 0.9375 0.6461538461538462 0.0703125 0.4230769230769231