18 0.041015625 0.2641509433962264 0.044921875 0.3018867924528302
18 0.095703125 0.29245283018867924 0.048828125 0.3018867924528302
18 0.15234375 0.32075471698113206 0.04296875 0.2830188679245283
18 0.205078125 0.3490566037735849 0.056640625 0.3018867924528302
18 0.259765625 0.3867924528301887 0.044921875 0.3018867924528302
18 0.31640625 0.4056603773584906 0.056640625 0.32075471698113206
18 0.376953125 0.4339622641509434 0.052734375 0.3113207547169811
18 0.439453125 0.46226415094339623 0.0546875 0.32075471698113206
18 0.4921875 0.49056603773584906 0.04296875 0.3018867924528302
18 0.556640625 0.5094339622641509 0.0625 0.32075471698113206
18 0.62109375 0.5566037735849056 0.060546875 0.3113207547169811
18 0.681640625 0.5849056603773585 0.048828125 0.3018867924528302
18 0.736328125 0.6037735849056604 0.046875 0.32075471698113206
18 0.791015625 0.6320754716981132 0.044921875 0.29245283018867924
18 0.845703125 0.660377358490566 0.03515625 0.32075471698113206
18 0.90234375 0.6886792452830188 0.048828125 0.3018867924528302
18 0.9609375 0.7075471698113207 0.046875 0.3018867924528302