18 0.064453125 0.38372093023255816 0.068359375 0.5232558139534884
18 0.123046875 0.4186046511627907 0.0546875 0.5116279069767442
18 0.1796875 0.4186046511627907 0.0625 0.5232558139534884
18 0.23046875 0.43023255813953487 0.052734375 0.5
18 0.283203125 0.4418604651162791 0.0546875 0.5116279069767442
18 0.333984375 0.45348837209302323 0.05078125 0.5465116279069767
18 0.4375 0.46511627906976744 0.060546875 0.5465116279069767
18 0.384765625 0.46511627906976744 0.05078125 0.5116279069767442
18 0.494140625 0.4883720930232558 0.05078125 0.5116279069767442
18 0.556640625 0.5 0.0703125 0.5465116279069767
18 0.626953125 0.5 0.060546875 0.5465116279069767
18 0.6875 0.5116279069767442 0.0546875 0.5232558139534884
18 0.740234375 0.5232558139534884 0.05078125 0.5232558139534884
18 0.794921875 0.5465116279069767 0.052734375 0.5465116279069767
18 0.90234375 0.5581395348837209 0.05859375 0.5232558139534884
18 0.84765625 0.5581395348837209 0.0546875 0.5465116279069767
18 0.958984375 0.5697674418604651 0.0546875 0.5465116279069767