18 0.12109375 0.42857142857142855 0.048828125 0.5714285714285714
18 0.068359375 0.44642857142857145 0.06640625 0.5892857142857143
18 0.216796875 0.45535714285714285 0.056640625 0.5714285714285714
18 0.166015625 0.45535714285714285 0.05078125 0.5803571428571429
18 0.31640625 0.4732142857142857 0.052734375 0.5803571428571429
18 0.46875 0.4732142857142857 0.052734375 0.6071428571428571
18 0.525390625 0.4732142857142857 0.060546875 0.5803571428571429
18 0.265625 0.4732142857142857 0.052734375 0.5892857142857143
18 0.41796875 0.48214285714285715 0.0546875 0.5803571428571429
18 0.576171875 0.48214285714285715 0.0546875 0.5803571428571429
18 0.365234375 0.48214285714285715 0.052734375 0.5535714285714286
18 0.6328125 0.49107142857142855 0.0546875 0.5625
18 0.6875 0.5 0.0546875 0.5714285714285714
18 0.7421875 0.5 0.0546875 0.5714285714285714
18 0.802734375 0.5 0.064453125 0.5803571428571429
18 0.86328125 0.5 0.064453125 0.5625
18 0.921875 0.5089285714285714 0.056640625 0.5625