18 0.0703125 0.41216216216216217 0.0625 0.5608108108108109
18 0.13671875 0.43243243243243246 0.056640625 0.5608108108108109
18 0.1875 0.43243243243243246 0.05859375 0.5608108108108109
18 0.25 0.4527027027027027 0.0625 0.5540540540540541
18 0.310546875 0.46621621621621623 0.060546875 0.5472972972972973
18 0.3671875 0.47297297297297297 0.0625 0.5405405405405406
18 0.423828125 0.4797297297297297 0.056640625 0.5540540540540541
18 0.48046875 0.4864864864864865 0.064453125 0.5608108108108109
18 0.529296875 0.5 0.05859375 0.5608108108108109
18 0.587890625 0.5135135135135135 0.068359375 0.5472972972972973
18 0.640625 0.5202702702702703 0.048828125 0.5608108108108109
18 0.693359375 0.527027027027027 0.05859375 0.5472972972972973
18 0.748046875 0.5405405405405406 0.064453125 0.5337837837837838
18 0.80078125 0.5540540540540541 0.056640625 0.5405405405405406
18 0.853515625 0.5608108108108109 0.056640625 0.5202702702702703
18 0.900390625 0.5608108108108109 0.0546875 0.5337837837837838
18 0.94921875 0.581081081081081 0.060546875 0.527027027027027