18 0.14453125 0.39705882352941174 0.06640625 0.5441176470588235
18 0.080078125 0.39705882352941174 0.078125 0.5294117647058824
18 0.201171875 0.4264705882352941 0.048828125 0.5441176470588235
18 0.25390625 0.4411764705882353 0.06640625 0.5441176470588235
18 0.306640625 0.4411764705882353 0.056640625 0.5147058823529411
18 0.353515625 0.47058823529411764 0.0546875 0.5147058823529411
18 0.45703125 0.4852941176470588 0.068359375 0.5147058823529411
18 0.404296875 0.5 0.056640625 0.5294117647058824
18 0.509765625 0.5294117647058824 0.052734375 0.5441176470588235
18 0.5703125 0.5294117647058824 0.072265625 0.5588235294117647
18 0.62890625 0.5588235294117647 0.060546875 0.5294117647058824
18 0.68359375 0.5735294117647058 0.052734375 0.5441176470588235
18 0.732421875 0.5735294117647058 0.0546875 0.5147058823529411
18 0.78125 0.5882352941176471 0.056640625 0.4852941176470588
18 0.830078125 0.6029411764705882 0.056640625 0.5147058823529411
18 0.8828125 0.6323529411764706 0.052734375 0.5147058823529411
18 0.935546875 0.6323529411764706 0.052734375 0.5294117647058824