18 0.521484375 0.5149253731343284 0.04296875 0.23134328358208955
18 0.576171875 0.5597014925373134 0.0546875 0.2537313432835821
18 0.630859375 0.5970149253731343 0.0546875 0.26865671641791045
18 0.6875 0.6417910447761194 0.046875 0.2537313432835821
18 0.73828125 0.6716417910447762 0.046875 0.2537313432835821
18 0.791015625 0.7089552238805971 0.046875 0.2537313432835821
18 0.84765625 0.746268656716418 0.029296875 0.2537313432835821
18 0.90234375 0.7761194029850746 0.05078125 0.26119402985074625
18 0.955078125 0.8134328358208955 0.048828125 0.26119402985074625
18 0.056640625 0.20149253731343283 0.052734375 0.26119402985074625
18 0.130859375 0.2462686567164179 0.072265625 0.26119402985074625
18 0.189453125 0.29850746268656714 0.04296875 0.23134328358208955
18 0.244140625 0.34328358208955223 0.0546875 0.2537313432835821
18 0.3046875 0.3656716417910448 0.05078125 0.2835820895522388
18 0.353515625 0.417910447761194 0.046875 0.23880597014925373
18 0.41015625 0.44776119402985076 0.056640625 0.2537313432835821
18 0.466796875 0.48507462686567165 0.052734375 0.26865671641791045