18 0.056640625 0.6885245901639344 0.05859375 0.3770491803278688
18 0.9296875 0.28688524590163933 0.0625 0.36065573770491804
18 0.875 0.319672131147541 0.0625 0.36885245901639346
18 0.826171875 0.3442622950819672 0.052734375 0.3770491803278688
18 0.78515625 0.3524590163934426 0.044921875 0.38524590163934425
18 0.736328125 0.36065573770491804 0.060546875 0.4016393442622951
18 0.6875 0.4016393442622951 0.04296875 0.38524590163934425
18 0.640625 0.4262295081967213 0.0625 0.39344262295081966
18 0.57421875 0.45081967213114754 0.078125 0.36885245901639346
18 0.5078125 0.5081967213114754 0.0625 0.38524590163934425
18 0.451171875 0.5245901639344263 0.064453125 0.36065573770491804
18 0.40625 0.5409836065573771 0.041015625 0.36065573770491804
18 0.35546875 0.5737704918032787 0.0703125 0.38524590163934425
18 0.296875 0.5901639344262295 0.068359375 0.39344262295081966
18 0.234375 0.6065573770491803 0.0703125 0.36885245901639346
18 0.17578125 0.6311475409836066 0.06640625 0.3770491803278688
18 0.1171875 0.6475409836065574 0.0703125 0.39344262295081966