18 0.830078125 0.73125 0.052734375 0.2625
18 0.88671875 0.7625 0.05859375 0.26875
18 0.94140625 0.8 0.05859375 0.25
18 0.068359375 0.2 0.05859375 0.25625
18 0.138671875 0.24375 0.080078125 0.25
18 0.19921875 0.29375 0.05078125 0.23125
18 0.248046875 0.325 0.052734375 0.25625
18 0.30078125 0.35625 0.05078125 0.25
18 0.3515625 0.3875 0.0546875 0.25
18 0.404296875 0.4375 0.05078125 0.26875
18 0.455078125 0.4625 0.056640625 0.24375
18 0.5078125 0.5 0.056640625 0.2625
18 0.560546875 0.53125 0.0546875 0.2625
18 0.619140625 0.575 0.068359375 0.25625
18 0.67578125 0.625 0.0546875 0.23125
18 0.7265625 0.6625 0.05078125 0.25
18 0.77734375 0.69375 0.052734375 0.2625