18 0.0546875 0.3611111111111111 0.044921875 0.39814814814814814
18 0.11328125 0.37962962962962965 0.052734375 0.4074074074074074
18 0.16796875 0.3888888888888889 0.056640625 0.39814814814814814
18 0.21484375 0.42592592592592593 0.05859375 0.4166666666666667
18 0.26953125 0.4351851851851852 0.05859375 0.4166666666666667
18 0.3203125 0.4444444444444444 0.037109375 0.39814814814814814
18 0.357421875 0.4722222222222222 0.03515625 0.4166666666666667
18 0.40234375 0.48148148148148145 0.0546875 0.39814814814814814
18 0.45703125 0.5 0.0546875 0.4166666666666667
18 0.51953125 0.5277777777777778 0.07421875 0.4166666666666667
18 0.58203125 0.5462962962962963 0.0546875 0.39814814814814814
18 0.640625 0.5648148148148148 0.064453125 0.39814814814814814
18 0.701171875 0.5648148148148148 0.05859375 0.4166666666666667
18 0.755859375 0.5833333333333334 0.052734375 0.4166666666666667
18 0.8125 0.6018518518518519 0.0546875 0.4351851851851852
18 0.873046875 0.6111111111111112 0.0546875 0.4166666666666667
18 0.931640625 0.6388888888888888 0.0625 0.4351851851851852