18 0.646484375 0.5538461538461539 0.03515625 0.46153846153846156
18 0.703125 0.5692307692307692 0.05078125 0.43846153846153846
18 0.76171875 0.6 0.060546875 0.45384615384615384
18 0.822265625 0.6307692307692307 0.056640625 0.4461538461538462
18 0.8828125 0.6692307692307692 0.056640625 0.46153846153846156
18 0.947265625 0.6923076923076923 0.05859375 0.46153846153846156
18 0.0546875 0.26153846153846155 0.064453125 0.4076923076923077
18 0.10546875 0.3 0.0546875 0.38461538461538464
18 0.154296875 0.3230769230769231 0.0546875 0.3923076923076923
18 0.2109375 0.3384615384615385 0.05078125 0.4
18 0.259765625 0.36923076923076925 0.052734375 0.4153846153846154
18 0.3125 0.3923076923076923 0.056640625 0.4
18 0.3671875 0.4230769230769231 0.046875 0.4153846153846154
18 0.416015625 0.4461538461538462 0.0546875 0.4230769230769231
18 0.470703125 0.46153846153846156 0.056640625 0.4307692307692308
18 0.53125 0.4846153846153846 0.0625 0.4461538461538462
18 0.587890625 0.5230769230769231 0.056640625 0.4461538461538462