18 0.0625 0.33636363636363636 0.0703125 0.44545454545454544
18 0.119140625 0.34545454545454546 0.05859375 0.4
18 0.171875 0.38181818181818183 0.056640625 0.4090909090909091
18 0.22265625 0.4 0.0625 0.44545454545454544
18 0.271484375 0.4090909090909091 0.0390625 0.41818181818181815
18 0.314453125 0.42727272727272725 0.060546875 0.43636363636363634
18 0.365234375 0.45454545454545453 0.046875 0.4090909090909091
18 0.4140625 0.4727272727272727 0.0546875 0.39090909090909093
18 0.470703125 0.4727272727272727 0.05859375 0.43636363636363634
18 0.53125 0.4909090909090909 0.0546875 0.4
18 0.5859375 0.5272727272727272 0.0546875 0.4
18 0.640625 0.5454545454545454 0.052734375 0.42727272727272725
18 0.6953125 0.5636363636363636 0.0546875 0.4
18 0.751953125 0.5818181818181818 0.0546875 0.41818181818181815
18 0.810546875 0.6181818181818182 0.060546875 0.41818181818181815
18 0.8671875 0.6272727272727273 0.06640625 0.4090909090909091
18 0.927734375 0.6545454545454545 0.0546875 0.41818181818181815