18 0.078125 0.3333333333333333 0.060546875 0.45
18 0.12890625 0.35 0.052734375 0.45
18 0.1796875 0.36666666666666664 0.052734375 0.4166666666666667
18 0.236328125 0.38333333333333336 0.05859375 0.4583333333333333
18 0.287109375 0.425 0.0546875 0.4583333333333333
18 0.337890625 0.44166666666666665 0.05859375 0.4583333333333333
18 0.396484375 0.4583333333333333 0.04296875 0.4583333333333333
18 0.447265625 0.48333333333333334 0.0546875 0.44166666666666665
18 0.5 0.5 0.052734375 0.4583333333333333
18 0.552734375 0.5166666666666667 0.06640625 0.4666666666666667
18 0.607421875 0.5333333333333333 0.056640625 0.45
18 0.66015625 0.5583333333333333 0.0546875 0.45
18 0.712890625 0.575 0.046875 0.45
18 0.771484375 0.6 0.0625 0.44166666666666665
18 0.826171875 0.6166666666666667 0.056640625 0.44166666666666665
18 0.87890625 0.65 0.0546875 0.45
18 0.931640625 0.6666666666666666 0.064453125 0.44166666666666665