18 0.083984375 0.4148936170212766 0.056640625 0.5319148936170213
18 0.134765625 0.425531914893617 0.05078125 0.574468085106383
18 0.1875 0.43617021276595747 0.05078125 0.5425531914893617
18 0.240234375 0.44680851063829785 0.05859375 0.5638297872340425
18 0.29296875 0.4574468085106383 0.052734375 0.5425531914893617
18 0.345703125 0.4574468085106383 0.05859375 0.5638297872340425
18 0.396484375 0.46808510638297873 0.05078125 0.5638297872340425
18 0.451171875 0.4787234042553192 0.052734375 0.574468085106383
18 0.501953125 0.48936170212765956 0.05859375 0.574468085106383
18 0.552734375 0.5 0.060546875 0.5531914893617021
18 0.60546875 0.5 0.0625 0.5638297872340425
18 0.65625 0.5106382978723404 0.064453125 0.5638297872340425
18 0.70703125 0.5212765957446809 0.064453125 0.5638297872340425
18 0.8125 0.5319148936170213 0.06640625 0.5531914893617021
18 0.7578125 0.5319148936170213 0.064453125 0.5425531914893617
18 0.861328125 0.5638297872340425 0.0703125 0.5319148936170213
18 0.912109375 0.5638297872340425 0.064453125 0.5638297872340425