18 0.955078125 0.3958333333333333 0.056640625 0.4895833333333333
18 0.90234375 0.4270833333333333 0.05859375 0.5208333333333334
18 0.8515625 0.4375 0.0546875 0.5208333333333334
18 0.798828125 0.4375 0.052734375 0.53125
18 0.751953125 0.4479166666666667 0.037109375 0.5208333333333334
18 0.70703125 0.4583333333333333 0.05859375 0.5104166666666666
18 0.6484375 0.4583333333333333 0.05859375 0.5208333333333334
18 0.583984375 0.4791666666666667 0.07421875 0.5104166666666666
18 0.521484375 0.5 0.0546875 0.5
18 0.4140625 0.5104166666666666 0.03515625 0.5208333333333334
18 0.462890625 0.5104166666666666 0.060546875 0.5208333333333334
18 0.36328125 0.5208333333333334 0.0625 0.5208333333333334
18 0.3046875 0.5416666666666666 0.060546875 0.53125
18 0.244140625 0.5520833333333334 0.064453125 0.5208333333333334
18 0.119140625 0.5625 0.064453125 0.5208333333333334
18 0.181640625 0.5625 0.064453125 0.53125
18 0.06640625 0.5625 0.056640625 0.53125