18 0.080078125 0.34615384615384615 0.056640625 0.4326923076923077
18 0.126953125 0.3557692307692308 0.046875 0.4423076923076923
18 0.18359375 0.38461538461538464 0.0546875 0.4423076923076923
18 0.236328125 0.38461538461538464 0.0546875 0.4326923076923077
18 0.29296875 0.4326923076923077 0.052734375 0.4230769230769231
18 0.34375 0.4519230769230769 0.048828125 0.41346153846153844
18 0.39453125 0.4807692307692308 0.052734375 0.41346153846153844
18 0.453125 0.5 0.041015625 0.4326923076923077
18 0.505859375 0.5384615384615384 0.048828125 0.4230769230769231
18 0.556640625 0.5384615384615384 0.046875 0.375
18 0.609375 0.5480769230769231 0.0546875 0.40384615384615385
18 0.662109375 0.5673076923076923 0.0546875 0.3942307692307692
18 0.71875 0.5961538461538461 0.048828125 0.40384615384615385
18 0.76953125 0.6346153846153846 0.05078125 0.4230769230769231
18 0.826171875 0.6442307692307693 0.052734375 0.40384615384615385
18 0.880859375 0.6730769230769231 0.0546875 0.41346153846153844
18 0.935546875 0.7115384615384616 0.064453125 0.4230769230769231