18 0.2734375 0.5 0.052734375 0.6081081081081081
18 0.427734375 0.5 0.05859375 0.6216216216216216
18 0.478515625 0.5 0.0546875 0.6621621621621622
18 0.5859375 0.5 0.0546875 0.6351351351351351
18 0.068359375 0.5 0.0625 0.6621621621621622
18 0.12109375 0.5 0.0546875 0.6216216216216216
18 0.171875 0.5 0.056640625 0.6081081081081081
18 0.22265625 0.5 0.0546875 0.6081081081081081
18 0.736328125 0.5 0.052734375 0.6351351351351351
18 0.791015625 0.5 0.048828125 0.6351351351351351
18 0.89453125 0.5 0.05859375 0.6486486486486487
18 0.326171875 0.5135135135135135 0.052734375 0.581081081081081
18 0.681640625 0.5135135135135135 0.044921875 0.6351351351351351
18 0.37890625 0.5135135135135135 0.052734375 0.6351351351351351
18 0.841796875 0.5135135135135135 0.05859375 0.6621621621621622
18 0.53125 0.527027027027027 0.060546875 0.6351351351351351
18 0.634765625 0.527027027027027 0.0546875 0.6486486486486487