18 0.923828125 0.34210526315789475 0.041015625 0.5
18 0.873046875 0.3684210526315789 0.046875 0.5131578947368421
18 0.8203125 0.3684210526315789 0.041015625 0.5394736842105263
18 0.76953125 0.3815789473684211 0.04296875 0.5263157894736842
18 0.720703125 0.39473684210526316 0.04296875 0.5131578947368421
18 0.66796875 0.40789473684210525 0.041015625 0.5394736842105263
18 0.615234375 0.42105263157894735 0.05078125 0.5394736842105263
18 0.560546875 0.4342105263157895 0.0390625 0.5263157894736842
18 0.5078125 0.4342105263157895 0.056640625 0.5526315789473685
18 0.453125 0.4473684210526316 0.044921875 0.5263157894736842
18 0.396484375 0.4868421052631579 0.046875 0.5657894736842105
18 0.283203125 0.5131578947368421 0.060546875 0.5526315789473685
18 0.341796875 0.5131578947368421 0.0390625 0.5526315789473685
18 0.2265625 0.5263157894736842 0.04296875 0.5394736842105263
18 0.16796875 0.5263157894736842 0.0546875 0.5657894736842105
18 0.048828125 0.5526315789473685 0.056640625 0.5394736842105263
18 0.111328125 0.5657894736842105 0.0390625 0.5657894736842105