18 0.0703125 0.4745762711864407 0.068359375 0.6440677966101694
18 0.1875 0.4915254237288136 0.0703125 0.6440677966101694
18 0.1328125 0.4915254237288136 0.0625 0.7033898305084746
18 0.5703125 0.4915254237288136 0.060546875 0.6949152542372882
18 0.298828125 0.4915254237288136 0.064453125 0.6610169491525424
18 0.462890625 0.5 0.06640625 0.711864406779661
18 0.619140625 0.5 0.0546875 0.6610169491525424
18 0.2421875 0.5084745762711864 0.064453125 0.6779661016949152
18 0.41015625 0.5084745762711864 0.072265625 0.6864406779661016
18 0.353515625 0.5084745762711864 0.05859375 0.6949152542372882
18 0.515625 0.5084745762711864 0.064453125 0.652542372881356
18 0.677734375 0.5169491525423728 0.06640625 0.6440677966101694
18 0.77734375 0.5169491525423728 0.05859375 0.6610169491525424
18 0.828125 0.5169491525423728 0.064453125 0.6440677966101694
18 0.732421875 0.5169491525423728 0.064453125 0.6694915254237288
18 0.87890625 0.5254237288135594 0.056640625 0.635593220338983
18 0.927734375 0.5254237288135594 0.056640625 0.635593220338983