18 0.810546875 0.43137254901960786 0.056640625 0.5588235294117647
18 0.87109375 0.43137254901960786 0.05078125 0.5784313725490197
18 0.9296875 0.43137254901960786 0.05078125 0.5588235294117647
18 0.751953125 0.46078431372549017 0.0546875 0.5882352941176471
18 0.69921875 0.46078431372549017 0.05078125 0.5784313725490197
18 0.64453125 0.47058823529411764 0.05078125 0.5686274509803921
18 0.587890625 0.4803921568627451 0.052734375 0.5588235294117647
18 0.53515625 0.49019607843137253 0.05078125 0.5392156862745098
18 0.42578125 0.5 0.044921875 0.5588235294117647
18 0.478515625 0.5 0.048828125 0.5686274509803921
18 0.3203125 0.5196078431372549 0.044921875 0.5392156862745098
18 0.373046875 0.5196078431372549 0.029296875 0.5294117647058824
18 0.267578125 0.5294117647058824 0.04296875 0.5686274509803921
18 0.06640625 0.5392156862745098 0.04296875 0.5196078431372549
18 0.115234375 0.5392156862745098 0.05078125 0.5392156862745098
18 0.216796875 0.5392156862745098 0.044921875 0.5392156862745098
18 0.16796875 0.5392156862745098 0.044921875 0.5588235294117647