18 0.9375 0.6375 0.0546875 0.5125
18 0.0625 0.3625 0.0546875 0.49375
18 0.115234375 0.375 0.046875 0.4625
18 0.16796875 0.39375 0.048828125 0.4875
18 0.2265625 0.4125 0.05078125 0.475
18 0.279296875 0.4375 0.0546875 0.49375
18 0.333984375 0.45 0.046875 0.50625
18 0.3828125 0.4625 0.02734375 0.48125
18 0.419921875 0.475 0.046875 0.48125
18 0.47265625 0.48125 0.052734375 0.49375
18 0.533203125 0.5125 0.0625 0.5
18 0.58984375 0.53125 0.05859375 0.5
18 0.646484375 0.54375 0.052734375 0.4875
18 0.705078125 0.5625 0.052734375 0.5
18 0.763671875 0.5875 0.046875 0.4875
18 0.822265625 0.6 0.056640625 0.51875
18 0.876953125 0.625 0.046875 0.50625