18 0.857421875 0.7413793103448276 0.046875 0.27586206896551724
18 0.91796875 0.7701149425287356 0.068359375 0.3103448275862069
18 0.06640625 0.21839080459770116 0.068359375 0.25862068965517243
18 0.126953125 0.2413793103448276 0.0703125 0.28160919540229884
18 0.185546875 0.29310344827586204 0.048828125 0.26436781609195403
18 0.23828125 0.3333333333333333 0.052734375 0.27586206896551724
18 0.29296875 0.3620689655172414 0.056640625 0.28735632183908044
18 0.337890625 0.39655172413793105 0.048828125 0.26436781609195403
18 0.384765625 0.41954022988505746 0.05859375 0.28735632183908044
18 0.4375 0.4540229885057471 0.060546875 0.29310344827586204
18 0.49609375 0.5057471264367817 0.046875 0.28160919540229884
18 0.54296875 0.5229885057471264 0.05859375 0.28160919540229884
18 0.59375 0.5632183908045977 0.056640625 0.29310344827586204
18 0.6484375 0.5977011494252874 0.04296875 0.28160919540229884
18 0.701171875 0.6149425287356322 0.052734375 0.27586206896551724
18 0.75390625 0.6666666666666666 0.048828125 0.27586206896551724
18 0.806640625 0.7068965517241379 0.052734375 0.29310344827586204