18 0.076171875 0.35714285714285715 0.0546875 0.40476190476190477
18 0.12890625 0.373015873015873 0.048828125 0.3888888888888889
18 0.181640625 0.3888888888888889 0.05078125 0.40476190476190477
18 0.234375 0.4126984126984127 0.05078125 0.3968253968253968
18 0.287109375 0.42857142857142855 0.052734375 0.4126984126984127
18 0.341796875 0.4523809523809524 0.052734375 0.4126984126984127
18 0.388671875 0.4603174603174603 0.041015625 0.3888888888888889
18 0.443359375 0.48412698412698413 0.044921875 0.3968253968253968
18 0.5 0.49206349206349204 0.0546875 0.4126984126984127
18 0.55078125 0.5079365079365079 0.052734375 0.4126984126984127
18 0.607421875 0.5317460317460317 0.052734375 0.40476190476190477
18 0.658203125 0.5476190476190477 0.052734375 0.3968253968253968
18 0.712890625 0.5634920634920635 0.05078125 0.40476190476190477
18 0.767578125 0.5873015873015873 0.0546875 0.3888888888888889
18 0.818359375 0.5873015873015873 0.052734375 0.3968253968253968
18 0.87109375 0.6190476190476191 0.052734375 0.3968253968253968
18 0.92578125 0.626984126984127 0.056640625 0.40476190476190477