18 0.0859375 0.2974683544303797 0.052734375 0.35443037974683544
18 0.134765625 0.31645569620253167 0.048828125 0.34810126582278483
18 0.185546875 0.34177215189873417 0.048828125 0.37341772151898733
18 0.234375 0.36075949367088606 0.052734375 0.35443037974683544
18 0.283203125 0.3860759493670886 0.052734375 0.36075949367088606
18 0.337890625 0.4177215189873418 0.052734375 0.379746835443038
18 0.38671875 0.4240506329113924 0.044921875 0.36075949367088606
18 0.435546875 0.44936708860759494 0.04296875 0.379746835443038
18 0.4921875 0.4873417721518987 0.0546875 0.3860759493670886
18 0.548828125 0.5063291139240507 0.0546875 0.3924050632911392
18 0.59765625 0.5316455696202531 0.052734375 0.379746835443038
18 0.65234375 0.5632911392405063 0.052734375 0.3924050632911392
18 0.7109375 0.5759493670886076 0.0546875 0.3924050632911392
18 0.767578125 0.620253164556962 0.05859375 0.3924050632911392
18 0.8203125 0.6329113924050633 0.048828125 0.3924050632911392
18 0.87890625 0.6518987341772152 0.0625 0.3924050632911392
18 0.939453125 0.6708860759493671 0.060546875 0.3924050632911392