18 0.28515625 0.3023255813953488 0.064453125 0.11337209302325581
18 0.337890625 0.3430232558139535 0.068359375 0.11337209302325581
18 0.388671875 0.39244186046511625 0.068359375 0.10755813953488372
18 0.443359375 0.436046511627907 0.060546875 0.10174418604651163
18 0.4921875 0.47674418604651164 0.068359375 0.11046511627906977
18 0.54296875 0.5232558139534884 0.068359375 0.11046511627906977
18 0.599609375 0.5668604651162791 0.07421875 0.12209302325581395
18 0.65234375 0.622093023255814 0.05859375 0.11337209302325581
18 0.703125 0.6569767441860465 0.052734375 0.10174418604651163
18 0.751953125 0.7063953488372093 0.048828125 0.09011627906976744
18 0.802734375 0.747093023255814 0.056640625 0.10174418604651163
18 0.8515625 0.7906976744186046 0.056640625 0.10174418604651163
18 0.90625 0.8343023255813954 0.04296875 0.09011627906976744
18 0.951171875 0.877906976744186 0.060546875 0.09883720930232558
18 0.111328125 0.14534883720930233 0.0703125 0.11337209302325581
18 0.181640625 0.19476744186046513 0.08203125 0.12209302325581395
18 0.23828125 0.2558139534883721 0.052734375 0.09593023255813954