18 0.083984375 0.4634146341463415 0.052734375 0.6341463414634146
18 0.20703125 0.4634146341463415 0.052734375 0.6219512195121951
18 0.150390625 0.47560975609756095 0.0546875 0.6219512195121951
18 0.265625 0.4878048780487805 0.056640625 0.5975609756097561
18 0.318359375 0.5 0.048828125 0.6219512195121951
18 0.42578125 0.5 0.02734375 0.5609756097560976
18 0.869140625 0.5 0.037109375 0.5975609756097561
18 0.478515625 0.5121951219512195 0.056640625 0.6219512195121951
18 0.53125 0.5121951219512195 0.048828125 0.6097560975609756
18 0.779296875 0.5121951219512195 0.0546875 0.5609756097560976
18 0.634765625 0.524390243902439 0.0546875 0.573170731707317
18 0.376953125 0.524390243902439 0.0546875 0.6219512195121951
18 0.73046875 0.524390243902439 0.03125 0.5609756097560976
18 0.826171875 0.524390243902439 0.046875 0.5487804878048781
18 0.6796875 0.5365853658536586 0.0390625 0.573170731707317
18 0.58203125 0.5365853658536586 0.046875 0.5975609756097561
18 0.91796875 0.5365853658536586 0.04296875 0.5853658536585366