18 0.05859375 0.390625 0.0703125 0.578125
18 0.11328125 0.40625 0.056640625 0.546875
18 0.171875 0.421875 0.056640625 0.59375
18 0.28125 0.4375 0.056640625 0.5625
18 0.333984375 0.4375 0.0546875 0.578125
18 0.228515625 0.453125 0.0625 0.609375
18 0.390625 0.46875 0.05859375 0.609375
18 0.498046875 0.484375 0.048828125 0.609375
18 0.44921875 0.484375 0.05859375 0.625
18 0.55859375 0.484375 0.06640625 0.578125
18 0.615234375 0.515625 0.06640625 0.59375
18 0.66796875 0.515625 0.044921875 0.578125
18 0.724609375 0.515625 0.060546875 0.578125
18 0.833984375 0.546875 0.05078125 0.578125
18 0.783203125 0.546875 0.064453125 0.640625
18 0.951171875 0.578125 0.0625 0.609375
18 0.89453125 0.609375 0.06640625 0.671875