18 0.931640625 0.453125 0.044921875 0.578125
18 0.828125 0.46875 0.041015625 0.546875
18 0.880859375 0.46875 0.044921875 0.5625
18 0.728515625 0.46875 0.044921875 0.546875
18 0.625 0.484375 0.046875 0.546875
18 0.6796875 0.484375 0.041015625 0.546875
18 0.779296875 0.484375 0.04296875 0.59375
18 0.287109375 0.484375 0.041015625 0.546875
18 0.388671875 0.484375 0.044921875 0.5625
18 0.443359375 0.484375 0.05859375 0.5625
18 0.501953125 0.484375 0.041015625 0.546875
18 0.560546875 0.484375 0.064453125 0.5625
18 0.076171875 0.484375 0.056640625 0.5625
18 0.19140625 0.5 0.060546875 0.578125
18 0.2421875 0.5 0.044921875 0.578125
18 0.134765625 0.5 0.048828125 0.546875
18 0.33984375 0.5 0.044921875 0.5625