18 0.79296875 0.6578947368421053 0.0546875 0.32456140350877194
18 0.841796875 0.6842105263157895 0.044921875 0.30701754385964913
18 0.888671875 0.7017543859649122 0.044921875 0.30701754385964913
18 0.94140625 0.7456140350877193 0.05859375 0.32456140350877194
18 0.044921875 0.2982456140350877 0.05859375 0.2982456140350877
18 0.115234375 0.3333333333333333 0.072265625 0.32456140350877194
18 0.181640625 0.37719298245614036 0.05078125 0.2982456140350877
18 0.240234375 0.39473684210526316 0.05078125 0.3333333333333333
18 0.29296875 0.4298245614035088 0.044921875 0.32456140350877194
18 0.345703125 0.45614035087719296 0.05078125 0.3333333333333333
18 0.40234375 0.47368421052631576 0.05078125 0.32456140350877194
18 0.455078125 0.5087719298245614 0.05078125 0.35964912280701755
18 0.509765625 0.5263157894736842 0.05078125 0.3333333333333333
18 0.56640625 0.543859649122807 0.05859375 0.32456140350877194
18 0.626953125 0.5877192982456141 0.060546875 0.32456140350877194
18 0.68359375 0.6228070175438597 0.05078125 0.3333333333333333
18 0.73828125 0.631578947368421 0.05078125 0.30701754385964913