18 0.859375 0.45161290322580644 0.056640625 0.5725806451612904
18 0.9140625 0.45161290322580644 0.0625 0.5967741935483871
18 0.8046875 0.4596774193548387 0.056640625 0.5806451612903226
18 0.650390625 0.46774193548387094 0.0546875 0.5564516129032258
18 0.595703125 0.47580645161290325 0.056640625 0.5725806451612904
18 0.6953125 0.4838709677419355 0.0546875 0.5564516129032258
18 0.755859375 0.4838709677419355 0.056640625 0.6048387096774194
18 0.4921875 0.5 0.056640625 0.5725806451612904
18 0.54296875 0.5 0.0546875 0.5725806451612904
18 0.388671875 0.5080645161290323 0.060546875 0.5564516129032258
18 0.435546875 0.5080645161290323 0.0546875 0.5725806451612904
18 0.28125 0.5080645161290323 0.060546875 0.5725806451612904
18 0.33203125 0.5161290322580645 0.056640625 0.5564516129032258
18 0.23046875 0.532258064516129 0.056640625 0.5564516129032258
18 0.076171875 0.532258064516129 0.060546875 0.5725806451612904
18 0.1796875 0.5403225806451613 0.056640625 0.5564516129032258
18 0.125 0.5564516129032258 0.0546875 0.5806451612903226