18 0.05859375 0.3389830508474576 0.060546875 0.3898305084745763
18 0.109375 0.3559322033898305 0.052734375 0.3898305084745763
18 0.1640625 0.3728813559322034 0.0546875 0.3813559322033898
18 0.216796875 0.3898305084745763 0.060546875 0.3898305084745763
18 0.265625 0.4152542372881356 0.052734375 0.3813559322033898
18 0.322265625 0.4322033898305085 0.05859375 0.4152542372881356
18 0.37109375 0.4491525423728814 0.044921875 0.3983050847457627
18 0.423828125 0.4745762711864407 0.046875 0.3898305084745763
18 0.482421875 0.5 0.05078125 0.3813559322033898
18 0.537109375 0.5169491525423728 0.0546875 0.3898305084745763
18 0.587890625 0.5338983050847458 0.0546875 0.4152542372881356
18 0.646484375 0.559322033898305 0.05859375 0.3983050847457627
18 0.705078125 0.576271186440678 0.0546875 0.4067796610169492
18 0.759765625 0.6016949152542372 0.056640625 0.3898305084745763
18 0.81640625 0.6186440677966102 0.05078125 0.3983050847457627
18 0.873046875 0.635593220338983 0.052734375 0.3813559322033898
18 0.9296875 0.6610169491525424 0.05078125 0.4067796610169492