18 0.451171875 0.4789473684210526 0.095703125 0.21578947368421053
18 0.509765625 0.5210526315789473 0.107421875 0.24210526315789474
18 0.5625 0.5578947368421052 0.1015625 0.22105263157894736
18 0.625 0.5947368421052631 0.095703125 0.23157894736842105
18 0.689453125 0.631578947368421 0.08203125 0.24210526315789474
18 0.744140625 0.6736842105263158 0.091796875 0.25263157894736843
18 0.80859375 0.7210526315789474 0.08984375 0.24210526315789474
18 0.869140625 0.7631578947368421 0.09765625 0.24736842105263157
18 0.9375 0.8052631578947368 0.095703125 0.2578947368421053
18 0.0546875 0.19473684210526315 0.109375 0.21578947368421053
18 0.103515625 0.22105263157894736 0.091796875 0.2
18 0.15234375 0.2578947368421053 0.087890625 0.2
18 0.1953125 0.2894736842105263 0.11328125 0.21578947368421053
18 0.2421875 0.3368421052631579 0.099609375 0.21578947368421053
18 0.302734375 0.3684210526315789 0.080078125 0.21052631578947367
18 0.353515625 0.4 0.0859375 0.21578947368421053
18 0.404296875 0.4473684210526316 0.083984375 0.20526315789473684