18 0.9296875 0.3557692307692308 0.052734375 0.4326923076923077
18 0.875 0.375 0.056640625 0.4423076923076923
18 0.818359375 0.3942307692307692 0.05078125 0.4423076923076923
18 0.763671875 0.41346153846153844 0.05078125 0.41346153846153844
18 0.708984375 0.4230769230769231 0.056640625 0.4230769230769231
18 0.650390625 0.4423076923076923 0.048828125 0.4326923076923077
18 0.595703125 0.47115384615384615 0.052734375 0.4230769230769231
18 0.541015625 0.49038461538461536 0.05859375 0.4230769230769231
18 0.427734375 0.5192307692307693 0.060546875 0.41346153846153844
18 0.482421875 0.5288461538461539 0.056640625 0.4326923076923077
18 0.375 0.5480769230769231 0.05078125 0.4230769230769231
18 0.326171875 0.5673076923076923 0.0625 0.4230769230769231
18 0.279296875 0.5769230769230769 0.044921875 0.4423076923076923
18 0.234375 0.5961538461538461 0.06640625 0.4326923076923077
18 0.1796875 0.6057692307692307 0.056640625 0.4230769230769231
18 0.125 0.6153846153846154 0.060546875 0.4230769230769231
18 0.0703125 0.625 0.0703125 0.4230769230769231