18 0.28515625 0.32905982905982906 0.056640625 0.14102564102564102
18 0.337890625 0.3717948717948718 0.05859375 0.1452991452991453
18 0.39453125 0.41452991452991456 0.044921875 0.13247863247863248
18 0.447265625 0.45726495726495725 0.052734375 0.1452991452991453
18 0.501953125 0.5 0.05859375 0.1452991452991453
18 0.5625 0.5470085470085471 0.0703125 0.1581196581196581
18 0.62890625 0.6025641025641025 0.05078125 0.1452991452991453
18 0.68359375 0.6410256410256411 0.04296875 0.1282051282051282
18 0.732421875 0.6837606837606838 0.052734375 0.1282051282051282
18 0.7890625 0.7264957264957265 0.052734375 0.13247863247863248
18 0.841796875 0.7649572649572649 0.052734375 0.14102564102564102
18 0.89453125 0.7991452991452992 0.05078125 0.13675213675213677
18 0.947265625 0.8461538461538461 0.046875 0.13247863247863248
18 0.041015625 0.1452991452991453 0.05859375 0.14957264957264957
18 0.11328125 0.19658119658119658 0.07421875 0.1581196581196581
18 0.17578125 0.24786324786324787 0.052734375 0.12393162393162394
18 0.228515625 0.2863247863247863 0.05859375 0.1452991452991453