18 0.28125 0.33152173913043476 0.064453125 0.1956521739130435
18 0.33203125 0.375 0.052734375 0.1956521739130435
18 0.38671875 0.41304347826086957 0.06640625 0.2391304347826087
18 0.435546875 0.44565217391304346 0.05859375 0.22282608695652173
18 0.494140625 0.4891304347826087 0.05859375 0.21739130434782608
18 0.544921875 0.5271739130434783 0.064453125 0.21739130434782608
18 0.595703125 0.5652173913043478 0.064453125 0.21195652173913043
18 0.65234375 0.6141304347826086 0.0546875 0.21195652173913043
18 0.703125 0.657608695652174 0.052734375 0.1956521739130435
18 0.759765625 0.7065217391304348 0.064453125 0.22282608695652173
18 0.814453125 0.7445652173913043 0.052734375 0.1956521739130435
18 0.8671875 0.7880434782608695 0.056640625 0.24456521739130435
18 0.9296875 0.8206521739130435 0.0546875 0.19021739130434784
18 0.0546875 0.16847826086956522 0.068359375 0.2391304347826087
18 0.123046875 0.1956521739130435 0.076171875 0.22826086956521738
18 0.177734375 0.2554347826086957 0.0546875 0.1956521739130435
18 0.2265625 0.29891304347826086 0.064453125 0.20652173913043478