18 0.64453125 0.5512820512820513 0.0546875 0.38461538461538464
18 0.701171875 0.5769230769230769 0.0625 0.391025641025641
18 0.763671875 0.6089743589743589 0.064453125 0.3974358974358974
18 0.822265625 0.6282051282051282 0.068359375 0.358974358974359
18 0.884765625 0.6602564102564102 0.064453125 0.3717948717948718
18 0.9453125 0.7051282051282052 0.0625 0.40384615384615385
18 0.060546875 0.2564102564102564 0.0625 0.358974358974359
18 0.109375 0.28205128205128205 0.0546875 0.3333333333333333
18 0.158203125 0.30128205128205127 0.05859375 0.3525641025641026
18 0.205078125 0.3141025641025641 0.060546875 0.34615384615384615
18 0.255859375 0.3525641025641026 0.060546875 0.358974358974359
18 0.310546875 0.3782051282051282 0.05859375 0.3525641025641026
18 0.3671875 0.41025641025641024 0.056640625 0.358974358974359
18 0.419921875 0.4423076923076923 0.0546875 0.3782051282051282
18 0.47265625 0.46794871794871795 0.0625 0.3717948717948718
18 0.529296875 0.48717948717948717 0.072265625 0.391025641025641
18 0.583984375 0.5192307692307693 0.06640625 0.391025641025641