18 0.947265625 0.45555555555555555 0.0625 0.6777777777777778
18 0.884765625 0.4666666666666667 0.0625 0.6666666666666666
18 0.76171875 0.4666666666666667 0.05859375 0.6777777777777778
18 0.703125 0.4777777777777778 0.056640625 0.6777777777777778
18 0.8203125 0.4777777777777778 0.0546875 0.6777777777777778
18 0.53125 0.5 0.06640625 0.6777777777777778
18 0.642578125 0.5 0.0546875 0.6555555555555556
18 0.5859375 0.5111111111111111 0.0625 0.6555555555555556
18 0.419921875 0.5111111111111111 0.052734375 0.6333333333333333
18 0.470703125 0.5222222222222223 0.05859375 0.6333333333333333
18 0.310546875 0.5222222222222223 0.05078125 0.6444444444444445
18 0.369140625 0.5222222222222223 0.03125 0.6333333333333333
18 0.208984375 0.5444444444444444 0.05859375 0.6333333333333333
18 0.26171875 0.5444444444444444 0.0546875 0.6
18 0.154296875 0.5555555555555556 0.05078125 0.6
18 0.05859375 0.5555555555555556 0.0625 0.6
18 0.10546875 0.5666666666666667 0.05078125 0.6222222222222222