18 0.974609375 0.75 0.044921875 0.44
18 0.044921875 0.3 0.064453125 0.39
18 0.09765625 0.33 0.05859375 0.42
18 0.15234375 0.34 0.056640625 0.42
18 0.205078125 0.37 0.056640625 0.42
18 0.259765625 0.38 0.056640625 0.41
18 0.3203125 0.43 0.060546875 0.41
18 0.376953125 0.44 0.05859375 0.43
18 0.43359375 0.5 0.0625 0.45
18 0.4921875 0.52 0.0625 0.45
18 0.55078125 0.53 0.0625 0.42
18 0.609375 0.57 0.0625 0.42
18 0.669921875 0.59 0.0625 0.43
18 0.732421875 0.61 0.06640625 0.47
18 0.794921875 0.66 0.060546875 0.43
18 0.85546875 0.67 0.064453125 0.45
18 0.923828125 0.7 0.05859375 0.44