18 0.0859375 0.4326923076923077 0.08203125 0.46153846153846156
18 0.15625 0.4519230769230769 0.05078125 0.47115384615384615
18 0.2109375 0.46153846153846156 0.0546875 0.4807692307692308
18 0.314453125 0.46153846153846156 0.046875 0.4423076923076923
18 0.265625 0.47115384615384615 0.046875 0.46153846153846156
18 0.365234375 0.4807692307692308 0.04296875 0.4423076923076923
18 0.416015625 0.49038461538461536 0.046875 0.4423076923076923
18 0.51953125 0.5 0.046875 0.46153846153846156
18 0.466796875 0.5 0.05078125 0.47115384615384615
18 0.6171875 0.5096153846153846 0.046875 0.4807692307692308
18 0.6640625 0.5096153846153846 0.048828125 0.46153846153846156
18 0.5703125 0.5192307692307693 0.033203125 0.47115384615384615
18 0.71484375 0.5192307692307693 0.046875 0.46153846153846156
18 0.767578125 0.5288461538461539 0.046875 0.4423076923076923
18 0.818359375 0.5288461538461539 0.03125 0.4423076923076923
18 0.8671875 0.5480769230769231 0.04296875 0.4326923076923077
18 0.919921875 0.5480769230769231 0.0546875 0.4326923076923077