18 0.8984375 0.39166666666666666 0.048828125 0.475
18 0.845703125 0.4083333333333333 0.048828125 0.475
18 0.796875 0.425 0.048828125 0.5083333333333333
18 0.748046875 0.43333333333333335 0.052734375 0.5083333333333333
18 0.6484375 0.45 0.052734375 0.475
18 0.69921875 0.45 0.048828125 0.475
18 0.599609375 0.4583333333333333 0.048828125 0.525
18 0.498046875 0.48333333333333334 0.052734375 0.5083333333333333
18 0.548828125 0.49166666666666664 0.056640625 0.525
18 0.400390625 0.5083333333333333 0.056640625 0.49166666666666664
18 0.451171875 0.5166666666666667 0.048828125 0.5083333333333333
18 0.3515625 0.525 0.052734375 0.525
18 0.306640625 0.5416666666666666 0.048828125 0.5083333333333333
18 0.251953125 0.55 0.056640625 0.525
18 0.203125 0.5666666666666667 0.060546875 0.49166666666666664
18 0.103515625 0.5833333333333334 0.064453125 0.525
18 0.150390625 0.5916666666666667 0.048828125 0.5333333333333333