18 0.154296875 0.5576923076923077 0.060546875 0.6346153846153846
18 0.21875 0.5576923076923077 0.0625 0.7019230769230769
18 0.94921875 0.49038461538461536 0.06640625 0.6730769230769231
18 0.88671875 0.49038461538461536 0.0703125 0.6923076923076923
18 0.6484375 0.5 0.0625 0.6634615384615384
18 0.705078125 0.5 0.064453125 0.6923076923076923
18 0.826171875 0.5 0.060546875 0.6442307692307693
18 0.765625 0.5096153846153846 0.06640625 0.7019230769230769
18 0.525390625 0.5096153846153846 0.0625 0.6923076923076923
18 0.58984375 0.5096153846153846 0.068359375 0.6538461538461539
18 0.462890625 0.5192307692307693 0.072265625 0.6538461538461539
18 0.341796875 0.5288461538461539 0.068359375 0.6634615384615384
18 0.279296875 0.5384615384615384 0.0625 0.6826923076923077
18 0.03515625 0.5384615384615384 0.068359375 0.6442307692307693
18 0.400390625 0.5480769230769231 0.06640625 0.6730769230769231
18 0.09375 0.5480769230769231 0.0625 0.6730769230769231