18 0.05078125 0.30701754385964913 0.05078125 0.45614035087719296
18 0.10546875 0.3333333333333333 0.046875 0.45614035087719296
18 0.15625 0.3333333333333333 0.048828125 0.4649122807017544
18 0.20703125 0.34210526315789475 0.056640625 0.4473684210526316
18 0.26171875 0.40350877192982454 0.052734375 0.45614035087719296
18 0.318359375 0.41228070175438597 0.056640625 0.4649122807017544
18 0.376953125 0.4298245614035088 0.046875 0.39473684210526316
18 0.421875 0.4649122807017544 0.046875 0.45614035087719296
18 0.4765625 0.4824561403508772 0.056640625 0.4824561403508772
18 0.58984375 0.5 0.052734375 0.43859649122807015
18 0.5390625 0.5087719298245614 0.05078125 0.4649122807017544
18 0.6484375 0.5263157894736842 0.044921875 0.42105263157894735
18 0.705078125 0.5701754385964912 0.048828125 0.4649122807017544
18 0.76171875 0.5964912280701754 0.052734375 0.4473684210526316
18 0.8203125 0.5964912280701754 0.05078125 0.4298245614035088
18 0.884765625 0.6052631578947368 0.052734375 0.4649122807017544
18 0.94140625 0.631578947368421 0.0546875 0.4824561403508772