18 0.08203125 0.4861111111111111 0.056640625 0.5138888888888888
18 0.138671875 0.4861111111111111 0.048828125 0.5138888888888888
18 0.296875 0.5 0.048828125 0.5416666666666666
18 0.3515625 0.5 0.044921875 0.5
18 0.45703125 0.5138888888888888 0.05078125 0.5138888888888888
18 0.509765625 0.5138888888888888 0.05078125 0.5138888888888888
18 0.6640625 0.5138888888888888 0.056640625 0.4444444444444444
18 0.19140625 0.5138888888888888 0.056640625 0.5138888888888888
18 0.244140625 0.5138888888888888 0.044921875 0.4861111111111111
18 0.611328125 0.5138888888888888 0.05078125 0.4583333333333333
18 0.40234375 0.5277777777777778 0.0546875 0.5138888888888888
18 0.55859375 0.5277777777777778 0.05859375 0.4861111111111111
18 0.71484375 0.5416666666666666 0.05078125 0.5
18 0.822265625 0.5416666666666666 0.05078125 0.4583333333333333
18 0.771484375 0.5416666666666666 0.0546875 0.4861111111111111
18 0.87109375 0.5416666666666666 0.05078125 0.4861111111111111
18 0.9296875 0.5416666666666666 0.064453125 0.4861111111111111