18 0.91796875 0.4444444444444444 0.05078125 0.6111111111111112
18 0.80859375 0.4444444444444444 0.0546875 0.6018518518518519
18 0.86328125 0.4444444444444444 0.05078125 0.6018518518518519
18 0.654296875 0.4537037037037037 0.05078125 0.6018518518518519
18 0.75390625 0.4537037037037037 0.04296875 0.6018518518518519
18 0.705078125 0.46296296296296297 0.048828125 0.6111111111111112
18 0.55078125 0.48148148148148145 0.052734375 0.6018518518518519
18 0.6015625 0.48148148148148145 0.052734375 0.6018518518518519
18 0.498046875 0.49074074074074076 0.05078125 0.6018518518518519
18 0.34375 0.5092592592592593 0.0546875 0.6111111111111112
18 0.39453125 0.5092592592592593 0.056640625 0.6296296296296297
18 0.447265625 0.5092592592592593 0.052734375 0.6203703703703703
18 0.291015625 0.5185185185185185 0.052734375 0.6018518518518519
18 0.23828125 0.5277777777777778 0.0546875 0.6111111111111112
18 0.078125 0.5277777777777778 0.05859375 0.6203703703703703
18 0.18359375 0.5370370370370371 0.05859375 0.6111111111111112
18 0.1328125 0.5462962962962963 0.0546875 0.6203703703703703