18 0.080078125 0.4444444444444444 0.064453125 0.5925925925925926
18 0.134765625 0.4537037037037037 0.048828125 0.6018518518518519
18 0.240234375 0.4537037037037037 0.052734375 0.6018518518518519
18 0.1875 0.46296296296296297 0.0625 0.6203703703703703
18 0.40234375 0.4722222222222222 0.0546875 0.5925925925925926
18 0.455078125 0.4722222222222222 0.052734375 0.5925925925925926
18 0.29296875 0.4722222222222222 0.0546875 0.5925925925925926
18 0.34765625 0.48148148148148145 0.05859375 0.6018518518518519
18 0.505859375 0.48148148148148145 0.05859375 0.6018518518518519
18 0.560546875 0.48148148148148145 0.068359375 0.6018518518518519
18 0.61328125 0.49074074074074076 0.0546875 0.5925925925925926
18 0.666015625 0.5 0.05859375 0.5740740740740741
18 0.720703125 0.5 0.0546875 0.5740740740740741
18 0.7734375 0.5 0.05859375 0.6018518518518519
18 0.82421875 0.5 0.0546875 0.6018518518518519
18 0.880859375 0.5 0.05859375 0.5925925925925926
18 0.935546875 0.5092592592592593 0.068359375 0.5740740740740741