18 0.173828125 0.44285714285714284 0.05859375 0.6
18 0.06640625 0.45714285714285713 0.064453125 0.6142857142857143
18 0.232421875 0.45714285714285713 0.056640625 0.5857142857142857
18 0.33984375 0.4714285714285714 0.052734375 0.5857142857142857
18 0.123046875 0.4714285714285714 0.05078125 0.5571428571428572
18 0.287109375 0.4714285714285714 0.052734375 0.6142857142857143
18 0.392578125 0.4714285714285714 0.052734375 0.5714285714285714
18 0.447265625 0.4857142857142857 0.056640625 0.5857142857142857
18 0.501953125 0.5 0.05078125 0.6142857142857143
18 0.5546875 0.5 0.05859375 0.5857142857142857
18 0.740234375 0.5142857142857142 0.04296875 0.5428571428571428
18 0.625 0.5285714285714286 0.080078125 0.5714285714285714
18 0.69140625 0.5285714285714286 0.0546875 0.5714285714285714
18 0.7890625 0.5285714285714286 0.0546875 0.5714285714285714
18 0.841796875 0.5428571428571428 0.048828125 0.5571428571428572
18 0.890625 0.5428571428571428 0.044921875 0.5285714285714286
18 0.943359375 0.5428571428571428 0.05859375 0.5285714285714286