18 0.0625 0.34523809523809523 0.072265625 0.40476190476190477
18 0.125 0.36904761904761907 0.087890625 0.44047619047619047
18 0.197265625 0.40476190476190477 0.064453125 0.4523809523809524
18 0.255859375 0.42857142857142855 0.0703125 0.4166666666666667
18 0.3125 0.4523809523809524 0.05078125 0.38095238095238093
18 0.357421875 0.4642857142857143 0.05078125 0.39285714285714285
18 0.404296875 0.4880952380952381 0.0390625 0.42857142857142855
18 0.44921875 0.5 0.05078125 0.42857142857142855
18 0.509765625 0.5119047619047619 0.05859375 0.42857142857142855
18 0.572265625 0.5357142857142857 0.080078125 0.47619047619047616
18 0.63671875 0.5714285714285714 0.05078125 0.42857142857142855
18 0.6875 0.5714285714285714 0.05078125 0.40476190476190477
18 0.73828125 0.5952380952380952 0.05078125 0.40476190476190477
18 0.7890625 0.6071428571428571 0.0546875 0.4166666666666667
18 0.83984375 0.6309523809523809 0.05859375 0.44047619047619047
18 0.89453125 0.6428571428571429 0.052734375 0.44047619047619047
18 0.94921875 0.6547619047619048 0.0546875 0.42857142857142855