18 0.51171875 0.4962686567164179 0.12109375 0.12686567164179105
18 0.564453125 0.5373134328358209 0.111328125 0.11940298507462686
18 0.62109375 0.585820895522388 0.10546875 0.12686567164179105
18 0.6796875 0.6305970149253731 0.107421875 0.11940298507462686
18 0.7421875 0.6753731343283582 0.09765625 0.11567164179104478
18 0.802734375 0.7164179104477612 0.123046875 0.11194029850746269
18 0.869140625 0.7723880597014925 0.115234375 0.13432835820895522
18 0.923828125 0.8246268656716418 0.103515625 0.12686567164179105
18 0.076171875 0.13432835820895522 0.111328125 0.10820895522388059
18 0.119140625 0.17537313432835822 0.099609375 0.08955223880597014
18 0.171875 0.21641791044776118 0.09375 0.08208955223880597
18 0.2109375 0.25 0.115234375 0.10074626865671642
18 0.255859375 0.291044776119403 0.099609375 0.10074626865671642
18 0.3125 0.332089552238806 0.087890625 0.09328358208955224
18 0.36328125 0.373134328358209 0.08984375 0.09701492537313433
18 0.408203125 0.4141791044776119 0.099609375 0.10074626865671642
18 0.45703125 0.45149253731343286 0.11328125 0.11194029850746269