18 0.06640625 0.36585365853658536 0.05078125 0.3902439024390244
18 0.13671875 0.3902439024390244 0.076171875 0.4024390243902439
18 0.1953125 0.4146341463414634 0.041015625 0.35365853658536583
18 0.306640625 0.43902439024390244 0.05078125 0.36585365853658536
18 0.251953125 0.43902439024390244 0.060546875 0.35365853658536583
18 0.361328125 0.45121951219512196 0.041015625 0.3902439024390244
18 0.412109375 0.4634146341463415 0.048828125 0.36585365853658536
18 0.46484375 0.47560975609756095 0.052734375 0.3902439024390244
18 0.51171875 0.5 0.044921875 0.4146341463414634
18 0.56640625 0.524390243902439 0.052734375 0.3902439024390244
18 0.615234375 0.5365853658536586 0.044921875 0.4146341463414634
18 0.66796875 0.5365853658536586 0.044921875 0.3902439024390244
18 0.720703125 0.5487804878048781 0.044921875 0.3780487804878049
18 0.76953125 0.5609756097560976 0.041015625 0.3902439024390244
18 0.822265625 0.573170731707317 0.05078125 0.4024390243902439
18 0.873046875 0.5853658536585366 0.044921875 0.3902439024390244