18 0.771484375 0.6267605633802817 0.056640625 0.34507042253521125
18 0.826171875 0.6549295774647887 0.04296875 0.352112676056338
18 0.880859375 0.6830985915492958 0.060546875 0.3591549295774648
18 0.94140625 0.7253521126760564 0.060546875 0.3591549295774648
18 0.06640625 0.2323943661971831 0.072265625 0.3380281690140845
18 0.125 0.2676056338028169 0.060546875 0.30985915492957744
18 0.177734375 0.28169014084507044 0.0546875 0.323943661971831
18 0.224609375 0.3028169014084507 0.0625 0.30985915492957744
18 0.27734375 0.352112676056338 0.0625 0.33098591549295775
18 0.330078125 0.3873239436619718 0.0625 0.31690140845070425
18 0.390625 0.4225352112676056 0.046875 0.3380281690140845
18 0.4375 0.44366197183098594 0.052734375 0.33098591549295775
18 0.490234375 0.4647887323943662 0.05859375 0.34507042253521125
18 0.546875 0.5070422535211268 0.060546875 0.33098591549295775
18 0.60546875 0.5352112676056338 0.060546875 0.352112676056338
18 0.658203125 0.5633802816901409 0.056640625 0.3380281690140845
18 0.71484375 0.5845070422535211 0.05859375 0.33098591549295775