18 0.130859375 0.4189189189189189 0.087890625 0.4864864864864865
18 0.0625 0.43243243243243246 0.05859375 0.5540540540540541
18 0.19921875 0.4594594594594595 0.05078125 0.5540540540540541
18 0.259765625 0.4594594594594595 0.0625 0.527027027027027
18 0.3203125 0.4864864864864865 0.052734375 0.527027027027027
18 0.365234375 0.4864864864864865 0.052734375 0.5
18 0.41015625 0.4864864864864865 0.044921875 0.4864864864864865
18 0.51171875 0.5 0.0546875 0.527027027027027
18 0.45703125 0.5135135135135135 0.046875 0.527027027027027
18 0.576171875 0.527027027027027 0.07421875 0.5135135135135135
18 0.63671875 0.527027027027027 0.05078125 0.4864864864864865
18 0.685546875 0.527027027027027 0.05078125 0.47297297297297297
18 0.736328125 0.5405405405405406 0.046875 0.47297297297297297
18 0.78515625 0.5540540540540541 0.052734375 0.4864864864864865
18 0.8359375 0.5675675675675675 0.046875 0.4864864864864865
18 0.888671875 0.5675675675675675 0.05078125 0.4594594594594595
18 0.9375 0.581081081081081 0.048828125 0.47297297297297297