18 0.69921875 0.4868421052631579 0.046875 0.4605263157894737
18 0.74609375 0.4868421052631579 0.046875 0.4605263157894737
18 0.935546875 0.4868421052631579 0.060546875 0.4868421052631579
18 0.837890625 0.5 0.05078125 0.4473684210526316
18 0.884765625 0.5 0.05078125 0.47368421052631576
18 0.6484375 0.5 0.056640625 0.4868421052631579
18 0.791015625 0.5 0.046875 0.4605263157894737
18 0.21875 0.5131578947368421 0.056640625 0.47368421052631576
18 0.419921875 0.5131578947368421 0.041015625 0.4473684210526316
18 0.591796875 0.5131578947368421 0.052734375 0.47368421052631576
18 0.326171875 0.5131578947368421 0.064453125 0.4605263157894737
18 0.4765625 0.5131578947368421 0.06640625 0.4868421052631579
18 0.150390625 0.5131578947368421 0.08203125 0.4868421052631579
18 0.267578125 0.5263157894736842 0.05078125 0.47368421052631576
18 0.376953125 0.5263157894736842 0.044921875 0.42105263157894735
18 0.537109375 0.5263157894736842 0.056640625 0.5131578947368421
18 0.080078125 0.5263157894736842 0.06640625 0.4605263157894737