18 0.861328125 0.42727272727272725 0.05859375 0.5545454545454546
18 0.9140625 0.43636363636363634 0.0546875 0.5636363636363636
18 0.8125 0.44545454545454544 0.05859375 0.5636363636363636
18 0.7578125 0.44545454545454544 0.060546875 0.5545454545454546
18 0.701171875 0.4636363636363636 0.048828125 0.5545454545454546
18 0.654296875 0.4727272727272727 0.05859375 0.5636363636363636
18 0.6015625 0.4909090909090909 0.060546875 0.5636363636363636
18 0.4453125 0.5 0.05078125 0.5636363636363636
18 0.55078125 0.5 0.0546875 0.5454545454545454
18 0.5 0.509090909090909 0.05859375 0.5636363636363636
18 0.396484375 0.5272727272727272 0.060546875 0.5727272727272728
18 0.345703125 0.5272727272727272 0.0625 0.5636363636363636
18 0.24609375 0.5454545454545454 0.0546875 0.5818181818181818
18 0.294921875 0.5454545454545454 0.060546875 0.5727272727272728
18 0.19140625 0.5636363636363636 0.064453125 0.5636363636363636
18 0.13671875 0.5727272727272728 0.052734375 0.5636363636363636
18 0.08984375 0.5818181818181818 0.060546875 0.5545454545454546