18 0.076171875 0.4523809523809524 0.05078125 0.5833333333333334
18 0.12890625 0.4523809523809524 0.04296875 0.5833333333333334
18 0.181640625 0.4642857142857143 0.05078125 0.5833333333333334
18 0.232421875 0.4642857142857143 0.048828125 0.5833333333333334
18 0.28125 0.47619047619047616 0.05078125 0.5476190476190477
18 0.3359375 0.4880952380952381 0.0546875 0.5714285714285714
18 0.388671875 0.4880952380952381 0.048828125 0.5714285714285714
18 0.439453125 0.5 0.05078125 0.5952380952380952
18 0.4921875 0.5119047619047619 0.05078125 0.5833333333333334
18 0.599609375 0.5238095238095238 0.05078125 0.5833333333333334
18 0.546875 0.5238095238095238 0.0546875 0.5833333333333334
18 0.654296875 0.5238095238095238 0.0546875 0.5952380952380952
18 0.70703125 0.5238095238095238 0.05078125 0.5714285714285714
18 0.76171875 0.5357142857142857 0.052734375 0.5714285714285714
18 0.81640625 0.5357142857142857 0.0546875 0.5595238095238095
18 0.92578125 0.5357142857142857 0.0546875 0.5595238095238095
18 0.87109375 0.5476190476190477 0.05078125 0.5714285714285714