18 0.96875 0.38372093023255816 0.0546875 0.43023255813953487
18 0.853515625 0.38372093023255816 0.052734375 0.4069767441860465
18 0.912109375 0.3953488372093023 0.052734375 0.43023255813953487
18 0.796875 0.4069767441860465 0.0546875 0.3953488372093023
18 0.736328125 0.4069767441860465 0.056640625 0.3953488372093023
18 0.681640625 0.43023255813953487 0.052734375 0.4069767441860465
18 0.56640625 0.4418604651162791 0.0546875 0.4069767441860465
18 0.623046875 0.4418604651162791 0.052734375 0.4418604651162791
18 0.5078125 0.46511627906976744 0.056640625 0.43023255813953487
18 0.451171875 0.4883720930232558 0.046875 0.4069767441860465
18 0.39453125 0.5 0.046875 0.4069767441860465
18 0.337890625 0.5116279069767442 0.0546875 0.43023255813953487
18 0.279296875 0.5232558139534884 0.056640625 0.43023255813953487
18 0.220703125 0.5348837209302325 0.056640625 0.3953488372093023
18 0.162109375 0.5697674418604651 0.05859375 0.4069767441860465
18 0.10546875 0.5697674418604651 0.052734375 0.4069767441860465
18 0.046875 0.5930232558139535 0.056640625 0.3953488372093023