18 0.28125 0.30660377358490565 0.044921875 0.16037735849056603
18 0.32421875 0.35377358490566035 0.046875 0.16981132075471697
18 0.375 0.3867924528301887 0.0546875 0.17452830188679244
18 0.42578125 0.42452830188679247 0.056640625 0.17452830188679244
18 0.4765625 0.4716981132075472 0.05078125 0.1650943396226415
18 0.52734375 0.5094339622641509 0.060546875 0.18396226415094338
18 0.58203125 0.5566037735849056 0.056640625 0.18867924528301888
18 0.642578125 0.6084905660377359 0.033203125 0.1650943396226415
18 0.697265625 0.6556603773584906 0.03125 0.16981132075471697
18 0.751953125 0.6981132075471698 0.05078125 0.1792452830188679
18 0.80859375 0.7547169811320755 0.056640625 0.18396226415094338
18 0.87109375 0.7971698113207547 0.0546875 0.18396226415094338
18 0.93359375 0.8490566037735849 0.0546875 0.17452830188679244
18 0.068359375 0.13679245283018868 0.052734375 0.16981132075471697
18 0.12890625 0.1792452830188679 0.060546875 0.17452830188679244
18 0.1796875 0.22641509433962265 0.04296875 0.15566037735849056
18 0.224609375 0.2688679245283019 0.048828125 0.16981132075471697