18 0.111328125 0.46511627906976744 0.052734375 0.5465116279069767
18 0.212890625 0.47674418604651164 0.0546875 0.5581395348837209
18 0.16015625 0.47674418604651164 0.048828125 0.5930232558139535
18 0.26171875 0.47674418604651164 0.056640625 0.5465116279069767
18 0.72265625 0.4883720930232558 0.044921875 0.5930232558139535
18 0.3125 0.5 0.0546875 0.5930232558139535
18 0.62109375 0.5 0.05078125 0.5930232558139535
18 0.36328125 0.5 0.0546875 0.5930232558139535
18 0.4140625 0.5 0.05078125 0.5697674418604651
18 0.466796875 0.5 0.05859375 0.5930232558139535
18 0.517578125 0.5 0.048828125 0.5697674418604651
18 0.8828125 0.5 0.046875 0.5697674418604651
18 0.671875 0.5116279069767442 0.05078125 0.5813953488372093
18 0.77734375 0.5116279069767442 0.0546875 0.5813953488372093
18 0.830078125 0.5116279069767442 0.05859375 0.5813953488372093
18 0.568359375 0.5116279069767442 0.060546875 0.5930232558139535
18 0.935546875 0.5116279069767442 0.056640625 0.6046511627906976