18 0.044921875 0.3333333333333333 0.046875 0.4019607843137255
18 0.109375 0.3431372549019608 0.0703125 0.39215686274509803
18 0.1640625 0.3627450980392157 0.0625 0.4019607843137255
18 0.21484375 0.38235294117647056 0.06640625 0.4117647058823529
18 0.267578125 0.4019607843137255 0.06640625 0.4019607843137255
18 0.36328125 0.43137254901960786 0.04296875 0.39215686274509803
18 0.322265625 0.4411764705882353 0.044921875 0.39215686274509803
18 0.40625 0.45098039215686275 0.056640625 0.4215686274509804
18 0.46484375 0.4803921568627451 0.056640625 0.39215686274509803
18 0.533203125 0.5098039215686274 0.078125 0.4019607843137255
18 0.599609375 0.5196078431372549 0.056640625 0.4019607843137255
18 0.658203125 0.5392156862745098 0.06640625 0.4117647058823529
18 0.712890625 0.5588235294117647 0.05078125 0.39215686274509803
18 0.763671875 0.5686274509803921 0.052734375 0.4019607843137255
18 0.81640625 0.5980392156862745 0.056640625 0.4411764705882353
18 0.87890625 0.6078431372549019 0.0625 0.39215686274509803
18 0.9453125 0.6372549019607843 0.068359375 0.39215686274509803