18 0.1796875 0.49074074074074076 0.064453125 0.5925925925925926
18 0.046875 0.49074074074074076 0.068359375 0.6111111111111112
18 0.537109375 0.49074074074074076 0.06640625 0.6481481481481481
18 0.65625 0.49074074074074076 0.064453125 0.6759259259259259
18 0.2265625 0.5 0.064453125 0.6018518518518519
18 0.279296875 0.5 0.0546875 0.6388888888888888
18 0.333984375 0.5 0.044921875 0.6203703703703703
18 0.421875 0.5 0.05859375 0.6018518518518519
18 0.482421875 0.5 0.068359375 0.6388888888888888
18 0.78125 0.5 0.068359375 0.7037037037037037
18 0.134765625 0.5 0.048828125 0.5740740740740741
18 0.9140625 0.5 0.06640625 0.7407407407407407
18 0.3828125 0.5092592592592593 0.06640625 0.6388888888888888
18 0.71875 0.5092592592592593 0.06640625 0.7222222222222222
18 0.08984375 0.5092592592592593 0.056640625 0.5925925925925926
18 0.59765625 0.5092592592592593 0.0703125 0.7129629629629629
18 0.849609375 0.5185185185185185 0.06640625 0.7407407407407407