18 0.060546875 0.3076923076923077 0.06640625 0.4326923076923077
18 0.119140625 0.3269230769230769 0.052734375 0.3942307692307692
18 0.224609375 0.375 0.056640625 0.4326923076923077
18 0.171875 0.375 0.044921875 0.4423076923076923
18 0.2734375 0.40384615384615385 0.041015625 0.3942307692307692
18 0.318359375 0.4230769230769231 0.046875 0.41346153846153844
18 0.3671875 0.4423076923076923 0.046875 0.41346153846153844
18 0.421875 0.46153846153846156 0.052734375 0.4230769230769231
18 0.47265625 0.4807692307692308 0.0546875 0.4230769230769231
18 0.533203125 0.5096153846153846 0.056640625 0.41346153846153844
18 0.587890625 0.5192307692307693 0.048828125 0.4230769230769231
18 0.6484375 0.5480769230769231 0.056640625 0.4519230769230769
18 0.703125 0.5576923076923077 0.048828125 0.41346153846153844
18 0.763671875 0.6057692307692307 0.056640625 0.4519230769230769
18 0.818359375 0.6153846153846154 0.05078125 0.4423076923076923
18 0.876953125 0.6538461538461539 0.056640625 0.4230769230769231
18 0.9375 0.6826923076923077 0.060546875 0.4423076923076923