18 0.91796875 0.4574468085106383 0.0625 0.6595744680851063
18 0.296875 0.4574468085106383 0.0546875 0.6595744680851063
18 0.34765625 0.46808510638297873 0.056640625 0.648936170212766
18 0.611328125 0.46808510638297873 0.05859375 0.648936170212766
18 0.189453125 0.46808510638297873 0.056640625 0.648936170212766
18 0.24609375 0.46808510638297873 0.05859375 0.648936170212766
18 0.767578125 0.46808510638297873 0.05859375 0.6170212765957447
18 0.50390625 0.46808510638297873 0.05078125 0.6382978723404256
18 0.7109375 0.46808510638297873 0.0625 0.6382978723404256
18 0.8203125 0.46808510638297873 0.05859375 0.6382978723404256
18 0.08984375 0.46808510638297873 0.05859375 0.6914893617021277
18 0.451171875 0.46808510638297873 0.056640625 0.6170212765957447
18 0.400390625 0.4787234042553192 0.05859375 0.6382978723404256
18 0.658203125 0.4787234042553192 0.05859375 0.6063829787234043
18 0.8671875 0.4787234042553192 0.048828125 0.648936170212766
18 0.55859375 0.48936170212765956 0.056640625 0.6595744680851063
18 0.140625 0.48936170212765956 0.056640625 0.6914893617021277