18 0.685546875 0.6466666666666666 0.048828125 0.24
18 0.736328125 0.6733333333333333 0.0546875 0.25333333333333335
18 0.791015625 0.7066666666666667 0.0546875 0.26
18 0.845703125 0.7466666666666667 0.056640625 0.24666666666666667
18 0.90234375 0.7733333333333333 0.0546875 0.24666666666666667
18 0.958984375 0.8133333333333334 0.0546875 0.25333333333333335
18 0.044921875 0.24666666666666667 0.06640625 0.26666666666666666
18 0.125 0.28 0.083984375 0.26666666666666666
18 0.189453125 0.3333333333333333 0.05078125 0.24
18 0.2421875 0.36666666666666664 0.060546875 0.26
18 0.294921875 0.4 0.05859375 0.25333333333333335
18 0.3515625 0.43333333333333335 0.0625 0.25333333333333335
18 0.40625 0.47333333333333333 0.0546875 0.23333333333333334
18 0.458984375 0.5 0.029296875 0.25333333333333335
18 0.509765625 0.5333333333333333 0.0625 0.26666666666666666
18 0.5703125 0.5666666666666667 0.05859375 0.24666666666666667
18 0.630859375 0.6133333333333333 0.05859375 0.26666666666666666