18 0.412109375 0.4264705882352941 0.0625 0.3088235294117647
18 0.470703125 0.45588235294117646 0.052734375 0.3014705882352941
18 0.533203125 0.5 0.07421875 0.33088235294117646
18 0.595703125 0.5441176470588235 0.048828125 0.29411764705882354
18 0.6484375 0.5808823529411765 0.05078125 0.3088235294117647
18 0.701171875 0.6102941176470589 0.05859375 0.3382352941176471
18 0.75390625 0.6470588235294118 0.05859375 0.3088235294117647
18 0.81640625 0.6764705882352942 0.0625 0.3235294117647059
18 0.87109375 0.7132352941176471 0.046875 0.35294117647058826
18 0.931640625 0.7573529411764706 0.0703125 0.34558823529411764
18 0.0546875 0.19852941176470587 0.052734375 0.29411764705882354
18 0.109375 0.22794117647058823 0.07421875 0.3235294117647059
18 0.169921875 0.27205882352941174 0.048828125 0.29411764705882354
18 0.21875 0.3014705882352941 0.048828125 0.3014705882352941
18 0.26953125 0.33088235294117646 0.052734375 0.3088235294117647
18 0.3203125 0.3602941176470588 0.044921875 0.27205882352941174
18 0.361328125 0.39705882352941174 0.0390625 0.27941176470588236