18 0.05859375 0.41025641025641024 0.060546875 0.46153846153846156
18 0.130859375 0.4230769230769231 0.078125 0.47435897435897434
18 0.201171875 0.44871794871794873 0.05078125 0.4230769230769231
18 0.322265625 0.44871794871794873 0.0546875 0.4358974358974359
18 0.26171875 0.44871794871794873 0.060546875 0.46153846153846156
18 0.376953125 0.47435897435897434 0.044921875 0.44871794871794873
18 0.43359375 0.48717948717948717 0.056640625 0.44871794871794873
18 0.541015625 0.48717948717948717 0.046875 0.48717948717948717
18 0.486328125 0.48717948717948717 0.044921875 0.46153846153846156
18 0.6484375 0.5 0.052734375 0.48717948717948717
18 0.591796875 0.5 0.048828125 0.47435897435897434
18 0.705078125 0.5128205128205128 0.048828125 0.46153846153846156
18 0.7578125 0.5256410256410257 0.044921875 0.4358974358974359
18 0.8125 0.5384615384615384 0.048828125 0.46153846153846156
18 0.86328125 0.5512820512820513 0.046875 0.4358974358974359
18 0.916015625 0.5512820512820513 0.05078125 0.44871794871794873
18 0.96484375 0.5641025641025641 0.046875 0.44871794871794873