18 0.462890625 0.47368421052631576 0.05859375 0.5131578947368421
18 0.314453125 0.47368421052631576 0.056640625 0.5394736842105263
18 0.0625 0.4868421052631579 0.06640625 0.5526315789473685
18 0.51953125 0.4868421052631579 0.0546875 0.5394736842105263
18 0.1328125 0.4868421052631579 0.087890625 0.5263157894736842
18 0.255859375 0.4868421052631579 0.05859375 0.5263157894736842
18 0.365234375 0.4868421052631579 0.046875 0.5526315789473685
18 0.41015625 0.4868421052631579 0.041015625 0.5131578947368421
18 0.58203125 0.4868421052631579 0.076171875 0.5131578947368421
18 0.935546875 0.4868421052631579 0.052734375 0.5131578947368421
18 0.88671875 0.5 0.05078125 0.5
18 0.203125 0.5 0.056640625 0.5526315789473685
18 0.642578125 0.5 0.048828125 0.4868421052631579
18 0.69140625 0.5131578947368421 0.048828125 0.5263157894736842
18 0.83984375 0.5131578947368421 0.056640625 0.5
18 0.7421875 0.5131578947368421 0.052734375 0.4868421052631579
18 0.7890625 0.5131578947368421 0.05859375 0.5131578947368421