18 0.267578125 0.4583333333333333 0.06640625 0.5
18 0.458984375 0.4583333333333333 0.05078125 0.5277777777777778
18 0.515625 0.4583333333333333 0.06640625 0.5277777777777778
18 0.3203125 0.4722222222222222 0.044921875 0.5138888888888888
18 0.3671875 0.4722222222222222 0.0546875 0.5138888888888888
18 0.580078125 0.4722222222222222 0.072265625 0.5138888888888888
18 0.732421875 0.4722222222222222 0.05078125 0.4861111111111111
18 0.876953125 0.4722222222222222 0.048828125 0.5416666666666666
18 0.14453125 0.4722222222222222 0.087890625 0.5138888888888888
18 0.2109375 0.4722222222222222 0.0625 0.5416666666666666
18 0.638671875 0.4722222222222222 0.052734375 0.5
18 0.78125 0.4722222222222222 0.052734375 0.5
18 0.080078125 0.4722222222222222 0.072265625 0.5277777777777778
18 0.93359375 0.4722222222222222 0.06640625 0.5277777777777778
18 0.412109375 0.4861111111111111 0.04296875 0.4861111111111111
18 0.685546875 0.4861111111111111 0.048828125 0.4583333333333333
18 0.83203125 0.4861111111111111 0.052734375 0.4861111111111111