18 0.951171875 0.4222222222222222 0.056640625 0.5555555555555556
18 0.845703125 0.43333333333333335 0.0546875 0.5555555555555556
18 0.900390625 0.43333333333333335 0.052734375 0.5555555555555556
18 0.8046875 0.45555555555555555 0.04296875 0.5777777777777777
18 0.75390625 0.45555555555555555 0.056640625 0.5555555555555556
18 0.697265625 0.4666666666666667 0.060546875 0.5666666666666667
18 0.640625 0.4666666666666667 0.056640625 0.5888888888888889
18 0.57421875 0.4888888888888889 0.07421875 0.6
18 0.455078125 0.4888888888888889 0.060546875 0.5888888888888889
18 0.509765625 0.4888888888888889 0.052734375 0.5888888888888889
18 0.40234375 0.5 0.04296875 0.5888888888888889
18 0.359375 0.5111111111111111 0.04296875 0.6111111111111112
18 0.306640625 0.5111111111111111 0.060546875 0.6
18 0.24609375 0.5222222222222223 0.060546875 0.6111111111111112
18 0.1171875 0.5222222222222223 0.064453125 0.6111111111111112
18 0.1796875 0.5333333333333333 0.060546875 0.6111111111111112
18 0.05859375 0.5333333333333333 0.056640625 0.6111111111111112