18 0.9296875 0.36363636363636365 0.060546875 0.5303030303030303
18 0.880859375 0.3787878787878788 0.060546875 0.553030303030303
18 0.833984375 0.4015151515151515 0.056640625 0.5454545454545454
18 0.783203125 0.4090909090909091 0.05859375 0.5454545454545454
18 0.732421875 0.42424242424242425 0.060546875 0.5378787878787878
18 0.68359375 0.4318181818181818 0.0703125 0.5303030303030303
18 0.62890625 0.4393939393939394 0.064453125 0.5303030303030303
18 0.576171875 0.44696969696969696 0.064453125 0.5303030303030303
18 0.521484375 0.4696969696969697 0.078125 0.5303030303030303
18 0.419921875 0.4772727272727273 0.06640625 0.5303030303030303
18 0.470703125 0.4772727272727273 0.0625 0.5984848484848485
18 0.3046875 0.5075757575757576 0.060546875 0.5757575757575758
18 0.361328125 0.5151515151515151 0.076171875 0.6212121212121212
18 0.251953125 0.5303030303030303 0.072265625 0.5454545454545454
18 0.193359375 0.5303030303030303 0.0703125 0.5681818181818182
18 0.1328125 0.5378787878787878 0.07421875 0.5681818181818182
18 0.080078125 0.5681818181818182 0.076171875 0.5606060606060606