18 0.376953125 0.42574257425742573 0.0546875 0.24257425742574257
18 0.42578125 0.4603960396039604 0.060546875 0.24752475247524752
18 0.482421875 0.49504950495049505 0.0625 0.24752475247524752
18 0.541015625 0.5198019801980198 0.072265625 0.25742574257425743
18 0.58984375 0.5643564356435643 0.060546875 0.25742574257425743
18 0.654296875 0.594059405940594 0.060546875 0.24257425742574257
18 0.703125 0.6287128712871287 0.044921875 0.25742574257425743
18 0.7578125 0.6633663366336634 0.04296875 0.25742574257425743
18 0.8203125 0.7029702970297029 0.060546875 0.25742574257425743
18 0.873046875 0.7376237623762376 0.044921875 0.2524752475247525
18 0.935546875 0.7673267326732673 0.064453125 0.24257425742574257
18 0.060546875 0.23267326732673269 0.06640625 0.27722772277227725
18 0.11328125 0.2623762376237624 0.060546875 0.25742574257425743
18 0.1640625 0.297029702970297 0.05859375 0.25742574257425743
18 0.216796875 0.3217821782178218 0.06640625 0.2376237623762376
18 0.26953125 0.35148514851485146 0.0703125 0.24257425742574257
18 0.32421875 0.39603960396039606 0.05859375 0.24257425742574257