18 0.701171875 0.4897959183673469 0.060546875 0.6224489795918368
18 0.76171875 0.4897959183673469 0.05859375 0.6020408163265306
18 0.822265625 0.5102040816326531 0.0625 0.6326530612244898
18 0.888671875 0.5102040816326531 0.068359375 0.6224489795918368
18 0.955078125 0.5204081632653061 0.060546875 0.6530612244897959
18 0.099609375 0.3979591836734694 0.05078125 0.5510204081632653
18 0.1484375 0.40816326530612246 0.056640625 0.5714285714285714
18 0.046875 0.41836734693877553 0.05078125 0.5918367346938775
18 0.19921875 0.41836734693877553 0.05078125 0.5714285714285714
18 0.25 0.4387755102040816 0.046875 0.5816326530612245
18 0.306640625 0.4387755102040816 0.06640625 0.5714285714285714
18 0.36328125 0.4489795918367347 0.044921875 0.5816326530612245
18 0.412109375 0.4489795918367347 0.048828125 0.5714285714285714
18 0.46484375 0.4489795918367347 0.0546875 0.5816326530612245
18 0.5234375 0.45918367346938777 0.060546875 0.5612244897959183
18 0.58203125 0.46938775510204084 0.052734375 0.5816326530612245
18 0.638671875 0.46938775510204084 0.05859375 0.5816326530612245