18 0.16796875 0.48717948717948717 0.056640625 0.6794871794871795
18 0.05078125 0.48717948717948717 0.0546875 0.6923076923076923
18 0.337890625 0.5 0.0390625 0.6794871794871795
18 0.228515625 0.5 0.056640625 0.6538461538461539
18 0.10546875 0.5128205128205128 0.0625 0.6538461538461539
18 0.287109375 0.5128205128205128 0.056640625 0.6538461538461539
18 0.486328125 0.5128205128205128 0.0546875 0.6153846153846154
18 0.951171875 0.5128205128205128 0.052734375 0.6410256410256411
18 0.734375 0.5256410256410257 0.0546875 0.6794871794871795
18 0.845703125 0.5256410256410257 0.0625 0.6794871794871795
18 0.380859375 0.5256410256410257 0.041015625 0.6923076923076923
18 0.787109375 0.5256410256410257 0.056640625 0.6538461538461539
18 0.8984375 0.5256410256410257 0.05078125 0.6538461538461539
18 0.619140625 0.5384615384615384 0.056640625 0.6923076923076923
18 0.431640625 0.5384615384615384 0.0546875 0.6923076923076923
18 0.5546875 0.5384615384615384 0.0703125 0.6666666666666666
18 0.6796875 0.5384615384615384 0.05859375 0.6153846153846154