18 0.931640625 0.37037037037037035 0.060546875 0.5277777777777778
18 0.87109375 0.3888888888888889 0.056640625 0.5462962962962963
18 0.814453125 0.4166666666666667 0.046875 0.5555555555555556
18 0.7578125 0.4351851851851852 0.0546875 0.5277777777777778
18 0.703125 0.4537037037037037 0.052734375 0.5092592592592593
18 0.6484375 0.4722222222222222 0.052734375 0.5277777777777778
18 0.595703125 0.5 0.048828125 0.5462962962962963
18 0.482421875 0.5277777777777778 0.0546875 0.5370370370370371
18 0.5390625 0.5277777777777778 0.056640625 0.5370370370370371
18 0.4296875 0.5370370370370371 0.048828125 0.5462962962962963
18 0.376953125 0.5462962962962963 0.046875 0.5370370370370371
18 0.26953125 0.5740740740740741 0.052734375 0.5092592592592593
18 0.322265625 0.5740740740740741 0.056640625 0.5462962962962963
18 0.21484375 0.5833333333333334 0.048828125 0.49074074074074076
18 0.1640625 0.6018518518518519 0.048828125 0.49074074074074076
18 0.0625 0.6203703703703703 0.048828125 0.5092592592592593
18 0.111328125 0.6203703703703703 0.046875 0.49074074074074076