18 0.05859375 0.36585365853658536 0.052734375 0.3902439024390244
18 0.130859375 0.3780487804878049 0.07421875 0.4268292682926829
18 0.1953125 0.4146341463414634 0.0390625 0.3902439024390244
18 0.251953125 0.4146341463414634 0.0546875 0.4146341463414634
18 0.3125 0.45121951219512196 0.046875 0.4268292682926829
18 0.3671875 0.4634146341463415 0.046875 0.4268292682926829
18 0.41796875 0.4878048780487805 0.046875 0.43902439024390244
18 0.474609375 0.4878048780487805 0.046875 0.43902439024390244
18 0.52734375 0.524390243902439 0.044921875 0.4024390243902439
18 0.583984375 0.524390243902439 0.05078125 0.4024390243902439
18 0.08203125 0.5365853658536586 0.001953125 0
18 0.638671875 0.5487804878048781 0.05078125 0.4146341463414634
18 0.69140625 0.5853658536585366 0.029296875 0.4024390243902439
18 0.7421875 0.5853658536585366 0.03125 0.43902439024390244
18 0.79296875 0.5975609756097561 0.044921875 0.4146341463414634
18 0.845703125 0.6219512195121951 0.04296875 0.4024390243902439
18 0.896484375 0.6463414634146342 0.044921875 0.3902439024390244
18 0.94921875 0.6463414634146342 0.046875 0.4146341463414634