18 0.89453125 0.44047619047619047 0.037109375 0.5357142857142857
18 0.8515625 0.4523809523809524 0.052734375 0.5119047619047619
18 0.939453125 0.4523809523809524 0.05078125 0.5357142857142857
18 0.80078125 0.4523809523809524 0.056640625 0.5595238095238095
18 0.744140625 0.4642857142857143 0.0546875 0.5595238095238095
18 0.6484375 0.4642857142857143 0.052734375 0.5595238095238095
18 0.697265625 0.47619047619047616 0.0390625 0.5595238095238095
18 0.51953125 0.4880952380952381 0.064453125 0.5833333333333334
18 0.5859375 0.4880952380952381 0.0703125 0.5595238095238095
18 0.41796875 0.4880952380952381 0.037109375 0.5595238095238095
18 0.46484375 0.4880952380952381 0.0546875 0.5714285714285714
18 0.36328125 0.5 0.06640625 0.5714285714285714
18 0.302734375 0.5119047619047619 0.052734375 0.5595238095238095
18 0.18359375 0.5238095238095238 0.060546875 0.6071428571428571
18 0.064453125 0.5238095238095238 0.052734375 0.6071428571428571
18 0.244140625 0.5238095238095238 0.060546875 0.6071428571428571
18 0.123046875 0.5357142857142857 0.06640625 0.6309523809523809