18 0.447265625 0.4647887323943662 0.0625 0.3380281690140845
18 0.498046875 0.5070422535211268 0.0625 0.3591549295774648
18 0.55078125 0.5633802816901409 0.06640625 0.3873239436619718
18 0.603515625 0.5704225352112676 0.056640625 0.3380281690140845
18 0.66015625 0.6056338028169014 0.064453125 0.352112676056338
18 0.716796875 0.647887323943662 0.05859375 0.3591549295774648
18 0.78125 0.6830985915492958 0.068359375 0.3380281690140845
18 0.830078125 0.7253521126760564 0.04296875 0.3380281690140845
18 0.88671875 0.7605633802816901 0.0703125 0.323943661971831
18 0.943359375 0.7746478873239436 0.05859375 0.3380281690140845
18 0.05859375 0.2323943661971831 0.078125 0.323943661971831
18 0.1171875 0.2605633802816901 0.06640625 0.352112676056338
18 0.171875 0.29577464788732394 0.060546875 0.3591549295774648
18 0.22265625 0.3380281690140845 0.0625 0.3380281690140845
18 0.283203125 0.3591549295774648 0.072265625 0.323943661971831
18 0.330078125 0.4014084507042254 0.064453125 0.3591549295774648
18 0.38671875 0.4295774647887324 0.060546875 0.3380281690140845