18 0.064453125 0.35454545454545455 0.05078125 0.509090909090909
18 0.115234375 0.37272727272727274 0.044921875 0.4909090909090909
18 0.166015625 0.38181818181818183 0.044921875 0.5
18 0.216796875 0.4090909090909091 0.0546875 0.5181818181818182
18 0.267578125 0.42727272727272725 0.05078125 0.5454545454545454
18 0.322265625 0.43636363636363634 0.05078125 0.5272727272727272
18 0.37890625 0.45454545454545453 0.029296875 0.5181818181818182
18 0.4296875 0.4636363636363636 0.052734375 0.5454545454545454
18 0.484375 0.4909090909090909 0.056640625 0.5454545454545454
18 0.54296875 0.5 0.05859375 0.5545454545454546
18 0.59765625 0.5181818181818182 0.05859375 0.5818181818181818
18 0.65625 0.5363636363636364 0.05078125 0.5545454545454546
18 0.716796875 0.5636363636363636 0.0546875 0.5636363636363636
18 0.775390625 0.5727272727272728 0.056640625 0.5545454545454546
18 0.83984375 0.5818181818181818 0.0546875 0.5818181818181818
18 0.8984375 0.6090909090909091 0.056640625 0.5727272727272728
18 0.966796875 0.6181818181818182 0.033203125 0.5636363636363636