18 0.82421875 0.47 0.0546875 0.5
18 0.876953125 0.47 0.056640625 0.47
18 0.9296875 0.47 0.0625 0.5
18 0.509765625 0.48 0.06640625 0.48
18 0.6171875 0.48 0.0546875 0.48
18 0.66796875 0.48 0.0625 0.48
18 0.720703125 0.48 0.056640625 0.46
18 0.7734375 0.48 0.0625 0.48
18 0.353515625 0.48 0.060546875 0.5
18 0.564453125 0.48 0.0625 0.5
18 0.302734375 0.49 0.060546875 0.51
18 0.404296875 0.49 0.060546875 0.51
18 0.45703125 0.49 0.0625 0.51
18 0.1484375 0.5 0.0546875 0.5
18 0.201171875 0.5 0.060546875 0.53
18 0.251953125 0.5 0.060546875 0.53
18 0.099609375 0.51 0.060546875 0.51