18 0.125 0.3706896551724138 0.060546875 0.4396551724137931
18 0.068359375 0.3793103448275862 0.064453125 0.4827586206896552
18 0.228515625 0.41379310344827586 0.0625 0.4396551724137931
18 0.17578125 0.41379310344827586 0.0546875 0.46551724137931033
18 0.283203125 0.4396551724137931 0.052734375 0.4396551724137931
18 0.390625 0.4482758620689655 0.0703125 0.4827586206896552
18 0.333984375 0.45689655172413796 0.0546875 0.45689655172413796
18 0.443359375 0.47413793103448276 0.0546875 0.4396551724137931
18 0.490234375 0.5 0.0625 0.49137931034482757
18 0.5546875 0.5172413793103449 0.056640625 0.45689655172413796
18 0.603515625 0.5344827586206896 0.064453125 0.4396551724137931
18 0.65625 0.5431034482758621 0.0546875 0.43103448275862066
18 0.712890625 0.5603448275862069 0.064453125 0.43103448275862066
18 0.765625 0.5862068965517241 0.056640625 0.4482758620689655
18 0.814453125 0.5862068965517241 0.0546875 0.43103448275862066
18 0.873046875 0.5948275862068966 0.0625 0.4482758620689655
18 0.9296875 0.6120689655172413 0.06640625 0.4224137931034483