18 0.064453125 0.37037037037037035 0.060546875 0.4444444444444444
18 0.12109375 0.37962962962962965 0.05078125 0.4537037037037037
18 0.173828125 0.4074074074074074 0.05078125 0.4444444444444444
18 0.228515625 0.4351851851851852 0.05078125 0.4537037037037037
18 0.28125 0.4444444444444444 0.0546875 0.48148148148148145
18 0.3359375 0.4444444444444444 0.0546875 0.4722222222222222
18 0.388671875 0.46296296296296297 0.046875 0.49074074074074076
18 0.439453125 0.48148148148148145 0.052734375 0.49074074074074076
18 0.49609375 0.48148148148148145 0.052734375 0.46296296296296297
18 0.552734375 0.5092592592592593 0.056640625 0.4722222222222222
18 0.609375 0.5185185185185185 0.0546875 0.46296296296296297
18 0.71875 0.5370370370370371 0.0546875 0.4722222222222222
18 0.6640625 0.5462962962962963 0.05078125 0.48148148148148145
18 0.7734375 0.5555555555555556 0.0546875 0.46296296296296297
18 0.830078125 0.5833333333333334 0.052734375 0.4444444444444444
18 0.884765625 0.6018518518518519 0.052734375 0.4444444444444444
18 0.9375 0.6296296296296297 0.046875 0.48148148148148145