18 0.74609375 0.6590909090909091 0.04296875 0.19886363636363635
18 0.794921875 0.6818181818181818 0.041015625 0.19318181818181818
18 0.849609375 0.6988636363636364 0.044921875 0.19886363636363635
18 0.896484375 0.7272727272727273 0.05078125 0.2159090909090909
18 0.943359375 0.75 0.048828125 0.21022727272727273
18 0.078125 0.2897727272727273 0.07421875 0.23863636363636365
18 0.16015625 0.32954545454545453 0.08203125 0.21022727272727273
18 0.2265625 0.3693181818181818 0.05078125 0.19318181818181818
18 0.26953125 0.4090909090909091 0.056640625 0.2159090909090909
18 0.326171875 0.4375 0.056640625 0.2215909090909091
18 0.376953125 0.4772727272727273 0.044921875 0.21022727272727273
18 0.435546875 0.5 0.06640625 0.2215909090909091
18 0.490234375 0.5284090909090909 0.060546875 0.20454545454545456
18 0.548828125 0.5454545454545454 0.05078125 0.2159090909090909
18 0.591796875 0.5795454545454546 0.04296875 0.19886363636363635
18 0.64453125 0.6022727272727273 0.05078125 0.20454545454545456
18 0.697265625 0.6363636363636364 0.05078125 0.2159090909090909