18 0.083984375 0.46153846153846156 0.056640625 0.625
18 0.24609375 0.46153846153846156 0.05859375 0.6346153846153846
18 0.189453125 0.4807692307692308 0.056640625 0.625
18 0.138671875 0.4807692307692308 0.056640625 0.6826923076923077
18 0.294921875 0.4807692307692308 0.052734375 0.5961538461538461
18 0.3515625 0.4807692307692308 0.052734375 0.625
18 0.400390625 0.5 0.052734375 0.5961538461538461
18 0.451171875 0.5096153846153846 0.052734375 0.6057692307692307
18 0.505859375 0.5096153846153846 0.0546875 0.6153846153846154
18 0.55859375 0.5096153846153846 0.056640625 0.6153846153846154
18 0.609375 0.5096153846153846 0.052734375 0.6153846153846154
18 0.658203125 0.5096153846153846 0.052734375 0.6153846153846154
18 0.818359375 0.5288461538461539 0.05859375 0.6057692307692307
18 0.712890625 0.5384615384615384 0.056640625 0.6153846153846154
18 0.919921875 0.5480769230769231 0.048828125 0.6153846153846154
18 0.765625 0.5480769230769231 0.056640625 0.6057692307692307
18 0.87109375 0.5576923076923077 0.05859375 0.5961538461538461