18 0.333984375 0.38764044943820225 0.072265625 0.2696629213483146
18 0.390625 0.42134831460674155 0.041015625 0.25280898876404495
18 0.4296875 0.43820224719101125 0.06640625 0.25842696629213485
18 0.482421875 0.48314606741573035 0.05859375 0.25842696629213485
18 0.548828125 0.5280898876404494 0.08203125 0.28651685393258425
18 0.61328125 0.5674157303370787 0.068359375 0.2752808988764045
18 0.666015625 0.601123595505618 0.044921875 0.2640449438202247
18 0.7109375 0.6348314606741573 0.05859375 0.25842696629213485
18 0.779296875 0.6629213483146067 0.068359375 0.2640449438202247
18 0.83203125 0.7191011235955056 0.0703125 0.2640449438202247
18 0.88671875 0.7415730337078652 0.05859375 0.25842696629213485
18 0.94921875 0.7752808988764045 0.064453125 0.2752808988764045
18 0.060546875 0.1797752808988764 0.044921875 0.25842696629213485
18 0.12890625 0.20786516853932585 0.060546875 0.25842696629213485
18 0.181640625 0.25280898876404495 0.060546875 0.2640449438202247
18 0.224609375 0.29213483146067415 0.0703125 0.2640449438202247
18 0.27734375 0.33146067415730335 0.064453125 0.25280898876404495