18 0.4296875 0.4375 0.0546875 0.2875
18 0.484375 0.475 0.05859375 0.28125
18 0.552734375 0.5125 0.072265625 0.3125
18 0.6171875 0.54375 0.060546875 0.29375
18 0.671875 0.5875 0.05078125 0.28125
18 0.7265625 0.60625 0.056640625 0.28125
18 0.78125 0.65 0.0546875 0.29375
18 0.841796875 0.68125 0.0546875 0.28125
18 0.89453125 0.725 0.037109375 0.29375
18 0.947265625 0.75 0.05859375 0.3125
18 0.05859375 0.24375 0.041015625 0.2875
18 0.11328125 0.275 0.0546875 0.30625
18 0.1640625 0.3 0.048828125 0.3125
18 0.212890625 0.325 0.052734375 0.30625
18 0.265625 0.35 0.052734375 0.28125
18 0.3203125 0.3875 0.060546875 0.29375
18 0.375 0.41875 0.05078125 0.2875