18 0.052734375 0.40625 0.0546875 0.5520833333333334
18 0.111328125 0.4166666666666667 0.06640625 0.53125
18 0.177734375 0.4270833333333333 0.060546875 0.5520833333333334
18 0.2421875 0.4479166666666667 0.068359375 0.5208333333333334
18 0.3046875 0.4583333333333333 0.056640625 0.5416666666666666
18 0.369140625 0.4791666666666667 0.06640625 0.4791666666666667
18 0.423828125 0.4895833333333333 0.04296875 0.5
18 0.470703125 0.5104166666666666 0.060546875 0.4583333333333333
18 0.529296875 0.5208333333333334 0.056640625 0.4791666666666667
18 0.595703125 0.53125 0.072265625 0.46875
18 0.658203125 0.5520833333333334 0.05078125 0.5
18 0.712890625 0.5833333333333334 0.0546875 0.4583333333333333
18 0.76171875 0.5833333333333334 0.044921875 0.4583333333333333
18 0.80859375 0.59375 0.05078125 0.4375
18 0.86328125 0.6041666666666666 0.05859375 0.4583333333333333
18 0.9453125 0.6145833333333334 0.046875 0.4375
18 0.90625 0.6145833333333334 0.033203125 0.4375