18 0.654296875 0.5857142857142857 0.0703125 0.34285714285714286
18 0.70703125 0.6142857142857143 0.064453125 0.35714285714285715
18 0.75 0.638095238095238 0.07421875 0.37142857142857144
18 0.8046875 0.6761904761904762 0.07421875 0.3476190476190476
18 0.861328125 0.7142857142857143 0.078125 0.35714285714285715
18 0.919921875 0.7380952380952381 0.078125 0.3476190476190476
18 0.07421875 0.2571428571428571 0.080078125 0.36666666666666664
18 0.126953125 0.3 0.076171875 0.3380952380952381
18 0.18359375 0.3238095238095238 0.06640625 0.35714285714285715
18 0.2265625 0.34285714285714286 0.08203125 0.32857142857142857
18 0.287109375 0.3619047619047619 0.076171875 0.3238095238095238
18 0.34375 0.40476190476190477 0.07421875 0.3380952380952381
18 0.388671875 0.43333333333333335 0.052734375 0.3333333333333333
18 0.43359375 0.45714285714285713 0.06640625 0.3619047619047619
18 0.486328125 0.49047619047619045 0.08203125 0.35714285714285715
18 0.541015625 0.5238095238095238 0.0859375 0.3619047619047619
18 0.59765625 0.5571428571428572 0.076171875 0.36666666666666664