18 0.060546875 0.3780487804878049 0.0546875 0.4146341463414634
18 0.1328125 0.3780487804878049 0.08203125 0.45121951219512196
18 0.203125 0.43902439024390244 0.046875 0.3902439024390244
18 0.26171875 0.43902439024390244 0.060546875 0.4146341463414634
18 0.322265625 0.45121951219512196 0.0546875 0.4024390243902439
18 0.376953125 0.47560975609756095 0.048828125 0.4024390243902439
18 0.43359375 0.5 0.05078125 0.45121951219512196
18 0.484375 0.5 0.048828125 0.4146341463414634
18 0.533203125 0.524390243902439 0.048828125 0.4146341463414634
18 0.583984375 0.524390243902439 0.044921875 0.4146341463414634
18 0.634765625 0.5487804878048781 0.052734375 0.4024390243902439
18 0.689453125 0.573170731707317 0.044921875 0.4024390243902439
18 0.740234375 0.5853658536585366 0.044921875 0.4024390243902439
18 0.791015625 0.6097560975609756 0.044921875 0.3902439024390244
18 0.845703125 0.6341463414634146 0.029296875 0.4146341463414634
18 0.896484375 0.6341463414634146 0.048828125 0.4024390243902439
18 0.951171875 0.6463414634146342 0.02734375 0.4024390243902439