18 0.076171875 0.32727272727272727 0.064453125 0.32727272727272727
18 0.140625 0.35454545454545455 0.08203125 0.33636363636363636
18 0.20703125 0.38181818181818183 0.05859375 0.33636363636363636
18 0.26171875 0.4090909090909091 0.0546875 0.33636363636363636
18 0.314453125 0.42727272727272725 0.064453125 0.32727272727272727
18 0.3671875 0.45454545454545453 0.05078125 0.32727272727272727
18 0.412109375 0.4818181818181818 0.044921875 0.3
18 0.46484375 0.5 0.064453125 0.3181818181818182
18 0.52734375 0.5272727272727272 0.0703125 0.32727272727272727
18 0.5859375 0.5636363636363636 0.0546875 0.33636363636363636
18 0.638671875 0.5818181818181818 0.0625 0.3
18 0.69140625 0.6181818181818182 0.048828125 0.3181818181818182
18 0.740234375 0.6272727272727273 0.05078125 0.2909090909090909
18 0.787109375 0.6454545454545455 0.048828125 0.3
18 0.837890625 0.6545454545454545 0.0546875 0.32727272727272727
18 0.8828125 0.6727272727272727 0.044921875 0.3
18 0.939453125 0.7181818181818181 0.056640625 0.3181818181818182