18 0.08203125 0.40217391304347827 0.064453125 0.3804347826086957
18 0.1484375 0.41304347826086957 0.087890625 0.3695652173913043
18 0.21875 0.42391304347826086 0.0546875 0.391304347826087
18 0.271484375 0.42391304347826086 0.0546875 0.3804347826086957
18 0.32421875 0.4673913043478261 0.052734375 0.3695652173913043
18 0.373046875 0.4673913043478261 0.046875 0.358695652173913
18 0.416015625 0.4891304347826087 0.033203125 0.358695652173913
18 0.46484375 0.5 0.046875 0.358695652173913
18 0.51953125 0.5 0.0546875 0.3804347826086957
18 0.58203125 0.532608695652174 0.068359375 0.391304347826087
18 0.64453125 0.5543478260869565 0.044921875 0.358695652173913
18 0.69140625 0.5543478260869565 0.044921875 0.358695652173913
18 0.7421875 0.5652173913043478 0.044921875 0.358695652173913
18 0.787109375 0.5869565217391305 0.033203125 0.358695652173913
18 0.837890625 0.5869565217391305 0.046875 0.34782608695652173
18 0.88671875 0.5978260869565217 0.033203125 0.358695652173913
18 0.9375 0.6086956521739131 0.05078125 0.3804347826086957