18 0.068359375 0.49166666666666664 0.05859375 0.7
18 0.525390625 0.5083333333333333 0.056640625 0.7
18 0.126953125 0.5166666666666667 0.05078125 0.6916666666666667
18 0.189453125 0.5166666666666667 0.056640625 0.7333333333333333
18 0.248046875 0.525 0.060546875 0.7416666666666667
18 0.421875 0.525 0.05078125 0.7166666666666667
18 0.640625 0.525 0.060546875 0.7
18 0.80078125 0.525 0.052734375 0.6833333333333333
18 0.859375 0.525 0.05859375 0.7166666666666667
18 0.91015625 0.525 0.041015625 0.6666666666666666
18 0.30859375 0.525 0.0625 0.7083333333333334
18 0.369140625 0.525 0.05859375 0.7083333333333334
18 0.466796875 0.525 0.0546875 0.6916666666666667
18 0.705078125 0.525 0.05859375 0.6916666666666667
18 0.75390625 0.5333333333333333 0.0390625 0.6833333333333333
18 0.94921875 0.5333333333333333 0.048828125 0.675
18 0.587890625 0.5416666666666666 0.060546875 0.7166666666666667