18 0.08203125 0.4090909090909091 0.064453125 0.4431818181818182
18 0.15234375 0.42045454545454547 0.091796875 0.4659090909090909
18 0.224609375 0.4318181818181818 0.064453125 0.4318181818181818
18 0.287109375 0.4431818181818182 0.07421875 0.3977272727272727
18 0.34765625 0.4431818181818182 0.05859375 0.4318181818181818
18 0.4453125 0.4659090909090909 0.044921875 0.4431818181818182
18 0.396484375 0.4772727272727273 0.056640625 0.4318181818181818
18 0.490234375 0.4772727272727273 0.044921875 0.4659090909090909
18 0.544921875 0.4772727272727273 0.064453125 0.4772727272727273
18 0.6015625 0.5 0.05078125 0.4431818181818182
18 0.69921875 0.5227272727272727 0.05078125 0.4318181818181818
18 0.744140625 0.5227272727272727 0.041015625 0.3977272727272727
18 0.6484375 0.5227272727272727 0.048828125 0.4431818181818182
18 0.7890625 0.5227272727272727 0.0390625 0.42045454545454547
18 0.833984375 0.5454545454545454 0.05078125 0.42045454545454547
18 0.8828125 0.5454545454545454 0.048828125 0.3977272727272727
18 0.927734375 0.5454545454545454 0.05078125 0.3977272727272727