18 0.068359375 0.3208955223880597 0.0546875 0.3880597014925373
18 0.119140625 0.34328358208955223 0.0546875 0.3805970149253731
18 0.169921875 0.3656716417910448 0.0546875 0.3656716417910448
18 0.220703125 0.373134328358209 0.05859375 0.3656716417910448
18 0.271484375 0.40298507462686567 0.05859375 0.373134328358209
18 0.32421875 0.4253731343283582 0.0546875 0.3656716417910448
18 0.375 0.4552238805970149 0.052734375 0.3656716417910448
18 0.42578125 0.48507462686567165 0.060546875 0.3805970149253731
18 0.478515625 0.4925373134328358 0.056640625 0.3656716417910448
18 0.533203125 0.5149253731343284 0.0625 0.3805970149253731
18 0.587890625 0.5522388059701493 0.05859375 0.40298507462686567
18 0.640625 0.5597014925373134 0.060546875 0.41044776119402987
18 0.69921875 0.5970149253731343 0.060546875 0.3880597014925373
18 0.75390625 0.6194029850746269 0.05859375 0.3880597014925373
18 0.8125 0.6492537313432836 0.056640625 0.40298507462686567
18 0.8671875 0.6716417910447762 0.060546875 0.3880597014925373
18 0.923828125 0.7014925373134329 0.064453125 0.3880597014925373