18 0.6015625 0.5528846153846154 0.0703125 0.2644230769230769
18 0.658203125 0.5865384615384616 0.0546875 0.24519230769230768
18 0.716796875 0.6298076923076923 0.05078125 0.25961538461538464
18 0.76953125 0.6634615384615384 0.0703125 0.2548076923076923
18 0.828125 0.6971153846153846 0.06640625 0.2548076923076923
18 0.884765625 0.7355769230769231 0.07421875 0.25961538461538464
18 0.9453125 0.7788461538461539 0.064453125 0.2644230769230769
18 0.06640625 0.20192307692307693 0.076171875 0.28846153846153844
18 0.1171875 0.23076923076923078 0.0703125 0.2644230769230769
18 0.169921875 0.27403846153846156 0.05078125 0.25961538461538464
18 0.224609375 0.30288461538461536 0.064453125 0.25961538461538464
18 0.271484375 0.34134615384615385 0.0703125 0.2644230769230769
18 0.326171875 0.3894230769230769 0.052734375 0.2644230769230769
18 0.380859375 0.40865384615384615 0.052734375 0.2548076923076923
18 0.439453125 0.4423076923076923 0.056640625 0.24519230769230768
18 0.48828125 0.47115384615384615 0.064453125 0.25961538461538464
18 0.548828125 0.5144230769230769 0.0703125 0.2644230769230769