18 0.923828125 0.45901639344262296 0.056640625 0.639344262295082
18 0.6796875 0.4672131147540984 0.052734375 0.680327868852459
18 0.779296875 0.4672131147540984 0.05078125 0.6557377049180327
18 0.876953125 0.4672131147540984 0.048828125 0.6557377049180327
18 0.625 0.47540983606557374 0.04296875 0.6475409836065574
18 0.7265625 0.47540983606557374 0.04296875 0.6475409836065574
18 0.82421875 0.47540983606557374 0.048828125 0.6721311475409836
18 0.576171875 0.47540983606557374 0.05859375 0.6557377049180327
18 0.470703125 0.5 0.052734375 0.6557377049180327
18 0.5234375 0.5 0.05078125 0.6557377049180327
18 0.36328125 0.5081967213114754 0.056640625 0.6475409836065574
18 0.416015625 0.5081967213114754 0.052734375 0.6885245901639344
18 0.30859375 0.5081967213114754 0.05859375 0.6557377049180327
18 0.193359375 0.5163934426229508 0.05078125 0.6721311475409836
18 0.248046875 0.5245901639344263 0.05859375 0.6557377049180327
18 0.076171875 0.5327868852459017 0.056640625 0.6557377049180327
18 0.134765625 0.5327868852459017 0.05859375 0.680327868852459