18 0.310546875 0.34574468085106386 0.046875 0.1702127659574468
18 0.357421875 0.39361702127659576 0.046875 0.18085106382978725
18 0.4140625 0.4308510638297872 0.060546875 0.19148936170212766
18 0.46484375 0.4734042553191489 0.056640625 0.18085106382978725
18 0.515625 0.5212765957446809 0.04296875 0.1702127659574468
18 0.5703125 0.5585106382978723 0.05859375 0.18085106382978725
18 0.62109375 0.601063829787234 0.05078125 0.18085106382978725
18 0.6796875 0.648936170212766 0.033203125 0.17553191489361702
18 0.73046875 0.6861702127659575 0.044921875 0.18085106382978725
18 0.783203125 0.7287234042553191 0.05078125 0.18085106382978725
18 0.8359375 0.7712765957446809 0.05078125 0.18085106382978725
18 0.892578125 0.8031914893617021 0.048828125 0.18085106382978725
18 0.94140625 0.851063829787234 0.05078125 0.17553191489361702
18 0.06640625 0.14361702127659576 0.056640625 0.2074468085106383
18 0.13671875 0.19680851063829788 0.0703125 0.20212765957446807
18 0.197265625 0.2553191489361702 0.044921875 0.17553191489361702
18 0.248046875 0.30319148936170215 0.05078125 0.17553191489361702