18 0.75 0.6292134831460674 0.072265625 0.38764044943820225
18 0.80859375 0.6573033707865169 0.07421875 0.38202247191011235
18 0.87109375 0.6853932584269663 0.068359375 0.38202247191011235
18 0.935546875 0.7247191011235955 0.078125 0.42134831460674155
18 0.0625 0.25842696629213485 0.083984375 0.38202247191011235
18 0.1171875 0.29213483146067415 0.07421875 0.3539325842696629
18 0.158203125 0.3202247191011236 0.068359375 0.34269662921348315
18 0.20703125 0.34269662921348315 0.087890625 0.34269662921348315
18 0.255859375 0.37640449438202245 0.076171875 0.3651685393258427
18 0.310546875 0.398876404494382 0.060546875 0.3595505617977528
18 0.3671875 0.42134831460674155 0.05859375 0.3539325842696629
18 0.412109375 0.449438202247191 0.07421875 0.3707865168539326
18 0.466796875 0.4606741573033708 0.07421875 0.3539325842696629
18 0.5234375 0.5112359550561798 0.08203125 0.3651685393258427
18 0.57421875 0.5337078651685393 0.080078125 0.3651685393258427
18 0.6328125 0.5561797752808989 0.072265625 0.38202247191011235
18 0.6953125 0.5842696629213483 0.06640625 0.3707865168539326