18 0.4140625 0.45384615384615384 0.05078125 0.2692307692307692
18 0.46484375 0.4846153846153846 0.0546875 0.27692307692307694
18 0.51953125 0.5153846153846153 0.052734375 0.27692307692307694
18 0.578125 0.5461538461538461 0.052734375 0.27692307692307694
18 0.6328125 0.5769230769230769 0.05078125 0.2692307692307692
18 0.689453125 0.6153846153846154 0.044921875 0.2692307692307692
18 0.740234375 0.6461538461538462 0.03125 0.26153846153846155
18 0.79296875 0.676923076923077 0.048828125 0.25384615384615383
18 0.845703125 0.7 0.048828125 0.27692307692307694
18 0.896484375 0.7307692307692307 0.044921875 0.2692307692307692
18 0.94921875 0.7538461538461538 0.05078125 0.27692307692307694
18 0.048828125 0.23846153846153847 0.05859375 0.3
18 0.125 0.27692307692307694 0.080078125 0.3153846153846154
18 0.19140625 0.3230769230769231 0.05078125 0.3
18 0.244140625 0.36153846153846153 0.056640625 0.2846153846153846
18 0.298828125 0.38461538461538464 0.0625 0.2846153846153846
18 0.35546875 0.4153846153846154 0.05859375 0.2846153846153846