18 0.08203125 0.4032258064516129 0.056640625 0.5080645161290323
18 0.134765625 0.4112903225806452 0.046875 0.49193548387096775
18 0.1875 0.4435483870967742 0.052734375 0.49193548387096775
18 0.240234375 0.4435483870967742 0.0546875 0.49193548387096775
18 0.298828125 0.4596774193548387 0.0546875 0.5161290322580645
18 0.349609375 0.46774193548387094 0.05078125 0.5241935483870968
18 0.400390625 0.46774193548387094 0.046875 0.49193548387096775
18 0.453125 0.5 0.0546875 0.49193548387096775
18 0.5078125 0.5080645161290323 0.05078125 0.5
18 0.619140625 0.5241935483870968 0.05078125 0.5080645161290323
18 0.5625 0.532258064516129 0.060546875 0.5161290322580645
18 0.66796875 0.5483870967741935 0.060546875 0.49193548387096775
18 0.76953125 0.5564516129032258 0.060546875 0.49193548387096775
18 0.716796875 0.5645161290322581 0.046875 0.5
18 0.82421875 0.5806451612903226 0.060546875 0.46774193548387094
18 0.876953125 0.6048387096774194 0.05859375 0.49193548387096775
18 0.927734375 0.6209677419354839 0.0625 0.4838709677419355