18 0.091796875 0.4444444444444444 0.05859375 0.5238095238095238
18 0.142578125 0.4444444444444444 0.056640625 0.5238095238095238
18 0.1953125 0.4523809523809524 0.056640625 0.5238095238095238
18 0.298828125 0.46825396825396826 0.052734375 0.5476190476190477
18 0.24609375 0.46825396825396826 0.056640625 0.5476190476190477
18 0.3515625 0.47619047619047616 0.056640625 0.5476190476190477
18 0.404296875 0.49206349206349204 0.052734375 0.5476190476190477
18 0.453125 0.5 0.056640625 0.5714285714285714
18 0.509765625 0.5079365079365079 0.052734375 0.5555555555555556
18 0.556640625 0.5158730158730159 0.046875 0.5476190476190477
18 0.611328125 0.5158730158730159 0.052734375 0.5317460317460317
18 0.662109375 0.5317460317460317 0.05078125 0.5476190476190477
18 0.71484375 0.5396825396825397 0.05078125 0.5476190476190477
18 0.765625 0.5476190476190477 0.05078125 0.5476190476190477
18 0.818359375 0.5555555555555556 0.052734375 0.5317460317460317
18 0.87109375 0.5634920634920635 0.056640625 0.5238095238095238
18 0.92578125 0.5714285714285714 0.056640625 0.5317460317460317