18 0.251953125 0.2818181818181818 0.05078125 0.14545454545454545
18 0.3125 0.32727272727272727 0.052734375 0.1409090909090909
18 0.361328125 0.37727272727272726 0.046875 0.1409090909090909
18 0.4140625 0.41818181818181815 0.0546875 0.14545454545454545
18 0.46875 0.4590909090909091 0.052734375 0.15
18 0.51953125 0.5045454545454545 0.05078125 0.13636363636363635
18 0.572265625 0.55 0.0625 0.15
18 0.625 0.6 0.056640625 0.15454545454545454
18 0.681640625 0.6454545454545455 0.046875 0.13636363636363635
18 0.736328125 0.6863636363636364 0.046875 0.1409090909090909
18 0.791015625 0.7318181818181818 0.0390625 0.13636363636363635
18 0.84375 0.7772727272727272 0.052734375 0.13636363636363635
18 0.8984375 0.8227272727272728 0.0546875 0.1318181818181818
18 0.958984375 0.8681818181818182 0.046875 0.13636363636363635
18 0.076171875 0.11818181818181818 0.052734375 0.15
18 0.14453125 0.16818181818181818 0.0703125 0.1590909090909091
18 0.203125 0.2318181818181818 0.046875 0.13636363636363635