18 0.15234375 0.4605263157894737 0.087890625 0.47368421052631576
18 0.22265625 0.47368421052631576 0.05859375 0.4605263157894737
18 0.083984375 0.47368421052631576 0.06640625 0.4605263157894737
18 0.271484375 0.4868421052631579 0.044921875 0.4605263157894737
18 0.3203125 0.4868421052631579 0.044921875 0.47368421052631576
18 0.3671875 0.4868421052631579 0.044921875 0.4605263157894737
18 0.466796875 0.4868421052631579 0.060546875 0.4605263157894737
18 0.412109375 0.5 0.037109375 0.4473684210526316
18 0.587890625 0.5 0.060546875 0.4473684210526316
18 0.52734375 0.5 0.060546875 0.4342105263157895
18 0.640625 0.5131578947368421 0.05078125 0.4473684210526316
18 0.6875 0.5131578947368421 0.048828125 0.42105263157894735
18 0.783203125 0.5263157894736842 0.048828125 0.4342105263157895
18 0.736328125 0.5263157894736842 0.048828125 0.4473684210526316
18 0.830078125 0.5394736842105263 0.048828125 0.4473684210526316
18 0.87890625 0.5394736842105263 0.048828125 0.4473684210526316
18 0.92578125 0.5526315789473685 0.052734375 0.42105263157894735