18 0.08203125 0.4673913043478261 0.087890625 0.5217391304347826
18 0.4296875 0.4673913043478261 0.0546875 0.5108695652173914
18 0.154296875 0.4782608695652174 0.0625 0.5217391304347826
18 0.21875 0.4782608695652174 0.064453125 0.5108695652173914
18 0.2734375 0.4782608695652174 0.0546875 0.5108695652173914
18 0.73828125 0.4782608695652174 0.05078125 0.5108695652173914
18 0.787109375 0.4782608695652174 0.05078125 0.4782608695652174
18 0.884765625 0.4782608695652174 0.056640625 0.5108695652173914
18 0.326171875 0.4782608695652174 0.05859375 0.5
18 0.37890625 0.4782608695652174 0.052734375 0.5
18 0.6875 0.4782608695652174 0.0546875 0.5
18 0.482421875 0.4891304347826087 0.056640625 0.4891304347826087
18 0.583984375 0.4891304347826087 0.029296875 0.4891304347826087
18 0.634765625 0.4891304347826087 0.0625 0.5108695652173914
18 0.837890625 0.4891304347826087 0.0546875 0.5217391304347826
18 0.939453125 0.4891304347826087 0.056640625 0.4891304347826087
18 0.53515625 0.4891304347826087 0.03515625 0.5217391304347826