18 0.80859375 0.42391304347826086 0.056640625 0.5217391304347826
18 0.865234375 0.42391304347826086 0.05859375 0.5434782608695652
18 0.921875 0.42391304347826086 0.056640625 0.5108695652173914
18 0.701171875 0.44565217391304346 0.052734375 0.532608695652174
18 0.75390625 0.44565217391304346 0.060546875 0.5108695652173914
18 0.595703125 0.4673913043478261 0.056640625 0.5217391304347826
18 0.6484375 0.4782608695652174 0.05859375 0.5
18 0.484375 0.4891304347826087 0.060546875 0.5217391304347826
18 0.537109375 0.5 0.0625 0.532608695652174
18 0.435546875 0.5108695652173914 0.060546875 0.5434782608695652
18 0.3828125 0.5434782608695652 0.05859375 0.5434782608695652
18 0.27734375 0.5543478260869565 0.05859375 0.5217391304347826
18 0.328125 0.5543478260869565 0.0546875 0.5217391304347826
18 0.224609375 0.5652173913043478 0.0625 0.532608695652174
18 0.125 0.5652173913043478 0.0546875 0.5108695652173914
18 0.173828125 0.5652173913043478 0.05859375 0.5434782608695652
18 0.072265625 0.5760869565217391 0.0625 0.4891304347826087