18 0.072265625 0.44047619047619047 0.052734375 0.4642857142857143
18 0.203125 0.4523809523809524 0.052734375 0.47619047619047616
18 0.138671875 0.4642857142857143 0.076171875 0.4880952380952381
18 0.259765625 0.47619047619047616 0.0625 0.5119047619047619
18 0.314453125 0.47619047619047616 0.05078125 0.4642857142857143
18 0.509765625 0.47619047619047616 0.056640625 0.4880952380952381
18 0.361328125 0.47619047619047616 0.05078125 0.47619047619047616
18 0.40625 0.47619047619047616 0.033203125 0.47619047619047616
18 0.455078125 0.4880952380952381 0.05078125 0.4880952380952381
18 0.572265625 0.4880952380952381 0.06640625 0.5119047619047619
18 0.6328125 0.5119047619047619 0.046875 0.5119047619047619
18 0.681640625 0.5119047619047619 0.048828125 0.5119047619047619
18 0.732421875 0.5119047619047619 0.046875 0.5119047619047619
18 0.935546875 0.5119047619047619 0.037109375 0.4880952380952381
18 0.78515625 0.5119047619047619 0.046875 0.5
18 0.833984375 0.5119047619047619 0.05078125 0.5119047619047619
18 0.88671875 0.5119047619047619 0.05078125 0.5119047619047619