18 0.87890625 0.43902439024390244 0.05078125 0.45121951219512196
18 0.92578125 0.45121951219512196 0.048828125 0.4634146341463415
18 0.828125 0.4634146341463415 0.048828125 0.4634146341463415
18 0.78125 0.4634146341463415 0.03515625 0.43902439024390244
18 0.734375 0.4634146341463415 0.048828125 0.45121951219512196
18 0.638671875 0.47560975609756095 0.048828125 0.43902439024390244
18 0.685546875 0.47560975609756095 0.044921875 0.4634146341463415
18 0.58203125 0.4878048780487805 0.05859375 0.4878048780487805
18 0.525390625 0.5 0.05859375 0.45121951219512196
18 0.466796875 0.5121951219512195 0.060546875 0.4634146341463415
18 0.3125 0.524390243902439 0.0546875 0.4634146341463415
18 0.41015625 0.524390243902439 0.0390625 0.4634146341463415
18 0.26171875 0.524390243902439 0.041015625 0.4634146341463415
18 0.3671875 0.524390243902439 0.05078125 0.43902439024390244
18 0.1484375 0.524390243902439 0.087890625 0.43902439024390244
18 0.21484375 0.5365853658536586 0.056640625 0.4268292682926829
18 0.08203125 0.5487804878048781 0.0625 0.4268292682926829