18 0.17578125 0.44 0.04296875 0.52
18 0.220703125 0.44 0.0546875 0.52
18 0.12109375 0.45 0.046875 0.54
18 0.2734375 0.45 0.0546875 0.5
18 0.318359375 0.46 0.05078125 0.52
18 0.365234375 0.46 0.05078125 0.52
18 0.416015625 0.47 0.046875 0.5
18 0.466796875 0.47 0.046875 0.5
18 0.509765625 0.49 0.05078125 0.5
18 0.5625 0.5 0.046875 0.52
18 0.708984375 0.51 0.046875 0.5
18 0.609375 0.52 0.046875 0.52
18 0.66015625 0.52 0.05078125 0.52
18 0.755859375 0.52 0.05078125 0.48
18 0.802734375 0.52 0.05078125 0.52
18 0.849609375 0.53 0.04296875 0.5
18 0.8984375 0.54 0.05078125 0.48