18 0.06640625 0.3879310344827586 0.0625 0.4051724137931034
18 0.119140625 0.39655172413793105 0.048828125 0.4224137931034483
18 0.171875 0.43103448275862066 0.044921875 0.4224137931034483
18 0.2265625 0.4396551724137931 0.056640625 0.4051724137931034
18 0.28125 0.4396551724137931 0.052734375 0.4051724137931034
18 0.380859375 0.4482758620689655 0.044921875 0.4396551724137931
18 0.439453125 0.45689655172413796 0.044921875 0.4482758620689655
18 0.490234375 0.45689655172413796 0.056640625 0.4224137931034483
18 0.54296875 0.45689655172413796 0.048828125 0.4224137931034483
18 0.599609375 0.45689655172413796 0.052734375 0.4224137931034483
18 0.333984375 0.45689655172413796 0.056640625 0.4224137931034483
18 0.65625 0.49137931034482757 0.052734375 0.3879310344827586
18 0.708984375 0.5086206896551724 0.052734375 0.3879310344827586
18 0.759765625 0.5086206896551724 0.044921875 0.4224137931034483
18 0.810546875 0.5258620689655172 0.041015625 0.3879310344827586
18 0.865234375 0.5258620689655172 0.05859375 0.4396551724137931
18 0.919921875 0.5258620689655172 0.052734375 0.4396551724137931