18 0.732421875 0.47058823529411764 0.052734375 0.47058823529411764
18 0.875 0.47058823529411764 0.052734375 0.5294117647058824
18 0.921875 0.47058823529411764 0.056640625 0.5294117647058824
18 0.78125 0.4852941176470588 0.052734375 0.5735294117647058
18 0.4609375 0.5 0.060546875 0.5147058823529411
18 0.830078125 0.5 0.052734375 0.5294117647058824
18 0.578125 0.5 0.0703125 0.5441176470588235
18 0.63671875 0.5 0.052734375 0.5
18 0.208984375 0.5 0.064453125 0.5588235294117647
18 0.513671875 0.5 0.05859375 0.5294117647058824
18 0.3203125 0.5147058823529411 0.0546875 0.5
18 0.373046875 0.5147058823529411 0.0625 0.5294117647058824
18 0.685546875 0.5147058823529411 0.046875 0.4852941176470588
18 0.142578125 0.5147058823529411 0.09765625 0.5882352941176471
18 0.267578125 0.5294117647058824 0.068359375 0.5735294117647058
18 0.41796875 0.5294117647058824 0.041015625 0.5441176470588235
18 0.0703125 0.5441176470588235 0.072265625 0.5882352941176471