18 0.064453125 0.42857142857142855 0.05078125 0.5306122448979592
18 0.1171875 0.4489795918367347 0.04296875 0.5
18 0.1640625 0.4489795918367347 0.041015625 0.5306122448979592
18 0.21484375 0.45918367346938777 0.052734375 0.5102040816326531
18 0.265625 0.46938775510204084 0.05078125 0.5102040816326531
18 0.529296875 0.46938775510204084 0.056640625 0.5510204081632653
18 0.31640625 0.47959183673469385 0.044921875 0.5612244897959183
18 0.421875 0.47959183673469385 0.05078125 0.5408163265306123
18 0.474609375 0.47959183673469385 0.052734375 0.5306122448979592
18 0.373046875 0.4897959183673469 0.02734375 0.5408163265306123
18 0.5859375 0.4897959183673469 0.0546875 0.5306122448979592
18 0.640625 0.5 0.052734375 0.5306122448979592
18 0.6953125 0.5102040816326531 0.05078125 0.5306122448979592
18 0.751953125 0.5204081632653061 0.056640625 0.5816326530612245
18 0.92578125 0.5306122448979592 0.05078125 0.5714285714285714
18 0.8125 0.5306122448979592 0.052734375 0.5612244897959183
18 0.8671875 0.5306122448979592 0.05078125 0.5510204081632653