18 0.837890625 0.4387755102040816 0.05078125 0.4387755102040816
18 0.8828125 0.4387755102040816 0.05078125 0.4387755102040816
18 0.927734375 0.4387755102040816 0.05078125 0.46938775510204084
18 0.75 0.45918367346938777 0.041015625 0.4387755102040816
18 0.79296875 0.45918367346938777 0.046875 0.4387755102040816
18 0.697265625 0.46938775510204084 0.06640625 0.4387755102040816
18 0.603515625 0.47959183673469385 0.05859375 0.45918367346938777
18 0.6484375 0.47959183673469385 0.044921875 0.4387755102040816
18 0.509765625 0.4897959183673469 0.05078125 0.45918367346938777
18 0.5546875 0.5 0.041015625 0.46938775510204084
18 0.46484375 0.5102040816326531 0.052734375 0.4897959183673469
18 0.369140625 0.5102040816326531 0.06640625 0.46938775510204084
18 0.41796875 0.5204081632653061 0.046875 0.4897959183673469
18 0.306640625 0.5306122448979592 0.076171875 0.46938775510204084
18 0.1796875 0.5510204081632653 0.05859375 0.4897959183673469
18 0.23828125 0.5510204081632653 0.0703125 0.4897959183673469
18 0.125 0.5612244897959183 0.072265625 0.5