18 0.064453125 0.39215686274509803 0.064453125 0.49019607843137253
18 0.126953125 0.4019607843137255 0.05078125 0.49019607843137253
18 0.1796875 0.4411764705882353 0.052734375 0.5196078431372549
18 0.236328125 0.46078431372549017 0.052734375 0.4803921568627451
18 0.28515625 0.46078431372549017 0.044921875 0.47058823529411764
18 0.341796875 0.4803921568627451 0.05078125 0.47058823529411764
18 0.3984375 0.49019607843137253 0.052734375 0.5098039215686274
18 0.455078125 0.5196078431372549 0.052734375 0.5098039215686274
18 0.509765625 0.5196078431372549 0.046875 0.46078431372549017
18 0.5703125 0.5392156862745098 0.05859375 0.49019607843137253
18 0.62109375 0.5490196078431373 0.046875 0.49019607843137253
18 0.67578125 0.5784313725490197 0.052734375 0.46078431372549017
18 0.7265625 0.5882352941176471 0.0546875 0.46078431372549017
18 0.779296875 0.6078431372549019 0.0546875 0.5
18 0.837890625 0.6274509803921569 0.05078125 0.46078431372549017
18 0.888671875 0.6470588235294118 0.05078125 0.5
18 0.943359375 0.6568627450980392 0.052734375 0.47058823529411764