18 0.908203125 0.3050847457627119 0.05859375 0.3474576271186441
18 0.857421875 0.3474576271186441 0.05078125 0.3389830508474576
18 0.8046875 0.3644067796610169 0.04296875 0.3220338983050847
18 0.751953125 0.3728813559322034 0.05078125 0.3389830508474576
18 0.69921875 0.4067796610169492 0.052734375 0.3474576271186441
18 0.64453125 0.4406779661016949 0.052734375 0.3559322033898305
18 0.59375 0.4576271186440678 0.048828125 0.3474576271186441
18 0.470703125 0.4915254237288136 0.056640625 0.3644067796610169
18 0.53515625 0.4915254237288136 0.05859375 0.3644067796610169
18 0.416015625 0.5169491525423728 0.048828125 0.3305084745762712
18 0.375 0.5508474576271186 0.029296875 0.3644067796610169
18 0.326171875 0.5677966101694916 0.056640625 0.3644067796610169
18 0.267578125 0.5932203389830508 0.044921875 0.3474576271186441
18 0.21484375 0.6186440677966102 0.048828125 0.3644067796610169
18 0.158203125 0.635593220338983 0.052734375 0.3559322033898305
18 0.103515625 0.652542372881356 0.0546875 0.3559322033898305
18 0.0546875 0.6779661016949152 0.046875 0.3474576271186441