18 0.08984375 0.41 0.056640625 0.47
18 0.138671875 0.41 0.056640625 0.43
18 0.193359375 0.43 0.056640625 0.43
18 0.2421875 0.43 0.052734375 0.47
18 0.287109375 0.43 0.044921875 0.43
18 0.439453125 0.44 0.048828125 0.45
18 0.390625 0.45 0.052734375 0.43
18 0.33984375 0.45 0.056640625 0.43
18 0.490234375 0.48 0.056640625 0.45
18 0.544921875 0.48 0.060546875 0.45
18 0.595703125 0.48 0.052734375 0.49
18 0.693359375 0.49 0.048828125 0.43
18 0.646484375 0.5 0.056640625 0.45
18 0.798828125 0.51 0.052734375 0.43
18 0.74609375 0.52 0.052734375 0.45
18 0.8984375 0.53 0.052734375 0.43
18 0.849609375 0.54 0.052734375 0.41