18 0.072265625 0.37254901960784315 0.046875 0.47058823529411764
18 0.12109375 0.37254901960784315 0.0625 0.46078431372549017
18 0.173828125 0.4117647058823529 0.0546875 0.45098039215686275
18 0.224609375 0.4215686274509804 0.05859375 0.47058823529411764
18 0.27734375 0.4411764705882353 0.052734375 0.46078431372549017
18 0.33203125 0.47058823529411764 0.05859375 0.4411764705882353
18 0.42578125 0.4803921568627451 0.0546875 0.47058823529411764
18 0.3828125 0.49019607843137253 0.037109375 0.4803921568627451
18 0.484375 0.5098039215686274 0.05859375 0.49019607843137253
18 0.544921875 0.5294117647058824 0.07421875 0.47058823529411764
18 0.60546875 0.5490196078431373 0.060546875 0.45098039215686275
18 0.662109375 0.5588235294117647 0.064453125 0.4411764705882353
18 0.712890625 0.5686274509803921 0.0390625 0.45098039215686275
18 0.759765625 0.5784313725490197 0.052734375 0.45098039215686275
18 0.814453125 0.6176470588235294 0.064453125 0.46078431372549017
18 0.869140625 0.6176470588235294 0.052734375 0.43137254901960786
18 0.927734375 0.6470588235294118 0.052734375 0.43137254901960786