18 0.41015625 0.4019607843137255 0.060546875 0.27450980392156865
18 0.455078125 0.45098039215686275 0.0625 0.29901960784313725
18 0.5078125 0.4852941176470588 0.072265625 0.27941176470588236
18 0.5703125 0.5196078431372549 0.0625 0.29901960784313725
18 0.625 0.5588235294117647 0.052734375 0.27941176470588236
18 0.6796875 0.5931372549019608 0.05859375 0.29901960784313725
18 0.740234375 0.6470588235294118 0.068359375 0.29901960784313725
18 0.80078125 0.6813725490196079 0.06640625 0.27941176470588236
18 0.861328125 0.7205882352941176 0.064453125 0.27941176470588236
18 0.9296875 0.7745098039215687 0.0703125 0.29901960784313725
18 0.068359375 0.18137254901960784 0.060546875 0.24019607843137256
18 0.119140625 0.2107843137254902 0.078125 0.25980392156862747
18 0.177734375 0.25 0.044921875 0.24019607843137256
18 0.21484375 0.27450980392156865 0.05859375 0.25980392156862747
18 0.259765625 0.3088235294117647 0.05859375 0.2696078431372549
18 0.306640625 0.3431372549019608 0.0546875 0.25980392156862747
18 0.353515625 0.37254901960784315 0.0546875 0.2696078431372549