18 0.36328125 0.39919354838709675 0.064453125 0.16129032258064516
18 0.416015625 0.4475806451612903 0.0546875 0.14516129032258066
18 0.47265625 0.4838709677419355 0.03515625 0.13709677419354838
18 0.521484375 0.5241935483870968 0.06640625 0.1693548387096774
18 0.583984375 0.5725806451612904 0.0625 0.1532258064516129
18 0.642578125 0.6209677419354839 0.064453125 0.1532258064516129
18 0.69921875 0.6693548387096774 0.052734375 0.1532258064516129
18 0.751953125 0.7056451612903226 0.052734375 0.13709677419354838
18 0.8046875 0.7459677419354839 0.056640625 0.15725806451612903
18 0.853515625 0.7943548387096774 0.0625 0.1532258064516129
18 0.908203125 0.8306451612903226 0.05859375 0.14516129032258066
18 0.96484375 0.875 0.060546875 0.14516129032258066
18 0.060546875 0.15725806451612903 0.0703125 0.1693548387096774
18 0.142578125 0.21370967741935484 0.0859375 0.1935483870967742
18 0.205078125 0.27419354838709675 0.0546875 0.14919354838709678
18 0.255859375 0.31451612903225806 0.0625 0.1693548387096774
18 0.30859375 0.35080645161290325 0.064453125 0.16129032258064516