18 0.810546875 0.43902439024390244 0.048828125 0.5853658536585366
18 0.859375 0.43902439024390244 0.0546875 0.573170731707317
18 0.908203125 0.45121951219512196 0.056640625 0.5365853658536586
18 0.76171875 0.4634146341463415 0.05078125 0.573170731707317
18 0.7109375 0.4634146341463415 0.052734375 0.5609756097560976
18 0.662109375 0.4878048780487805 0.0546875 0.573170731707317
18 0.5625 0.5 0.05859375 0.573170731707317
18 0.61328125 0.5 0.052734375 0.5853658536585366
18 0.51171875 0.5121951219512195 0.0546875 0.573170731707317
18 0.41015625 0.524390243902439 0.05078125 0.5609756097560976
18 0.4609375 0.524390243902439 0.05859375 0.573170731707317
18 0.359375 0.524390243902439 0.056640625 0.5365853658536586
18 0.203125 0.5487804878048781 0.05859375 0.5975609756097561
18 0.306640625 0.5487804878048781 0.060546875 0.5975609756097561
18 0.255859375 0.5609756097560976 0.05859375 0.573170731707317
18 0.099609375 0.573170731707317 0.064453125 0.573170731707317
18 0.15234375 0.573170731707317 0.052734375 0.5853658536585366