18 0.53125 0.5111111111111111 0.068359375 0.4222222222222222
18 0.587890625 0.5277777777777778 0.0625 0.43333333333333335
18 0.64453125 0.5611111111111111 0.052734375 0.42777777777777776
18 0.701171875 0.5888888888888889 0.052734375 0.4388888888888889
18 0.759765625 0.6055555555555555 0.060546875 0.4222222222222222
18 0.814453125 0.6444444444444445 0.0625 0.4222222222222222
18 0.876953125 0.6555555555555556 0.05859375 0.4388888888888889
18 0.93359375 0.6944444444444444 0.05859375 0.4166666666666667
18 0.06640625 0.2833333333333333 0.060546875 0.42777777777777776
18 0.115234375 0.3111111111111111 0.052734375 0.39444444444444443
18 0.169921875 0.3333333333333333 0.052734375 0.40555555555555556
18 0.2265625 0.3611111111111111 0.052734375 0.39444444444444443
18 0.279296875 0.38333333333333336 0.05859375 0.39444444444444443
18 0.333984375 0.40555555555555556 0.056640625 0.4
18 0.3828125 0.43333333333333335 0.03125 0.3888888888888889
18 0.419921875 0.45555555555555555 0.05078125 0.4
18 0.47265625 0.4722222222222222 0.0625 0.42777777777777776