18 0.08203125 0.4791666666666667 0.064453125 0.6597222222222222
18 0.146484375 0.4861111111111111 0.064453125 0.6666666666666666
18 0.208984375 0.4930555555555556 0.05859375 0.6527777777777778
18 0.271484375 0.5 0.064453125 0.6736111111111112
18 0.328125 0.5138888888888888 0.0546875 0.6388888888888888
18 0.388671875 0.5138888888888888 0.056640625 0.6458333333333334
18 0.447265625 0.5277777777777778 0.060546875 0.625
18 0.5 0.5347222222222222 0.0546875 0.6388888888888888
18 0.552734375 0.5347222222222222 0.048828125 0.6180555555555556
18 0.60546875 0.5347222222222222 0.0546875 0.6388888888888888
18 0.654296875 0.5555555555555556 0.041015625 0.625
18 0.705078125 0.5555555555555556 0.052734375 0.6111111111111112
18 0.892578125 0.5625 0.046875 0.6041666666666666
18 0.75390625 0.5625 0.052734375 0.5972222222222222
18 0.80078125 0.5625 0.048828125 0.6111111111111112
18 0.84765625 0.5763888888888888 0.046875 0.5972222222222222
18 0.9375 0.5763888888888888 0.044921875 0.5833333333333334