18 0.064453125 0.39361702127659576 0.064453125 0.40425531914893614
18 0.134765625 0.40425531914893614 0.08984375 0.4148936170212766
18 0.203125 0.425531914893617 0.0546875 0.39361702127659576
18 0.251953125 0.44680851063829785 0.04296875 0.40425531914893614
18 0.302734375 0.4574468085106383 0.05859375 0.40425531914893614
18 0.35546875 0.4787234042553192 0.05078125 0.39361702127659576
18 0.40234375 0.48936170212765956 0.03515625 0.40425531914893614
18 0.45703125 0.5106382978723404 0.064453125 0.40425531914893614
18 0.517578125 0.5212765957446809 0.05859375 0.40425531914893614
18 0.57421875 0.5319148936170213 0.060546875 0.40425531914893614
18 0.62890625 0.5531914893617021 0.046875 0.39361702127659576
18 0.677734375 0.5638297872340425 0.048828125 0.39361702127659576
18 0.7265625 0.574468085106383 0.046875 0.39361702127659576
18 0.775390625 0.5851063829787234 0.048828125 0.3723404255319149
18 0.82421875 0.5957446808510638 0.05078125 0.40425531914893614
18 0.869140625 0.5957446808510638 0.048828125 0.39361702127659576
18 0.919921875 0.6063829787234043 0.048828125 0.3723404255319149