18 0.498046875 0.5053763440860215 0.068359375 0.22043010752688172
18 0.564453125 0.5483870967741935 0.087890625 0.24193548387096775
18 0.625 0.6021505376344086 0.0703125 0.27419354838709675
18 0.68359375 0.6290322580645161 0.068359375 0.23655913978494625
18 0.736328125 0.6666666666666666 0.06640625 0.23118279569892472
18 0.794921875 0.7043010752688172 0.0703125 0.23118279569892472
18 0.84765625 0.7419354838709677 0.060546875 0.23118279569892472
18 0.904296875 0.7795698924731183 0.068359375 0.23655913978494625
18 0.958984375 0.8118279569892473 0.068359375 0.24731182795698925
18 0.0625 0.23118279569892472 0.080078125 0.26344086021505375
18 0.12890625 0.26881720430107525 0.080078125 0.22043010752688172
18 0.1796875 0.3064516129032258 0.0546875 0.22043010752688172
18 0.236328125 0.3225806451612903 0.0703125 0.24193548387096775
18 0.287109375 0.3763440860215054 0.0703125 0.23655913978494625
18 0.337890625 0.40860215053763443 0.060546875 0.23118279569892472
18 0.390625 0.43548387096774194 0.068359375 0.24193548387096775
18 0.44921875 0.46774193548387094 0.06640625 0.24731182795698925