18 0.939453125 0.4358974358974359 0.05078125 0.48717948717948717
18 0.8359375 0.4358974358974359 0.05078125 0.46153846153846156
18 0.888671875 0.44871794871794873 0.05078125 0.47435897435897434
18 0.7890625 0.44871794871794873 0.0390625 0.46153846153846156
18 0.7421875 0.46153846153846156 0.0546875 0.4358974358974359
18 0.634765625 0.48717948717948717 0.05859375 0.48717948717948717
18 0.6875 0.5 0.048828125 0.48717948717948717
18 0.578125 0.5128205128205128 0.052734375 0.48717948717948717
18 0.482421875 0.5256410256410257 0.060546875 0.48717948717948717
18 0.533203125 0.5384615384615384 0.037109375 0.48717948717948717
18 0.419921875 0.5384615384615384 0.060546875 0.5
18 0.23828125 0.5512820512820513 0.056640625 0.48717948717948717
18 0.298828125 0.5512820512820513 0.064453125 0.5
18 0.361328125 0.5512820512820513 0.05859375 0.48717948717948717
18 0.12109375 0.5769230769230769 0.060546875 0.47435897435897434
18 0.181640625 0.5897435897435898 0.060546875 0.5256410256410257
18 0.05859375 0.5897435897435898 0.060546875 0.5