18 0.052734375 0.39622641509433965 0.048828125 0.4716981132075472
18 0.10546875 0.4056603773584906 0.048828125 0.49056603773584906
18 0.162109375 0.42452830188679247 0.048828125 0.4811320754716981
18 0.21484375 0.4339622641509434 0.052734375 0.4811320754716981
18 0.267578125 0.44339622641509435 0.048828125 0.5094339622641509
18 0.3203125 0.4528301886792453 0.05078125 0.4811320754716981
18 0.37109375 0.4716981132075472 0.04296875 0.4716981132075472
18 0.423828125 0.4811320754716981 0.0390625 0.49056603773584906
18 0.482421875 0.49056603773584906 0.052734375 0.5
18 0.5390625 0.5 0.052734375 0.4716981132075472
18 0.591796875 0.5 0.05078125 0.5
18 0.646484375 0.5188679245283019 0.05078125 0.4716981132075472
18 0.705078125 0.5377358490566038 0.052734375 0.4716981132075472
18 0.7578125 0.5471698113207547 0.05078125 0.49056603773584906
18 0.814453125 0.5566037735849056 0.05078125 0.4716981132075472
18 0.87109375 0.5660377358490566 0.052734375 0.4811320754716981
18 0.92578125 0.5754716981132075 0.041015625 0.5094339622641509