18 0.587890625 0.5652173913043478 0.083984375 0.32608695652173914
18 0.64453125 0.5956521739130435 0.078125 0.3130434782608696
18 0.69921875 0.6304347826086957 0.0859375 0.3217391304347826
18 0.751953125 0.6652173913043479 0.07421875 0.3217391304347826
18 0.814453125 0.7086956521739131 0.083984375 0.3217391304347826
18 0.865234375 0.7478260869565218 0.083984375 0.3130434782608696
18 0.92578125 0.7869565217391304 0.083984375 0.32608695652173914
18 0.078125 0.21304347826086956 0.08984375 0.34782608695652173
18 0.12890625 0.2391304347826087 0.080078125 0.3130434782608696
18 0.185546875 0.27391304347826084 0.078125 0.3347826086956522
18 0.236328125 0.3217391304347826 0.078125 0.3217391304347826
18 0.287109375 0.3565217391304348 0.08203125 0.32608695652173914
18 0.341796875 0.3869565217391304 0.078125 0.30434782608695654
18 0.390625 0.41739130434782606 0.060546875 0.3
18 0.423828125 0.44782608695652176 0.072265625 0.30869565217391304
18 0.478515625 0.4782608695652174 0.08203125 0.3130434782608696
18 0.53125 0.5217391304347826 0.083984375 0.3347826086956522