18 0.55859375 0.4875 0.072265625 0.55
18 0.4453125 0.4875 0.060546875 0.5375
18 0.498046875 0.4875 0.0546875 0.5375
18 0.07421875 0.4875 0.0625 0.5375
18 0.291015625 0.4875 0.046875 0.6
18 0.392578125 0.4875 0.048828125 0.55
18 0.1875 0.5 0.05859375 0.5875
18 0.2421875 0.5 0.044921875 0.5625
18 0.7265625 0.5 0.05078125 0.5625
18 0.130859375 0.5 0.048828125 0.5375
18 0.341796875 0.5 0.046875 0.575
18 0.62109375 0.5 0.056640625 0.55
18 0.82421875 0.5 0.05078125 0.575
18 0.875 0.5 0.0546875 0.55
18 0.677734375 0.5125 0.0546875 0.55
18 0.775390625 0.5125 0.052734375 0.5625
18 0.92578125 0.5125 0.052734375 0.5625