18 0.0224609375 0.3915094339622642 0.044921875 0.4811320754716981
18 0.078125 0.39622641509433965 0.0625 0.42452830188679247
18 0.134765625 0.41509433962264153 0.05859375 0.42452830188679247
18 0.189453125 0.44339622641509435 0.0625 0.4339622641509434
18 0.24609375 0.4528301886792453 0.0546875 0.41509433962264153
18 0.3046875 0.4716981132075472 0.0625 0.42452830188679247
18 0.419921875 0.49056603773584906 0.056640625 0.4056603773584906
18 0.48046875 0.49056603773584906 0.056640625 0.41509433962264153
18 0.365234375 0.5 0.05859375 0.44339622641509435
18 0.61328125 0.5471698113207547 0.0546875 0.4339622641509434
18 0.546875 0.5471698113207547 0.0703125 0.4339622641509434
18 0.671875 0.5566037735849056 0.056640625 0.42452830188679247
18 0.73046875 0.5566037735849056 0.060546875 0.42452830188679247
18 0.7890625 0.5754716981132075 0.05859375 0.42452830188679247
18 0.845703125 0.5849056603773585 0.060546875 0.42452830188679247
18 0.912109375 0.6037735849056604 0.0546875 0.4056603773584906
18 0.966796875 0.6132075471698113 0.056640625 0.4056603773584906