18 0.927734375 0.4056603773584906 0.048828125 0.37735849056603776
18 0.876953125 0.42452830188679247 0.046875 0.3584905660377358
18 0.830078125 0.44339622641509435 0.048828125 0.3584905660377358
18 0.779296875 0.46226415094339623 0.033203125 0.3584905660377358
18 0.732421875 0.4811320754716981 0.052734375 0.33962264150943394
18 0.68359375 0.4811320754716981 0.046875 0.3584905660377358
18 0.62109375 0.5094339622641509 0.06640625 0.36792452830188677
18 0.55859375 0.5283018867924528 0.0546875 0.36792452830188677
18 0.505859375 0.5471698113207547 0.052734375 0.3584905660377358
18 0.44921875 0.5660377358490566 0.0546875 0.37735849056603776
18 0.3984375 0.5754716981132075 0.048828125 0.37735849056603776
18 0.345703125 0.6037735849056604 0.046875 0.3584905660377358
18 0.2890625 0.6226415094339622 0.0625 0.36792452830188677
18 0.234375 0.6415094339622641 0.052734375 0.36792452830188677
18 0.18359375 0.6509433962264151 0.05859375 0.37735849056603776
18 0.130859375 0.6792452830188679 0.048828125 0.3584905660377358
18 0.08203125 0.6886792452830188 0.05859375 0.36792452830188677