18 0.458984375 0.46551724137931033 0.05859375 0.23706896551724138
18 0.51953125 0.5 0.0625 0.2543103448275862
18 0.580078125 0.5431034482758621 0.060546875 0.25
18 0.634765625 0.5948275862068966 0.056640625 0.24568965517241378
18 0.689453125 0.625 0.0625 0.23275862068965517
18 0.744140625 0.6637931034482759 0.05859375 0.25862068965517243
18 0.802734375 0.6939655172413793 0.060546875 0.2801724137931034
18 0.86328125 0.728448275862069 0.060546875 0.27155172413793105
18 0.923828125 0.7887931034482759 0.0703125 0.2672413793103448
18 0.056640625 0.1724137931034483 0.05078125 0.21120689655172414
18 0.11328125 0.21982758620689655 0.076171875 0.23275862068965517
18 0.169921875 0.2629310344827586 0.048828125 0.21551724137931033
18 0.2109375 0.28879310344827586 0.056640625 0.21551724137931033
18 0.259765625 0.3275862068965517 0.05078125 0.23275862068965517
18 0.306640625 0.35344827586206895 0.0625 0.25
18 0.359375 0.3879310344827586 0.0546875 0.23706896551724138
18 0.41015625 0.43103448275862066 0.052734375 0.25