18 0.123046875 0.4166666666666667 0.05078125 0.5520833333333334
18 0.0703125 0.4375 0.048828125 0.5625
18 0.173828125 0.4479166666666667 0.044921875 0.5520833333333334
18 0.228515625 0.4583333333333333 0.0625 0.59375
18 0.494140625 0.4583333333333333 0.056640625 0.5625
18 0.658203125 0.4583333333333333 0.0546875 0.5625
18 0.93359375 0.4583333333333333 0.05859375 0.6145833333333334
18 0.8828125 0.4583333333333333 0.060546875 0.5833333333333334
18 0.328125 0.46875 0.0625 0.6145833333333334
18 0.603515625 0.46875 0.05078125 0.59375
18 0.271484375 0.46875 0.044921875 0.5833333333333334
18 0.3828125 0.46875 0.048828125 0.5833333333333334
18 0.546875 0.4791666666666667 0.06640625 0.6145833333333334
18 0.712890625 0.4791666666666667 0.05078125 0.6354166666666666
18 0.765625 0.4791666666666667 0.04296875 0.6145833333333334
18 0.82421875 0.4895833333333333 0.0625 0.6041666666666666
18 0.4375 0.4895833333333333 0.048828125 0.6145833333333334