18 0.072265625 0.39436619718309857 0.076171875 0.5070422535211268
18 0.13671875 0.4154929577464789 0.06640625 0.4859154929577465
18 0.201171875 0.4154929577464789 0.068359375 0.5352112676056338
18 0.259765625 0.4507042253521127 0.0625 0.5070422535211268
18 0.3125 0.4647887323943662 0.05859375 0.49295774647887325
18 0.36328125 0.4859154929577465 0.048828125 0.4859154929577465
18 0.40625 0.49295774647887325 0.048828125 0.4859154929577465
18 0.46484375 0.5070422535211268 0.078125 0.4647887323943662
18 0.515625 0.5140845070422535 0.05078125 0.4647887323943662
18 0.580078125 0.5422535211267606 0.087890625 0.4859154929577465
18 0.654296875 0.5563380281690141 0.07421875 0.47183098591549294
18 0.70703125 0.5774647887323944 0.052734375 0.4647887323943662
18 0.75390625 0.5774647887323944 0.037109375 0.47183098591549294
18 0.794921875 0.5915492957746479 0.052734375 0.4647887323943662
18 0.841796875 0.6126760563380281 0.044921875 0.47183098591549294
18 0.8828125 0.6197183098591549 0.05078125 0.4507042253521127
18 0.9296875 0.6267605633802817 0.048828125 0.45774647887323944