18 0.71484375 0.5408163265306123 0.060546875 0.6020408163265306
18 0.833984375 0.5510204081632653 0.060546875 0.6122448979591837
18 0.892578125 0.5714285714285714 0.060546875 0.6326530612244898
18 0.953125 0.5816326530612245 0.060546875 0.6326530612244898
18 0.052734375 0.40816326530612246 0.056640625 0.5714285714285714
18 0.107421875 0.41836734693877553 0.05078125 0.5612244897959183
18 0.15625 0.42857142857142855 0.052734375 0.5612244897959183
18 0.2109375 0.4387755102040816 0.056640625 0.5612244897959183
18 0.263671875 0.4387755102040816 0.0546875 0.5510204081632653
18 0.322265625 0.45918367346938777 0.0625 0.5612244897959183
18 0.375 0.46938775510204084 0.048828125 0.5510204081632653
18 0.427734375 0.46938775510204084 0.0546875 0.5714285714285714
18 0.482421875 0.47959183673469385 0.0625 0.5714285714285714
18 0.54296875 0.4897959183673469 0.060546875 0.5918367346938775
18 0.599609375 0.4897959183673469 0.060546875 0.6020408163265306
18 0.658203125 0.5102040816326531 0.064453125 0.5816326530612245
18 0.771484375 0.5408163265306123 0.056640625 0.6020408163265306