18 0.07421875 0.4326923076923077 0.048828125 0.49038461538461536
18 0.125 0.4423076923076923 0.046875 0.5
18 0.2265625 0.4519230769230769 0.044921875 0.5
18 0.17578125 0.4519230769230769 0.048828125 0.5096153846153846
18 0.328125 0.47115384615384615 0.05078125 0.5192307692307693
18 0.27734375 0.4807692307692308 0.04296875 0.5288461538461539
18 0.380859375 0.4807692307692308 0.048828125 0.5192307692307693
18 0.431640625 0.49038461538461536 0.041015625 0.5096153846153846
18 0.490234375 0.5 0.048828125 0.5
18 0.54296875 0.5096153846153846 0.052734375 0.5192307692307693
18 0.59765625 0.5096153846153846 0.048828125 0.5192307692307693
18 0.65234375 0.5288461538461539 0.052734375 0.5288461538461539
18 0.759765625 0.5384615384615384 0.037109375 0.5192307692307693
18 0.70703125 0.5384615384615384 0.048828125 0.5192307692307693
18 0.818359375 0.5480769230769231 0.048828125 0.5
18 0.876953125 0.5576923076923077 0.056640625 0.5192307692307693
18 0.935546875 0.5673076923076923 0.0546875 0.5096153846153846