18 0.828125 0.49019607843137253 0.06640625 0.6862745098039216
18 0.89453125 0.5 0.06640625 0.7352941176470589
18 0.767578125 0.5 0.060546875 0.7058823529411765
18 0.95703125 0.5098039215686274 0.0625 0.7156862745098039
18 0.525390625 0.5098039215686274 0.068359375 0.696078431372549
18 0.708984375 0.5098039215686274 0.068359375 0.6764705882352942
18 0.64453125 0.5098039215686274 0.05859375 0.6666666666666666
18 0.462890625 0.5196078431372549 0.060546875 0.6862745098039216
18 0.298828125 0.5196078431372549 0.0703125 0.6862745098039216
18 0.24609375 0.5196078431372549 0.06640625 0.7156862745098039
18 0.41015625 0.5196078431372549 0.060546875 0.7156862745098039
18 0.091796875 0.5196078431372549 0.052734375 0.696078431372549
18 0.357421875 0.5196078431372549 0.0546875 0.7058823529411765
18 0.583984375 0.5196078431372549 0.060546875 0.696078431372549
18 0.03515625 0.5294117647058824 0.06640625 0.6568627450980392
18 0.189453125 0.5392156862745098 0.07421875 0.6862745098039216
18 0.130859375 0.5392156862745098 0.060546875 0.6764705882352942