18 0.2265625 0.266304347826087 0.08203125 0.09239130434782608
18 0.271484375 0.3125 0.095703125 0.12228260869565218
18 0.322265625 0.3641304347826087 0.07421875 0.10054347826086957
18 0.3671875 0.4157608695652174 0.0703125 0.10597826086956522
18 0.4296875 0.45652173913043476 0.076171875 0.11684782608695653
18 0.46875 0.4945652173913043 0.091796875 0.10054347826086957
18 0.5234375 0.5597826086956522 0.07421875 0.10869565217391304
18 0.578125 0.6005434782608695 0.078125 0.12228260869565218
18 0.630859375 0.6494565217391305 0.0859375 0.11141304347826086
18 0.68359375 0.6983695652173914 0.083984375 0.11141304347826086
18 0.73046875 0.7608695652173914 0.072265625 0.10869565217391304
18 0.78515625 0.8125 0.0703125 0.11413043478260869
18 0.845703125 0.8586956521739131 0.08203125 0.11684782608695653
18 0.89453125 0.9184782608695652 0.078125 0.11413043478260869
18 0.078125 0.125 0.095703125 0.13043478260869565
18 0.123046875 0.17391304347826086 0.09765625 0.11684782608695653
18 0.17578125 0.22010869565217392 0.09375 0.11413043478260869