18 0.0703125 0.42857142857142855 0.0625 0.5816326530612245
18 0.125 0.4489795918367347 0.05859375 0.5612244897959183
18 0.17578125 0.4489795918367347 0.056640625 0.5714285714285714
18 0.232421875 0.45918367346938777 0.060546875 0.5714285714285714
18 0.283203125 0.46938775510204084 0.056640625 0.5714285714285714
18 0.3359375 0.47959183673469385 0.056640625 0.5612244897959183
18 0.390625 0.47959183673469385 0.05859375 0.5612244897959183
18 0.44140625 0.47959183673469385 0.052734375 0.5612244897959183
18 0.494140625 0.4897959183673469 0.052734375 0.5714285714285714
18 0.546875 0.5102040816326531 0.0546875 0.5714285714285714
18 0.65234375 0.5102040816326531 0.052734375 0.5816326530612245
18 0.59765625 0.5204081632653061 0.05078125 0.5918367346938775
18 0.705078125 0.5204081632653061 0.05078125 0.5714285714285714
18 0.75390625 0.5204081632653061 0.041015625 0.5918367346938775
18 0.810546875 0.5204081632653061 0.052734375 0.5816326530612245
18 0.865234375 0.5306122448979592 0.0546875 0.5816326530612245
18 0.91796875 0.5306122448979592 0.0546875 0.5816326530612245