18 0.048828125 0.30851063829787234 0.060546875 0.40425531914893614
18 0.123046875 0.3404255319148936 0.078125 0.39361702127659576
18 0.1875 0.3723404255319149 0.048828125 0.3723404255319149
18 0.244140625 0.40425531914893614 0.056640625 0.3829787234042553
18 0.294921875 0.425531914893617 0.0625 0.3723404255319149
18 0.34765625 0.4574468085106383 0.0546875 0.3829787234042553
18 0.40625 0.46808510638297873 0.0546875 0.3723404255319149
18 0.458984375 0.48936170212765956 0.056640625 0.3723404255319149
18 0.513671875 0.5212765957446809 0.052734375 0.3829787234042553
18 0.5703125 0.5319148936170213 0.0546875 0.3617021276595745
18 0.626953125 0.5425531914893617 0.0625 0.3829787234042553
18 0.681640625 0.5851063829787234 0.052734375 0.3617021276595745
18 0.73828125 0.6063829787234043 0.041015625 0.3723404255319149
18 0.791015625 0.6276595744680851 0.046875 0.3723404255319149
18 0.892578125 0.6595744680851063 0.052734375 0.3829787234042553
18 0.83984375 0.6595744680851063 0.056640625 0.3829787234042553
18 0.947265625 0.6914893617021277 0.056640625 0.3829787234042553