18 0.072265625 0.26582278481012656 0.068359375 0.25949367088607594
18 0.119140625 0.2974683544303797 0.05859375 0.25949367088607594
18 0.166015625 0.3227848101265823 0.05859375 0.26582278481012656
18 0.2109375 0.34810126582278483 0.0703125 0.26582278481012656
18 0.263671875 0.3670886075949367 0.076171875 0.25949367088607594
18 0.3125 0.4050632911392405 0.0703125 0.25949367088607594
18 0.3671875 0.4240506329113924 0.046875 0.26582278481012656
18 0.412109375 0.4620253164556962 0.056640625 0.27848101265822783
18 0.462890625 0.4873417721518987 0.072265625 0.27848101265822783
18 0.517578125 0.5189873417721519 0.080078125 0.27848101265822783
18 0.568359375 0.5443037974683544 0.07421875 0.2848101265822785
18 0.626953125 0.5759493670886076 0.0625 0.2848101265822785
18 0.69140625 0.6012658227848101 0.046875 0.2848101265822785
18 0.744140625 0.6329113924050633 0.06640625 0.2848101265822785
18 0.798828125 0.6708860759493671 0.07421875 0.31645569620253167
18 0.857421875 0.6962025316455697 0.06640625 0.31645569620253167
18 0.919921875 0.7278481012658228 0.06640625 0.2911392405063291