18 0.93359375 0.3695652173913043 0.048828125 0.42391304347826086
18 0.880859375 0.40217391304347827 0.052734375 0.42391304347826086
18 0.83203125 0.41304347826086957 0.046875 0.42391304347826086
18 0.78125 0.42391304347826086 0.05078125 0.41304347826086957
18 0.73046875 0.43478260869565216 0.052734375 0.42391304347826086
18 0.6796875 0.44565217391304346 0.05078125 0.391304347826087
18 0.6328125 0.4673913043478261 0.046875 0.391304347826087
18 0.572265625 0.4891304347826087 0.0703125 0.391304347826087
18 0.505859375 0.5 0.064453125 0.391304347826087
18 0.447265625 0.532608695652174 0.048828125 0.391304347826087
18 0.400390625 0.532608695652174 0.044921875 0.40217391304347827
18 0.35546875 0.5434782608695652 0.046875 0.391304347826087
18 0.30859375 0.5652173913043478 0.044921875 0.391304347826087
18 0.255859375 0.5760869565217391 0.06640625 0.391304347826087
18 0.1953125 0.5869565217391305 0.05859375 0.391304347826087
18 0.12890625 0.6195652173913043 0.083984375 0.391304347826087
18 0.0625 0.6195652173913043 0.064453125 0.3695652173913043