18 0.9296875 0.3163265306122449 0.072265625 0.41836734693877553
18 0.869140625 0.336734693877551 0.044921875 0.3979591836734694
18 0.8203125 0.35714285714285715 0.056640625 0.41836734693877553
18 0.76171875 0.37755102040816324 0.05078125 0.3877551020408163
18 0.70703125 0.41836734693877553 0.056640625 0.3979591836734694
18 0.650390625 0.4387755102040816 0.052734375 0.3979591836734694
18 0.595703125 0.46938775510204084 0.052734375 0.3979591836734694
18 0.5390625 0.5 0.056640625 0.41836734693877553
18 0.4765625 0.5510204081632653 0.05859375 0.42857142857142855
18 0.419921875 0.5612244897959183 0.05078125 0.40816326530612246
18 0.3671875 0.5714285714285714 0.05078125 0.40816326530612246
18 0.318359375 0.6020408163265306 0.05078125 0.40816326530612246
18 0.2734375 0.6122448979591837 0.046875 0.3979591836734694
18 0.23046875 0.6326530612244898 0.060546875 0.37755102040816324
18 0.17578125 0.6428571428571429 0.046875 0.3877551020408163
18 0.123046875 0.6530612244897959 0.056640625 0.37755102040816324
18 0.060546875 0.673469387755102 0.068359375 0.37755102040816324