18 0.767578125 0.45689655172413796 0.056640625 0.5344827586206896
18 0.70703125 0.46551724137931033 0.05859375 0.5344827586206896
18 0.64453125 0.47413793103448276 0.060546875 0.5258620689655172
18 0.5859375 0.49137931034482757 0.060546875 0.5086206896551724
18 0.529296875 0.5172413793103449 0.056640625 0.5172413793103449
18 0.470703125 0.5258620689655172 0.052734375 0.5172413793103449
18 0.41796875 0.5344827586206896 0.048828125 0.5086206896551724
18 0.361328125 0.5689655172413793 0.033203125 0.5086206896551724
18 0.30859375 0.5775862068965517 0.0546875 0.5172413793103449
18 0.25390625 0.5948275862068966 0.05078125 0.5172413793103449
18 0.19921875 0.603448275862069 0.046875 0.49137931034482757
18 0.1484375 0.6120689655172413 0.048828125 0.4827586206896552
18 0.095703125 0.6293103448275862 0.044921875 0.4827586206896552
18 0.044921875 0.6379310344827587 0.0546875 0.5086206896551724
18 0.95703125 0.4051724137931034 0.064453125 0.5862068965517241
18 0.892578125 0.4224137931034483 0.064453125 0.5517241379310345
18 0.828125 0.4396551724137931 0.04296875 0.5603448275862069