18 0.865234375 0.45081967213114754 0.056640625 0.6065573770491803
18 0.814453125 0.45081967213114754 0.052734375 0.6557377049180327
18 0.923828125 0.4672131147540984 0.05859375 0.6639344262295082
18 0.763671875 0.4672131147540984 0.048828125 0.639344262295082
18 0.71484375 0.47540983606557374 0.056640625 0.680327868852459
18 0.60546875 0.48360655737704916 0.0625 0.639344262295082
18 0.66015625 0.4918032786885246 0.0625 0.6557377049180327
18 0.490234375 0.5 0.060546875 0.6557377049180327
18 0.548828125 0.5163934426229508 0.05859375 0.680327868852459
18 0.38671875 0.5163934426229508 0.041015625 0.680327868852459
18 0.341796875 0.5245901639344263 0.060546875 0.680327868852459
18 0.435546875 0.5245901639344263 0.06640625 0.7377049180327869
18 0.287109375 0.5327868852459017 0.06640625 0.6639344262295082
18 0.2265625 0.5491803278688525 0.0625 0.6557377049180327
18 0.171875 0.5573770491803278 0.060546875 0.680327868852459
18 0.115234375 0.5573770491803278 0.060546875 0.639344262295082
18 0.05859375 0.5737704918032787 0.0625 0.639344262295082