18 0.9296875 0.36 0.056640625 0.41
18 0.88671875 0.37 0.05078125 0.43
18 0.841796875 0.4 0.05078125 0.41
18 0.796875 0.4 0.048828125 0.42
18 0.751953125 0.42 0.052734375 0.4
18 0.69140625 0.42 0.076171875 0.4
18 0.62890625 0.45 0.05859375 0.41
18 0.576171875 0.46 0.056640625 0.41
18 0.509765625 0.48 0.07421875 0.42
18 0.443359375 0.49 0.0546875 0.44
18 0.392578125 0.51 0.0546875 0.43
18 0.337890625 0.52 0.0625 0.42
18 0.28125 0.54 0.0625 0.44
18 0.224609375 0.56 0.05859375 0.43
18 0.166015625 0.58 0.05078125 0.45
18 0.115234375 0.58 0.05859375 0.45
18 0.05859375 0.6 0.05859375 0.44