18 0.931640625 0.32653061224489793 0.0625 0.45918367346938777
18 0.87890625 0.3469387755102041 0.056640625 0.47959183673469385
18 0.830078125 0.3979591836734694 0.05859375 0.47959183673469385
18 0.783203125 0.3979591836734694 0.0546875 0.4897959183673469
18 0.7265625 0.3979591836734694 0.0546875 0.47959183673469385
18 0.6796875 0.42857142857142855 0.056640625 0.47959183673469385
18 0.626953125 0.45918367346938777 0.06640625 0.5
18 0.56640625 0.46938775510204084 0.078125 0.47959183673469385
18 0.501953125 0.47959183673469385 0.056640625 0.47959183673469385
18 0.447265625 0.5306122448979592 0.060546875 0.4897959183673469
18 0.353515625 0.5612244897959183 0.06640625 0.5
18 0.40625 0.5612244897959183 0.0546875 0.5204081632653061
18 0.29296875 0.5612244897959183 0.068359375 0.4897959183673469
18 0.173828125 0.5918367346938775 0.060546875 0.5102040816326531
18 0.236328125 0.6020408163265306 0.064453125 0.5306122448979592
18 0.11328125 0.6122448979591837 0.064453125 0.5102040816326531
18 0.0625 0.6326530612244898 0.060546875 0.4897959183673469