18 0.060546875 0.4365079365079365 0.056640625 0.6111111111111112
18 0.115234375 0.4444444444444444 0.056640625 0.5952380952380952
18 0.28125 0.4523809523809524 0.05078125 0.5952380952380952
18 0.169921875 0.4523809523809524 0.05078125 0.5952380952380952
18 0.224609375 0.4523809523809524 0.056640625 0.5873015873015873
18 0.3359375 0.46825396825396826 0.052734375 0.5873015873015873
18 0.384765625 0.46825396825396826 0.044921875 0.5793650793650794
18 0.427734375 0.47619047619047616 0.048828125 0.5793650793650794
18 0.482421875 0.48412698412698413 0.056640625 0.5793650793650794
18 0.5390625 0.49206349206349204 0.05859375 0.5873015873015873
18 0.59765625 0.49206349206349204 0.0546875 0.5952380952380952
18 0.654296875 0.5 0.052734375 0.6031746031746031
18 0.71484375 0.5238095238095238 0.05859375 0.6111111111111112
18 0.7734375 0.5317460317460317 0.05078125 0.6111111111111112
18 0.830078125 0.5476190476190477 0.052734375 0.6031746031746031
18 0.888671875 0.5476190476190477 0.052734375 0.6031746031746031
18 0.947265625 0.5476190476190477 0.060546875 0.6190476190476191