18 0.234375 0.228515625 0.12890625 0.1015625
18 0.283203125 0.271484375 0.115234375 0.1015625
18 0.3359375 0.328125 0.125 0.103515625
18 0.3984375 0.373046875 0.09375 0.08984375
18 0.4296875 0.40625 0.115234375 0.099609375
18 0.490234375 0.462890625 0.08984375 0.095703125
18 0.556640625 0.509765625 0.140625 0.123046875
18 0.62109375 0.5703125 0.12109375 0.109375
18 0.673828125 0.62109375 0.091796875 0.09765625
18 0.71875 0.662109375 0.107421875 0.099609375
18 0.7734375 0.705078125 0.109375 0.11328125
18 0.8359375 0.763671875 0.103515625 0.111328125
18 0.900390625 0.82421875 0.09765625 0.10546875
18 0.9453125 0.8671875 0.1015625 0.12109375
18 0.07421875 0.095703125 0.103515625 0.109375
18 0.140625 0.130859375 0.119140625 0.107421875
18 0.189453125 0.17578125 0.12109375 0.095703125