18 0.4140625 0.4861111111111111 0.05859375 0.5972222222222222
18 0.138671875 0.4861111111111111 0.05859375 0.5972222222222222
18 0.080078125 0.5 0.0546875 0.5972222222222222
18 0.193359375 0.5 0.0546875 0.5972222222222222
18 0.251953125 0.5 0.05859375 0.5972222222222222
18 0.306640625 0.5 0.0546875 0.5972222222222222
18 0.365234375 0.5069444444444444 0.05859375 0.5902777777777778
18 0.470703125 0.5069444444444444 0.05859375 0.6111111111111112
18 0.5234375 0.5069444444444444 0.052734375 0.5902777777777778
18 0.578125 0.5069444444444444 0.0625 0.6111111111111112
18 0.6796875 0.5069444444444444 0.052734375 0.5902777777777778
18 0.626953125 0.5069444444444444 0.044921875 0.5763888888888888
18 0.779296875 0.5069444444444444 0.052734375 0.5763888888888888
18 0.732421875 0.5138888888888888 0.0546875 0.5902777777777778
18 0.830078125 0.5138888888888888 0.052734375 0.5625
18 0.876953125 0.5138888888888888 0.048828125 0.5625
18 0.92578125 0.5277777777777778 0.052734375 0.5625