18 0.93359375 0.75 0.064453125 0.3273809523809524
18 0.060546875 0.23214285714285715 0.0625 0.30952380952380953
18 0.111328125 0.2619047619047619 0.05078125 0.2976190476190476
18 0.166015625 0.2916666666666667 0.0546875 0.2976190476190476
18 0.21875 0.31547619047619047 0.0625 0.3333333333333333
18 0.263671875 0.35714285714285715 0.06640625 0.32142857142857145
18 0.3203125 0.39285714285714285 0.0546875 0.3333333333333333
18 0.375 0.4107142857142857 0.052734375 0.32142857142857145
18 0.4296875 0.44047619047619047 0.05859375 0.30952380952380953
18 0.478515625 0.47023809523809523 0.060546875 0.3273809523809524
18 0.53515625 0.5059523809523809 0.07421875 0.30952380952380953
18 0.58984375 0.5357142857142857 0.064453125 0.30952380952380953
18 0.646484375 0.5892857142857143 0.0625 0.3273809523809524
18 0.70703125 0.6071428571428571 0.060546875 0.32142857142857145
18 0.7578125 0.6309523809523809 0.0546875 0.2976190476190476
18 0.81640625 0.6666666666666666 0.0703125 0.30952380952380953
18 0.873046875 0.7023809523809523 0.0703125 0.30952380952380953