18 0.296875 0.328125 0.064453125 0.19791666666666666
18 0.3515625 0.3802083333333333 0.0625 0.20833333333333334
18 0.41015625 0.4270833333333333 0.06640625 0.19270833333333334
18 0.46484375 0.4635416666666667 0.056640625 0.19791666666666666
18 0.525390625 0.5104166666666666 0.0625 0.19791666666666666
18 0.5859375 0.5572916666666666 0.064453125 0.19270833333333334
18 0.6484375 0.609375 0.060546875 0.19791666666666666
18 0.705078125 0.65625 0.060546875 0.19791666666666666
18 0.763671875 0.703125 0.056640625 0.17708333333333334
18 0.822265625 0.75 0.0625 0.18229166666666666
18 0.8828125 0.8020833333333334 0.0625 0.1875
18 0.9453125 0.84375 0.0703125 0.18229166666666666
18 0.048828125 0.13541666666666666 0.060546875 0.19270833333333334
18 0.125 0.18229166666666666 0.08984375 0.203125
18 0.1875 0.25 0.046875 0.19270833333333334
18 0.23828125 0.2916666666666667 0.05859375 0.21875