18 0.0625 0.34523809523809523 0.0625 0.4642857142857143
18 0.12890625 0.36904761904761907 0.08203125 0.4523809523809524
18 0.1953125 0.38095238095238093 0.052734375 0.4642857142857143
18 0.25390625 0.40476190476190477 0.0625 0.47619047619047616
18 0.310546875 0.44047619047619047 0.05078125 0.4880952380952381
18 0.357421875 0.4642857142857143 0.04296875 0.47619047619047616
18 0.404296875 0.47619047619047616 0.044921875 0.47619047619047616
18 0.451171875 0.4880952380952381 0.05078125 0.5
18 0.5078125 0.4880952380952381 0.056640625 0.5119047619047619
18 0.576171875 0.5119047619047619 0.076171875 0.5238095238095238
18 0.638671875 0.5357142857142857 0.048828125 0.4880952380952381
18 0.6875 0.5476190476190477 0.05078125 0.47619047619047616
18 0.7421875 0.5833333333333334 0.05078125 0.4880952380952381
18 0.794921875 0.5952380952380952 0.052734375 0.5
18 0.845703125 0.5952380952380952 0.046875 0.5
18 0.8984375 0.5952380952380952 0.052734375 0.5
18 0.953125 0.6071428571428571 0.056640625 0.5119047619047619