18 0.328125 0.35039370078740156 0.0625 0.15354330708661418
18 0.390625 0.4015748031496063 0.06640625 0.15748031496062992
18 0.447265625 0.452755905511811 0.0625 0.15748031496062992
18 0.5 0.49606299212598426 0.05078125 0.1377952755905512
18 0.5625 0.5433070866141733 0.07421875 0.1732283464566929
18 0.615234375 0.6023622047244095 0.052734375 0.15748031496062992
18 0.677734375 0.6377952755905512 0.05078125 0.14173228346456693
18 0.73046875 0.6811023622047244 0.05078125 0.14566929133858267
18 0.78515625 0.7283464566929134 0.048828125 0.13385826771653545
18 0.8359375 0.7716535433070866 0.052734375 0.14173228346456693
18 0.888671875 0.8228346456692913 0.056640625 0.14960629921259844
18 0.947265625 0.8582677165354331 0.060546875 0.14960629921259844
18 0.052734375 0.13385826771653545 0.04296875 0.16535433070866143
18 0.11328125 0.17716535433070865 0.060546875 0.14960629921259844
18 0.16796875 0.2204724409448819 0.0546875 0.13385826771653545
18 0.2109375 0.2677165354330709 0.0546875 0.15354330708661418
18 0.271484375 0.3031496062992126 0.05078125 0.1377952755905512