18 0.880859375 0.45714285714285713 0.046875 0.5285714285714286
18 0.9375 0.45714285714285713 0.048828125 0.5
18 0.77734375 0.4714285714285714 0.041015625 0.4714285714285714
18 0.83203125 0.4857142857142857 0.046875 0.5142857142857142
18 0.72265625 0.5 0.04296875 0.4857142857142857
18 0.6171875 0.5 0.046875 0.4714285714285714
18 0.564453125 0.5142857142857142 0.05078125 0.45714285714285713
18 0.673828125 0.5142857142857142 0.041015625 0.4714285714285714
18 0.509765625 0.5285714285714286 0.04296875 0.45714285714285713
18 0.400390625 0.5428571428571428 0.05078125 0.42857142857142855
18 0.45703125 0.5428571428571428 0.052734375 0.4714285714285714
18 0.294921875 0.5571428571428572 0.052734375 0.4714285714285714
18 0.349609375 0.5571428571428572 0.04296875 0.4714285714285714
18 0.1796875 0.5714285714285714 0.041015625 0.4142857142857143
18 0.236328125 0.5857142857142857 0.044921875 0.45714285714285713
18 0.11328125 0.5857142857142857 0.078125 0.4714285714285714
18 0.04296875 0.6 0.048828125 0.45714285714285713