18 0.931640625 0.33783783783783783 0.046875 0.47297297297297297
18 0.875 0.35135135135135137 0.044921875 0.44594594594594594
18 0.82421875 0.36486486486486486 0.04296875 0.47297297297297297
18 0.71875 0.40540540540540543 0.046875 0.47297297297297297
18 0.7734375 0.40540540540540543 0.044921875 0.47297297297297297
18 0.66796875 0.43243243243243246 0.03125 0.5
18 0.61328125 0.43243243243243246 0.05078125 0.4864864864864865
18 0.5546875 0.47297297297297297 0.0546875 0.527027027027027
18 0.494140625 0.4864864864864865 0.03515625 0.5405405405405406
18 0.392578125 0.5 0.03515625 0.5135135135135135
18 0.44140625 0.5 0.037109375 0.5405405405405406
18 0.33984375 0.5405405405405406 0.056640625 0.5
18 0.27734375 0.5405405405405406 0.052734375 0.5
18 0.21875 0.5675675675675675 0.046875 0.527027027027027
18 0.16015625 0.581081081081081 0.056640625 0.4594594594594595
18 0.1015625 0.6216216216216216 0.046875 0.5
18 0.044921875 0.6216216216216216 0.060546875 0.5