18 0.033203125 0.34615384615384615 0.041015625 0.40384615384615385
18 0.09765625 0.3557692307692308 0.056640625 0.4423076923076923
18 0.158203125 0.38461538461538464 0.064453125 0.40384615384615385
18 0.21484375 0.40384615384615385 0.037109375 0.41346153846153844
18 0.28125 0.4230769230769231 0.05078125 0.46153846153846156
18 0.34375 0.4423076923076923 0.072265625 0.4326923076923077
18 0.40625 0.46153846153846156 0.05078125 0.4230769230769231
18 0.458984375 0.4807692307692308 0.046875 0.40384615384615385
18 0.52734375 0.49038461538461536 0.06640625 0.4230769230769231
18 0.5859375 0.5096153846153846 0.05078125 0.4326923076923077
18 0.63671875 0.5288461538461539 0.05078125 0.4423076923076923
18 0.689453125 0.5480769230769231 0.041015625 0.40384615384615385
18 0.740234375 0.5576923076923077 0.046875 0.41346153846153844
18 0.7890625 0.5769230769230769 0.044921875 0.4230769230769231
18 0.837890625 0.5865384615384616 0.048828125 0.41346153846153844
18 0.890625 0.6057692307692307 0.044921875 0.41346153846153844
18 0.94140625 0.6153846153846154 0.05078125 0.4230769230769231