18 0.056640625 0.3787878787878788 0.05078125 0.5
18 0.12890625 0.3939393939393939 0.078125 0.5303030303030303
18 0.19921875 0.4393939393939394 0.044921875 0.48484848484848486
18 0.25390625 0.4393939393939394 0.048828125 0.5
18 0.310546875 0.4393939393939394 0.048828125 0.5
18 0.365234375 0.4696969696969697 0.048828125 0.5
18 0.419921875 0.4696969696969697 0.048828125 0.5151515151515151
18 0.474609375 0.48484848484848486 0.044921875 0.5151515151515151
18 0.52734375 0.5 0.048828125 0.48484848484848486
18 0.5859375 0.5151515151515151 0.048828125 0.48484848484848486
18 0.640625 0.5454545454545454 0.048828125 0.5
18 0.748046875 0.5606060606060606 0.04296875 0.45454545454545453
18 0.6953125 0.5606060606060606 0.041015625 0.48484848484848486
18 0.798828125 0.5909090909090909 0.04296875 0.48484848484848486
18 0.853515625 0.6060606060606061 0.044921875 0.4696969696969697
18 0.904296875 0.6212121212121212 0.04296875 0.48484848484848486
18 0.95703125 0.6363636363636364 0.044921875 0.5