18 0.076171875 0.2835820895522388 0.064453125 0.35074626865671643
18 0.123046875 0.31343283582089554 0.05859375 0.3283582089552239
18 0.17578125 0.3283582089552239 0.056640625 0.3283582089552239
18 0.2265625 0.3582089552238806 0.072265625 0.3358208955223881
18 0.275390625 0.3805970149253731 0.06640625 0.3358208955223881
18 0.328125 0.39552238805970147 0.05859375 0.34328358208955223
18 0.380859375 0.4253731343283582 0.044921875 0.3582089552238806
18 0.431640625 0.4552238805970149 0.0625 0.3582089552238806
18 0.48046875 0.4701492537313433 0.0625 0.3656716417910448
18 0.541015625 0.5074626865671642 0.07421875 0.3656716417910448
18 0.58984375 0.5298507462686567 0.064453125 0.373134328358209
18 0.646484375 0.5447761194029851 0.060546875 0.3358208955223881
18 0.703125 0.5671641791044776 0.0546875 0.35074626865671643
18 0.7578125 0.6044776119402985 0.064453125 0.3582089552238806
18 0.81640625 0.6119402985074627 0.064453125 0.3805970149253731
18 0.87109375 0.6417910447761194 0.064453125 0.373134328358209
18 0.9296875 0.6791044776119403 0.05859375 0.3582089552238806