18 0.0625 0.47560975609756095 0.044921875 0.6829268292682927
18 0.169921875 0.47560975609756095 0.046875 0.6463414634146342
18 0.494140625 0.47560975609756095 0.052734375 0.6463414634146342
18 0.603515625 0.47560975609756095 0.0546875 0.6707317073170732
18 0.1171875 0.47560975609756095 0.044921875 0.6341463414634146
18 0.27734375 0.4878048780487805 0.04296875 0.6463414634146342
18 0.38671875 0.4878048780487805 0.03125 0.6463414634146342
18 0.439453125 0.4878048780487805 0.0546875 0.6585365853658537
18 0.224609375 0.4878048780487805 0.048828125 0.6463414634146342
18 0.548828125 0.4878048780487805 0.0546875 0.6829268292682927
18 0.658203125 0.4878048780487805 0.033203125 0.6463414634146342
18 0.333984375 0.4878048780487805 0.052734375 0.6829268292682927
18 0.71484375 0.5 0.048828125 0.6829268292682927
18 0.884765625 0.5 0.052734375 0.6829268292682927
18 0.76953125 0.5121951219512195 0.048828125 0.6707317073170732
18 0.826171875 0.5121951219512195 0.044921875 0.6463414634146342
18 0.943359375 0.5121951219512195 0.048828125 0.6707317073170732