18 0.07421875 0.3854166666666667 0.064453125 0.4166666666666667
18 0.119140625 0.40625 0.052734375 0.3645833333333333
18 0.166015625 0.4166666666666667 0.05078125 0.4270833333333333
18 0.216796875 0.4375 0.0546875 0.3958333333333333
18 0.275390625 0.4583333333333333 0.060546875 0.4375
18 0.330078125 0.46875 0.060546875 0.4166666666666667
18 0.384765625 0.4791666666666667 0.060546875 0.4166666666666667
18 0.439453125 0.5 0.05859375 0.4270833333333333
18 0.4921875 0.5 0.0546875 0.4166666666666667
18 0.552734375 0.53125 0.06640625 0.4270833333333333
18 0.623046875 0.5416666666666666 0.06640625 0.4270833333333333
18 0.685546875 0.5729166666666666 0.05078125 0.375
18 0.732421875 0.5833333333333334 0.033203125 0.3854166666666667
18 0.78515625 0.6041666666666666 0.05078125 0.40625
18 0.833984375 0.6145833333333334 0.048828125 0.3854166666666667
18 0.8828125 0.6354166666666666 0.05078125 0.3958333333333333
18 0.9296875 0.6354166666666666 0.05078125 0.3958333333333333