18 0.0703125 0.4636363636363636 0.0625 0.6363636363636364
18 0.283203125 0.4727272727272727 0.056640625 0.6636363636363637
18 0.234375 0.4727272727272727 0.0546875 0.6363636363636364
18 0.1796875 0.4818181818181818 0.056640625 0.6272727272727273
18 0.125 0.4818181818181818 0.052734375 0.6454545454545455
18 0.490234375 0.4818181818181818 0.052734375 0.6545454545454545
18 0.59375 0.4818181818181818 0.056640625 0.6545454545454545
18 0.6484375 0.4818181818181818 0.052734375 0.6545454545454545
18 0.333984375 0.4818181818181818 0.056640625 0.6636363636363637
18 0.541015625 0.4818181818181818 0.0546875 0.6636363636363637
18 0.4375 0.4909090909090909 0.056640625 0.6636363636363637
18 0.751953125 0.4909090909090909 0.0546875 0.6545454545454545
18 0.38671875 0.4909090909090909 0.05859375 0.6636363636363637
18 0.69921875 0.4909090909090909 0.052734375 0.6636363636363637
18 0.859375 0.4909090909090909 0.052734375 0.6454545454545455
18 0.8046875 0.5 0.052734375 0.6545454545454545
18 0.912109375 0.5 0.056640625 0.6545454545454545