18 0.67578125 0.6060606060606061 0.041015625 0.25
18 0.7265625 0.6287878787878788 0.04296875 0.25
18 0.78125 0.6666666666666666 0.041015625 0.25757575757575757
18 0.833984375 0.7045454545454546 0.029296875 0.25757575757575757
18 0.888671875 0.7272727272727273 0.04296875 0.25
18 0.943359375 0.7424242424242424 0.041015625 0.2727272727272727
18 0.05078125 0.24242424242424243 0.056640625 0.24242424242424243
18 0.12109375 0.2803030303030303 0.072265625 0.2803030303030303
18 0.181640625 0.32575757575757575 0.04296875 0.25
18 0.234375 0.36363636363636365 0.0546875 0.26515151515151514
18 0.296875 0.3939393939393939 0.05078125 0.29545454545454547
18 0.349609375 0.42424242424242425 0.048828125 0.23484848484848486
18 0.40234375 0.44696969696969696 0.052734375 0.2727272727272727
18 0.4609375 0.48484848484848486 0.056640625 0.25
18 0.515625 0.5151515151515151 0.041015625 0.25
18 0.5703125 0.553030303030303 0.05078125 0.2727272727272727
18 0.623046875 0.5757575757575758 0.05078125 0.26515151515151514