18 0.947265625 0.7287234042553191 0.0625 0.28191489361702127
18 0.080078125 0.24468085106382978 0.0625 0.2765957446808511
18 0.130859375 0.28191489361702127 0.0625 0.2712765957446808
18 0.18359375 0.30319148936170215 0.0546875 0.26063829787234044
18 0.23828125 0.324468085106383 0.064453125 0.2712765957446808
18 0.287109375 0.3617021276595745 0.06640625 0.2712765957446808
18 0.34375 0.3882978723404255 0.06640625 0.28191489361702127
18 0.390625 0.42021276595744683 0.0546875 0.2765957446808511
18 0.4453125 0.4521276595744681 0.06640625 0.2925531914893617
18 0.49609375 0.4734042553191489 0.05859375 0.26063829787234044
18 0.5546875 0.5 0.07421875 0.26063829787234044
18 0.609375 0.5372340425531915 0.064453125 0.2765957446808511
18 0.662109375 0.5638297872340425 0.05078125 0.2765957446808511
18 0.71875 0.6063829787234043 0.0546875 0.2712765957446808
18 0.775390625 0.6276595744680851 0.05078125 0.26063829787234044
18 0.830078125 0.6595744680851063 0.056640625 0.28191489361702127
18 0.888671875 0.6914893617021277 0.0625 0.28191489361702127