18 0.060546875 0.35 0.072265625 0.4875
18 0.126953125 0.3875 0.0859375 0.4875
18 0.197265625 0.4 0.06640625 0.5125
18 0.24609375 0.4 0.048828125 0.5125
18 0.302734375 0.4375 0.068359375 0.4875
18 0.359375 0.4625 0.060546875 0.4875
18 0.40234375 0.475 0.044921875 0.475
18 0.453125 0.475 0.06640625 0.4875
18 0.515625 0.4875 0.06640625 0.475
18 0.580078125 0.5125 0.07421875 0.4875
18 0.6484375 0.5125 0.06640625 0.475
18 0.703125 0.5625 0.0546875 0.4625
18 0.75 0.5625 0.05078125 0.4875
18 0.794921875 0.575 0.046875 0.4625
18 0.84375 0.5875 0.052734375 0.475
18 0.89453125 0.6125 0.060546875 0.5125
18 0.94140625 0.625 0.0546875 0.4875