18 0.068359375 0.40476190476190477 0.05078125 0.47619047619047616
18 0.138671875 0.40476190476190477 0.08203125 0.4642857142857143
18 0.208984375 0.44047619047619047 0.0546875 0.5
18 0.3203125 0.44047619047619047 0.056640625 0.47619047619047616
18 0.2578125 0.4523809523809524 0.05859375 0.4880952380952381
18 0.375 0.4642857142857143 0.05078125 0.4642857142857143
18 0.421875 0.4642857142857143 0.052734375 0.5119047619047619
18 0.482421875 0.47619047619047616 0.056640625 0.5
18 0.5390625 0.47619047619047616 0.0625 0.4642857142857143
18 0.6015625 0.47619047619047616 0.06640625 0.42857142857142855
18 0.705078125 0.5 0.05078125 0.44047619047619047
18 0.65625 0.5119047619047619 0.046875 0.42857142857142855
18 0.751953125 0.5238095238095238 0.052734375 0.4523809523809524
18 0.802734375 0.5357142857142857 0.046875 0.4642857142857143
18 0.8515625 0.5476190476190477 0.05078125 0.47619047619047616
18 0.8984375 0.5595238095238095 0.05078125 0.47619047619047616
18 0.94921875 0.5714285714285714 0.0546875 0.5119047619047619