18 0.763671875 0.6616161616161617 0.05859375 0.30808080808080807
18 0.82421875 0.702020202020202 0.041015625 0.30303030303030304
18 0.873046875 0.7424242424242424 0.0625 0.30808080808080807
18 0.9296875 0.7777777777777778 0.068359375 0.31313131313131315
18 0.0703125 0.23737373737373738 0.068359375 0.30808080808080807
18 0.12109375 0.26262626262626265 0.0546875 0.2828282828282828
18 0.171875 0.29797979797979796 0.05078125 0.30808080808080807
18 0.2265625 0.3333333333333333 0.060546875 0.29797979797979796
18 0.275390625 0.35858585858585856 0.060546875 0.31313131313131315
18 0.330078125 0.3939393939393939 0.0546875 0.29797979797979796
18 0.384765625 0.41919191919191917 0.04296875 0.2828282828282828
18 0.43359375 0.45454545454545453 0.064453125 0.30303030303030304
18 0.486328125 0.494949494949495 0.064453125 0.31313131313131315
18 0.541015625 0.5303030303030303 0.0703125 0.31313131313131315
18 0.595703125 0.5555555555555556 0.068359375 0.30808080808080807
18 0.6484375 0.601010101010101 0.060546875 0.31313131313131315
18 0.70703125 0.6313131313131313 0.05859375 0.29797979797979796