18 0.212890625 0.4891304347826087 0.048828125 0.5760869565217391
18 0.37109375 0.4891304347826087 0.044921875 0.5760869565217391
18 0.6953125 0.4891304347826087 0.05078125 0.5978260869565217
18 0.158203125 0.4891304347826087 0.05078125 0.5760869565217391
18 0.3203125 0.4891304347826087 0.0546875 0.5869565217391305
18 0.587890625 0.4891304347826087 0.052734375 0.6086956521739131
18 0.865234375 0.4891304347826087 0.05859375 0.5869565217391305
18 0.265625 0.5 0.048828125 0.5978260869565217
18 0.533203125 0.5 0.060546875 0.5760869565217391
18 0.642578125 0.5 0.056640625 0.5978260869565217
18 0.75 0.5 0.0546875 0.5978260869565217
18 0.10546875 0.5 0.05078125 0.5760869565217391
18 0.052734375 0.5 0.05078125 0.5652173913043478
18 0.4765625 0.5108695652173914 0.048828125 0.5978260869565217
18 0.806640625 0.5108695652173914 0.056640625 0.6086956521739131
18 0.92578125 0.5108695652173914 0.05859375 0.6086956521739131
18 0.423828125 0.5217391304347826 0.056640625 0.6195652173913043