18 0.05859375 0.42592592592592593 0.0625 0.5925925925925926
18 0.126953125 0.4444444444444444 0.07421875 0.6296296296296297
18 0.47265625 0.46296296296296297 0.056640625 0.7037037037037037
18 0.52734375 0.46296296296296297 0.0625 0.6481481481481481
18 0.5859375 0.46296296296296297 0.056640625 0.5925925925925926
18 0.1953125 0.48148148148148145 0.048828125 0.5925925925925926
18 0.6875 0.48148148148148145 0.0546875 0.5740740740740741
18 0.251953125 0.48148148148148145 0.05859375 0.7222222222222222
18 0.638671875 0.48148148148148145 0.05078125 0.5925925925925926
18 0.73828125 0.5 0.052734375 0.5740740740740741
18 0.9375 0.5 0.046875 0.6481481481481481
18 0.41796875 0.5 0.05859375 0.6666666666666666
18 0.365234375 0.5 0.052734375 0.5925925925925926
18 0.7890625 0.5185185185185185 0.046875 0.5925925925925926
18 0.837890625 0.5185185185185185 0.046875 0.5925925925925926
18 0.310546875 0.5185185185185185 0.064453125 0.7407407407407407
18 0.890625 0.5370370370370371 0.052734375 0.5925925925925926