18 0.068359375 0.40714285714285714 0.056640625 0.5285714285714286
18 0.125 0.4142857142857143 0.0546875 0.5
18 0.232421875 0.4357142857142857 0.060546875 0.5142857142857142
18 0.177734375 0.4357142857142857 0.05078125 0.5285714285714286
18 0.2890625 0.44285714285714284 0.052734375 0.5357142857142857
18 0.34375 0.45714285714285713 0.064453125 0.5285714285714286
18 0.396484375 0.4785714285714286 0.03515625 0.5214285714285715
18 0.4375 0.4785714285714286 0.052734375 0.5142857142857142
18 0.490234375 0.4857142857142857 0.05859375 0.5285714285714286
18 0.552734375 0.5071428571428571 0.0625 0.5
18 0.609375 0.5214285714285715 0.05859375 0.5428571428571428
18 0.66796875 0.5285714285714286 0.05859375 0.5357142857142857
18 0.71875 0.5357142857142857 0.0390625 0.55
18 0.765625 0.5571428571428572 0.056640625 0.5285714285714286
18 0.8125 0.5642857142857143 0.033203125 0.55
18 0.861328125 0.5714285714285714 0.060546875 0.5357142857142857
18 0.92578125 0.5928571428571429 0.064453125 0.5642857142857143