18 0.94921875 0.6818181818181818 0.06640625 0.43636363636363634
18 0.080078125 0.3181818181818182 0.072265625 0.4727272727272727
18 0.130859375 0.33636363636363636 0.056640625 0.42727272727272725
18 0.177734375 0.34545454545454546 0.0546875 0.41818181818181815
18 0.232421875 0.38181818181818183 0.06640625 0.42727272727272725
18 0.28515625 0.42727272727272725 0.07421875 0.42727272727272725
18 0.3359375 0.42727272727272725 0.0546875 0.37272727272727274
18 0.388671875 0.44545454545454544 0.0546875 0.41818181818181815
18 0.4375 0.4727272727272727 0.0546875 0.42727272727272725
18 0.494140625 0.4818181818181818 0.064453125 0.42727272727272725
18 0.55078125 0.5272727272727272 0.06640625 0.4090909090909091
18 0.615234375 0.5454545454545454 0.08203125 0.42727272727272725
18 0.658203125 0.5818181818181818 0.0546875 0.42727272727272725
18 0.71484375 0.5909090909090909 0.048828125 0.4090909090909091
18 0.771484375 0.6272727272727273 0.060546875 0.44545454545454544
18 0.830078125 0.6545454545454545 0.056640625 0.45454545454545453
18 0.888671875 0.6727272727272727 0.056640625 0.45454545454545453