18 0.041015625 0.4146341463414634 0.072265625 0.45121951219512196
18 0.103515625 0.4268292682926829 0.05859375 0.45121951219512196
18 0.16015625 0.43902439024390244 0.044921875 0.4268292682926829
18 0.21484375 0.4634146341463415 0.06640625 0.45121951219512196
18 0.271484375 0.47560975609756095 0.0546875 0.4634146341463415
18 0.3203125 0.47560975609756095 0.052734375 0.45121951219512196
18 0.37109375 0.4878048780487805 0.052734375 0.4268292682926829
18 0.427734375 0.4878048780487805 0.06640625 0.4268292682926829
18 0.482421875 0.5121951219512195 0.052734375 0.4146341463414634
18 0.546875 0.524390243902439 0.072265625 0.4146341463414634
18 0.61328125 0.5365853658536586 0.064453125 0.4146341463414634
18 0.66796875 0.5487804878048781 0.052734375 0.4146341463414634
18 0.71875 0.5609756097560976 0.0546875 0.4268292682926829
18 0.7734375 0.573170731707317 0.0546875 0.4268292682926829
18 0.82421875 0.5853658536585366 0.044921875 0.4146341463414634
18 0.875 0.5853658536585366 0.052734375 0.4268292682926829
18 0.9296875 0.6097560975609756 0.052734375 0.4268292682926829