18 0.478515625 0.45491803278688525 0.068359375 0.23770491803278687
18 0.537109375 0.5 0.068359375 0.2581967213114754
18 0.6015625 0.5614754098360656 0.068359375 0.2581967213114754
18 0.65625 0.610655737704918 0.052734375 0.22950819672131148
18 0.708984375 0.6557377049180327 0.072265625 0.27459016393442626
18 0.763671875 0.7008196721311475 0.0546875 0.22950819672131148
18 0.810546875 0.7418032786885246 0.05078125 0.2581967213114754
18 0.853515625 0.7745901639344263 0.044921875 0.20491803278688525
18 0.89453125 0.8032786885245902 0.046875 0.22131147540983606
18 0.94140625 0.8401639344262295 0.05078125 0.22950819672131148
18 0.060546875 0.11475409836065574 0.07421875 0.22950819672131148
18 0.123046875 0.1598360655737705 0.072265625 0.23770491803278687
18 0.185546875 0.20491803278688525 0.068359375 0.26229508196721313
18 0.2421875 0.26639344262295084 0.056640625 0.25
18 0.2890625 0.3073770491803279 0.0546875 0.24180327868852458
18 0.3515625 0.36885245901639346 0.072265625 0.26229508196721313
18 0.4140625 0.4098360655737705 0.068359375 0.2459016393442623