18 0.814453125 0.6708860759493671 0.076171875 0.25949367088607594
18 0.876953125 0.6962025316455697 0.064453125 0.25316455696202533
18 0.927734375 0.740506329113924 0.05859375 0.2848101265822785
18 0.06640625 0.25949367088607594 0.037109375 0.27848101265822783
18 0.119140625 0.2721518987341772 0.056640625 0.2721518987341772
18 0.171875 0.2974683544303797 0.0625 0.25949367088607594
18 0.21484375 0.34810126582278483 0.0625 0.25949367088607594
18 0.2578125 0.37341772151898733 0.060546875 0.25316455696202533
18 0.3125 0.4050632911392405 0.0625 0.25316455696202533
18 0.36328125 0.4240506329113924 0.060546875 0.25316455696202533
18 0.4140625 0.44936708860759494 0.0625 0.2721518987341772
18 0.46875 0.46835443037974683 0.052734375 0.23417721518987342
18 0.525390625 0.5126582278481012 0.080078125 0.26582278481012656
18 0.587890625 0.5316455696202531 0.056640625 0.25949367088607594
18 0.63671875 0.569620253164557 0.052734375 0.25316455696202533
18 0.697265625 0.5949367088607594 0.080078125 0.26582278481012656
18 0.751953125 0.6392405063291139 0.052734375 0.2848101265822785