18 0.05859375 0.3305084745762712 0.05859375 0.3728813559322034
18 0.107421875 0.3474576271186441 0.048828125 0.3389830508474576
18 0.158203125 0.3559322033898305 0.0546875 0.3728813559322034
18 0.2109375 0.3898305084745763 0.056640625 0.3813559322033898
18 0.267578125 0.4152542372881356 0.05859375 0.3898305084745763
18 0.32421875 0.4406779661016949 0.0625 0.3898305084745763
18 0.3828125 0.4576271186440678 0.05859375 0.3813559322033898
18 0.44140625 0.4830508474576271 0.060546875 0.3813559322033898
18 0.5 0.5084745762711864 0.05859375 0.3559322033898305
18 0.55859375 0.5338983050847458 0.07421875 0.3813559322033898
18 0.634765625 0.559322033898305 0.072265625 0.3728813559322034
18 0.697265625 0.5932203389830508 0.048828125 0.3389830508474576
18 0.748046875 0.6101694915254238 0.033203125 0.3474576271186441
18 0.794921875 0.635593220338983 0.056640625 0.3305084745762712
18 0.845703125 0.6440677966101694 0.056640625 0.3644067796610169
18 0.8984375 0.6694915254237288 0.056640625 0.3389830508474576
18 0.947265625 0.6949152542372882 0.0546875 0.3389830508474576