18 0.521484375 0.4603960396039604 0.044921875 0.16336633663366337
18 0.57421875 0.5 0.060546875 0.17326732673267325
18 0.623046875 0.5297029702970297 0.05859375 0.1782178217821782
18 0.677734375 0.5693069306930693 0.048828125 0.18316831683168316
18 0.7265625 0.6039603960396039 0.048828125 0.17326732673267325
18 0.779296875 0.6435643564356436 0.04296875 0.16336633663366337
18 0.833984375 0.6782178217821783 0.052734375 0.1782178217821782
18 0.8828125 0.7128712871287128 0.060546875 0.17326732673267325
18 0.935546875 0.7524752475247525 0.056640625 0.17326732673267325
18 0.0859375 0.14356435643564355 0.060546875 0.17326732673267325
18 0.150390625 0.18316831683168316 0.07421875 0.17326732673267325
18 0.2109375 0.23267326732673269 0.048828125 0.15841584158415842
18 0.2578125 0.2722772277227723 0.05078125 0.17326732673267325
18 0.322265625 0.3118811881188119 0.056640625 0.16831683168316833
18 0.37109375 0.3465346534653465 0.052734375 0.17326732673267325
18 0.419921875 0.37623762376237624 0.064453125 0.17326732673267325
18 0.470703125 0.4207920792079208 0.060546875 0.18316831683168316