18 0.068359375 0.46153846153846156 0.046875 0.5192307692307693
18 0.12109375 0.46153846153846156 0.04296875 0.5
18 0.16796875 0.47115384615384615 0.044921875 0.5096153846153846
18 0.322265625 0.47115384615384615 0.046875 0.5192307692307693
18 0.21875 0.47115384615384615 0.05078125 0.5192307692307693
18 0.271484375 0.4807692307692308 0.05078125 0.5096153846153846
18 0.4296875 0.49038461538461536 0.052734375 0.5192307692307693
18 0.537109375 0.49038461538461536 0.052734375 0.5288461538461539
18 0.376953125 0.49038461538461536 0.033203125 0.5288461538461539
18 0.48046875 0.49038461538461536 0.05078125 0.5096153846153846
18 0.591796875 0.49038461538461536 0.052734375 0.5096153846153846
18 0.763671875 0.49038461538461536 0.05078125 0.5480769230769231
18 0.6484375 0.5 0.05078125 0.5192307692307693
18 0.705078125 0.5 0.037109375 0.5192307692307693
18 0.822265625 0.5 0.05078125 0.5384615384615384
18 0.939453125 0.5 0.0546875 0.5673076923076923
18 0.87890625 0.5096153846153846 0.03515625 0.5384615384615384