18 0.091796875 0.45901639344262296 0.068359375 0.6065573770491803
18 0.140625 0.45901639344262296 0.072265625 0.6065573770491803
18 0.298828125 0.47540983606557374 0.078125 0.5819672131147541
18 0.197265625 0.47540983606557374 0.080078125 0.5819672131147541
18 0.248046875 0.47540983606557374 0.07421875 0.6311475409836066
18 0.35546875 0.48360655737704916 0.068359375 0.5983606557377049
18 0.40625 0.4918032786885246 0.056640625 0.5983606557377049
18 0.458984375 0.4918032786885246 0.06640625 0.6475409836065574
18 0.509765625 0.5081967213114754 0.0625 0.5819672131147541
18 0.5625 0.5081967213114754 0.068359375 0.6065573770491803
18 0.6640625 0.5163934426229508 0.060546875 0.6229508196721312
18 0.615234375 0.5245901639344263 0.072265625 0.5819672131147541
18 0.716796875 0.5245901639344263 0.06640625 0.5819672131147541
18 0.76953125 0.5327868852459017 0.06640625 0.5983606557377049
18 0.8203125 0.5327868852459017 0.0625 0.5983606557377049
18 0.873046875 0.5327868852459017 0.0625 0.6065573770491803
18 0.927734375 0.5573770491803278 0.072265625 0.6229508196721312