18 0.59765625 0.5618556701030928 0.072265625 0.30412371134020616
18 0.654296875 0.6030927835051546 0.060546875 0.29381443298969073
18 0.716796875 0.6237113402061856 0.060546875 0.29381443298969073
18 0.775390625 0.6494845360824743 0.0703125 0.26804123711340205
18 0.830078125 0.6958762886597938 0.0625 0.28350515463917525
18 0.884765625 0.7371134020618557 0.05859375 0.28350515463917525
18 0.943359375 0.7783505154639175 0.06640625 0.29896907216494845
18 0.060546875 0.2268041237113402 0.0546875 0.29381443298969073
18 0.11328125 0.25773195876288657 0.052734375 0.27319587628865977
18 0.162109375 0.29381443298969073 0.05078125 0.27319587628865977
18 0.216796875 0.31958762886597936 0.06640625 0.29381443298969073
18 0.265625 0.3556701030927835 0.05859375 0.28350515463917525
18 0.3203125 0.3917525773195876 0.052734375 0.26804123711340205
18 0.3828125 0.4175257731958763 0.037109375 0.28350515463917525
18 0.431640625 0.4536082474226804 0.05859375 0.28350515463917525
18 0.4765625 0.4896907216494845 0.056640625 0.29381443298969073
18 0.54296875 0.5257731958762887 0.072265625 0.30412371134020616