18 0.0625 0.375 0.080078125 0.4659090909090909
18 0.115234375 0.375 0.0625 0.4431818181818182
18 0.169921875 0.38636363636363635 0.060546875 0.4431818181818182
18 0.220703125 0.42045454545454547 0.064453125 0.4431818181818182
18 0.265625 0.42045454545454547 0.046875 0.4431818181818182
18 0.35546875 0.4431818181818182 0.056640625 0.45454545454545453
18 0.30859375 0.45454545454545453 0.064453125 0.4431818181818182
18 0.408203125 0.4659090909090909 0.064453125 0.4659090909090909
18 0.462890625 0.4659090909090909 0.060546875 0.4431818181818182
18 0.525390625 0.48863636363636365 0.0625 0.4659090909090909
18 0.583984375 0.5 0.05859375 0.4431818181818182
18 0.703125 0.5113636363636364 0.0625 0.4772727272727273
18 0.638671875 0.5227272727272727 0.052734375 0.4659090909090909
18 0.7578125 0.5568181818181818 0.060546875 0.5
18 0.818359375 0.5568181818181818 0.05078125 0.5227272727272727
18 0.87890625 0.5795454545454546 0.064453125 0.4659090909090909
18 0.939453125 0.5909090909090909 0.0390625 0.48863636363636365