18 0.072265625 0.3557692307692308 0.064453125 0.36538461538461536
18 0.140625 0.38461538461538464 0.0859375 0.375
18 0.267578125 0.4230769230769231 0.06640625 0.33653846153846156
18 0.2109375 0.4230769230769231 0.056640625 0.36538461538461536
18 0.326171875 0.46153846153846156 0.048828125 0.3557692307692308
18 0.373046875 0.47115384615384615 0.048828125 0.3269230769230769
18 0.41796875 0.5 0.037109375 0.33653846153846156
18 0.466796875 0.5096153846153846 0.048828125 0.33653846153846156
18 0.51953125 0.5288461538461539 0.052734375 0.3557692307692308
18 0.580078125 0.5576923076923077 0.072265625 0.375
18 0.642578125 0.5961538461538461 0.044921875 0.36538461538461536
18 0.689453125 0.6057692307692307 0.044921875 0.33653846153846156
18 0.78515625 0.625 0.05078125 0.33653846153846156
18 0.73828125 0.6346153846153846 0.05078125 0.3557692307692308
18 0.8359375 0.6634615384615384 0.048828125 0.33653846153846156
18 0.884765625 0.6730769230769231 0.05078125 0.33653846153846156
18 0.93359375 0.7019230769230769 0.05078125 0.33653846153846156