18 0.931640625 0.2982456140350877 0.0546875 0.34210526315789475
18 0.875 0.32456140350877194 0.0546875 0.37719298245614036
18 0.818359375 0.3508771929824561 0.056640625 0.3508771929824561
18 0.759765625 0.38596491228070173 0.05078125 0.3508771929824561
18 0.70703125 0.42105263157894735 0.052734375 0.3508771929824561
18 0.6484375 0.43859649122807015 0.052734375 0.34210526315789475
18 0.59765625 0.45614035087719296 0.0546875 0.32456140350877194
18 0.541015625 0.5 0.05859375 0.3508771929824561
18 0.478515625 0.5350877192982456 0.0546875 0.3333333333333333
18 0.42578125 0.5526315789473685 0.05859375 0.3157894736842105
18 0.373046875 0.5789473684210527 0.056640625 0.3333333333333333
18 0.326171875 0.6140350877192983 0.0625 0.3333333333333333
18 0.279296875 0.6228070175438597 0.04296875 0.34210526315789475
18 0.236328125 0.6403508771929824 0.0625 0.3508771929824561
18 0.18359375 0.6754385964912281 0.05859375 0.3333333333333333
18 0.126953125 0.7105263157894737 0.056640625 0.34210526315789475
18 0.07421875 0.7105263157894737 0.080078125 0.3333333333333333