18 0.529296875 0.5 0.060546875 0.6097560975609756
18 0.70703125 0.5 0.041015625 0.5853658536585366
18 0.853515625 0.5121951219512195 0.0546875 0.6097560975609756
18 0.47265625 0.5121951219512195 0.0546875 0.5975609756097561
18 0.658203125 0.5121951219512195 0.0546875 0.5975609756097561
18 0.294921875 0.5121951219512195 0.056640625 0.6097560975609756
18 0.75 0.5121951219512195 0.048828125 0.6341463414634146
18 0.416015625 0.524390243902439 0.05859375 0.5975609756097561
18 0.908203125 0.524390243902439 0.056640625 0.6341463414634146
18 0.953125 0.524390243902439 0.041015625 0.6219512195121951
18 0.236328125 0.524390243902439 0.05859375 0.6341463414634146
18 0.595703125 0.524390243902439 0.068359375 0.6341463414634146
18 0.171875 0.5365853658536586 0.064453125 0.6585365853658537
18 0.35546875 0.5365853658536586 0.060546875 0.6097560975609756
18 0.802734375 0.5365853658536586 0.0546875 0.6097560975609756
18 0.111328125 0.5365853658536586 0.064453125 0.6585365853658537
18 0.056640625 0.5487804878048781 0.05078125 0.6463414634146342