18 0.857421875 0.5 0.060546875 0.6052631578947368
18 0.716796875 0.5087719298245614 0.06640625 0.6842105263157895
18 0.640625 0.5087719298245614 0.072265625 0.6578947368421053
18 0.7890625 0.5087719298245614 0.064453125 0.6403508771929824
18 0.935546875 0.5175438596491229 0.083984375 0.6491228070175439
18 0.5703125 0.5175438596491229 0.060546875 0.6228070175438597
18 0.287109375 0.5350877192982456 0.0625 0.631578947368421
18 0.50390625 0.5350877192982456 0.0703125 0.631578947368421
18 0.35546875 0.543859649122807 0.0703125 0.631578947368421
18 0.427734375 0.5526315789473685 0.076171875 0.6403508771929824
18 0.14453125 0.5526315789473685 0.06640625 0.6052631578947368
18 0.216796875 0.5614035087719298 0.072265625 0.631578947368421
18 0.072265625 0.5614035087719298 0.072265625 0.631578947368421