18 0.271484375 0.2857142857142857 0.068359375 0.16964285714285715
18 0.322265625 0.3392857142857143 0.056640625 0.16517857142857142
18 0.384765625 0.3794642857142857 0.05859375 0.17857142857142858
18 0.419921875 0.4375 0.056640625 0.17857142857142858
18 0.478515625 0.47767857142857145 0.048828125 0.18303571428571427
18 0.5390625 0.5178571428571429 0.080078125 0.19642857142857142
18 0.58984375 0.5714285714285714 0.056640625 0.19642857142857142
18 0.64453125 0.6205357142857143 0.05078125 0.1875
18 0.70703125 0.6607142857142857 0.0625 0.16964285714285715
18 0.763671875 0.71875 0.064453125 0.18303571428571427
18 0.826171875 0.7633928571428571 0.0625 0.17857142857142858
18 0.884765625 0.8169642857142857 0.064453125 0.18303571428571427
18 0.9453125 0.8660714285714286 0.064453125 0.18303571428571427
18 0.072265625 0.125 0.068359375 0.17857142857142858
18 0.12109375 0.16517857142857142 0.068359375 0.17410714285714285
18 0.171875 0.20982142857142858 0.056640625 0.16964285714285715
18 0.220703125 0.24107142857142858 0.068359375 0.16517857142857142