18 0.048828125 0.37777777777777777 0.05078125 0.37777777777777777
18 0.125 0.3888888888888889 0.080078125 0.4
18 0.19140625 0.4222222222222222 0.046875 0.34444444444444444
18 0.248046875 0.4222222222222222 0.05078125 0.36666666666666664
18 0.302734375 0.45555555555555555 0.046875 0.36666666666666664
18 0.357421875 0.4777777777777778 0.048828125 0.4
18 0.416015625 0.4888888888888889 0.05078125 0.37777777777777777
18 0.470703125 0.5111111111111111 0.044921875 0.36666666666666664
18 0.580078125 0.5222222222222223 0.052734375 0.4
18 0.525390625 0.5222222222222223 0.046875 0.37777777777777777
18 0.640625 0.5666666666666667 0.052734375 0.37777777777777777
18 0.693359375 0.5777777777777777 0.041015625 0.37777777777777777
18 0.794921875 0.6 0.044921875 0.36666666666666664
18 0.7421875 0.6 0.041015625 0.3888888888888889
18 0.84765625 0.6111111111111112 0.044921875 0.37777777777777777
18 0.900390625 0.6333333333333333 0.044921875 0.4
18 0.953125 0.6555555555555556 0.033203125 0.3888888888888889