18 0.6171875 0.4838709677419355 0.05078125 0.6451612903225806
18 0.06640625 0.4838709677419355 0.0546875 0.5967741935483871
18 0.822265625 0.4838709677419355 0.05078125 0.6129032258064516
18 0.875 0.4838709677419355 0.0546875 0.6612903225806451
18 0.927734375 0.4838709677419355 0.046875 0.6451612903225806
18 0.71875 0.4838709677419355 0.048828125 0.5967741935483871
18 0.666015625 0.4838709677419355 0.03125 0.6129032258064516
18 0.771484375 0.4838709677419355 0.048828125 0.6129032258064516
18 0.140625 0.4838709677419355 0.078125 0.6451612903225806
18 0.509765625 0.5 0.033203125 0.5806451612903226
18 0.25390625 0.5 0.05078125 0.6451612903225806
18 0.462890625 0.5 0.05078125 0.6129032258064516
18 0.5625 0.5 0.044921875 0.6451612903225806
18 0.20703125 0.5161290322580645 0.04296875 0.6290322580645161
18 0.3046875 0.5161290322580645 0.04296875 0.6290322580645161
18 0.40625 0.5161290322580645 0.056640625 0.6451612903225806
18 0.353515625 0.5161290322580645 0.048828125 0.5967741935483871