18 0.46484375 0.46078431372549017 0.05078125 0.5098039215686274
18 0.296875 0.47058823529411764 0.078125 0.5098039215686274
18 0.625 0.47058823529411764 0.0859375 0.5196078431372549
18 0.36328125 0.47058823529411764 0.0625 0.5098039215686274
18 0.75390625 0.47058823529411764 0.044921875 0.5
18 0.837890625 0.47058823529411764 0.05078125 0.5
18 0.09375 0.47058823529411764 0.07421875 0.5098039215686274
18 0.884765625 0.4803921568627451 0.044921875 0.5098039215686274
18 0.4140625 0.4803921568627451 0.052734375 0.49019607843137253
18 0.55859375 0.4803921568627451 0.048828125 0.49019607843137253
18 0.51171875 0.49019607843137253 0.04296875 0.49019607843137253
18 0.224609375 0.49019607843137253 0.0703125 0.5294117647058824
18 0.701171875 0.49019607843137253 0.06640625 0.4803921568627451
18 0.931640625 0.5 0.056640625 0.49019607843137253
18 0.158203125 0.5 0.064453125 0.5392156862745098
18 0.796875 0.5 0.048828125 0.49019607843137253