18 0.81640625 0.46153846153846156 0.056640625 0.5641025641025641
18 0.869140625 0.46153846153846156 0.060546875 0.5512820512820513
18 0.708984375 0.47435897435897434 0.05078125 0.5769230769230769
18 0.923828125 0.48717948717948717 0.056640625 0.5641025641025641
18 0.662109375 0.48717948717948717 0.05859375 0.5128205128205128
18 0.49609375 0.5 0.06640625 0.5
18 0.556640625 0.5 0.06640625 0.5384615384615384
18 0.611328125 0.5128205128205128 0.056640625 0.5512820512820513
18 0.763671875 0.5128205128205128 0.056640625 0.5641025641025641
18 0.251953125 0.5128205128205128 0.068359375 0.5128205128205128
18 0.439453125 0.5256410256410257 0.0546875 0.5
18 0.392578125 0.5256410256410257 0.041015625 0.5384615384615384
18 0.3046875 0.5384615384615384 0.05078125 0.47435897435897434
18 0.349609375 0.5384615384615384 0.0546875 0.5128205128205128
18 0.12890625 0.5384615384615384 0.083984375 0.5128205128205128
18 0.1953125 0.5512820512820513 0.05859375 0.5256410256410257
18 0.0703125 0.5512820512820513 0.0625 0.47435897435897434