18 0.103515625 0.4803921568627451 0.048828125 0.5784313725490197
18 0.15234375 0.49019607843137253 0.048828125 0.5882352941176471
18 0.25 0.49019607843137253 0.0546875 0.5588235294117647
18 0.203125 0.5 0.05078125 0.5784313725490197
18 0.298828125 0.5 0.048828125 0.5882352941176471
18 0.349609375 0.5098039215686274 0.048828125 0.6078431372549019
18 0.400390625 0.5098039215686274 0.0546875 0.6078431372549019
18 0.443359375 0.5196078431372549 0.041015625 0.5882352941176471
18 0.544921875 0.5196078431372549 0.048828125 0.5882352941176471
18 0.494140625 0.5294117647058824 0.05078125 0.5784313725490197
18 0.595703125 0.5294117647058824 0.05078125 0.5784313725490197
18 0.646484375 0.5392156862745098 0.0546875 0.5882352941176471
18 0.6953125 0.5588235294117647 0.0546875 0.5882352941176471
18 0.791015625 0.5588235294117647 0.05078125 0.5588235294117647
18 0.7421875 0.5686274509803921 0.05078125 0.5784313725490197
18 0.837890625 0.5784313725490197 0.0546875 0.5588235294117647
18 0.890625 0.5784313725490197 0.0546875 0.5784313725490197