18 0.06640625 0.33653846153846156 0.060546875 0.4807692307692308
18 0.1640625 0.3557692307692308 0.0546875 0.4519230769230769
18 0.1171875 0.3557692307692308 0.0546875 0.49038461538461536
18 0.21484375 0.38461538461538464 0.0625 0.47115384615384615
18 0.265625 0.41346153846153844 0.05078125 0.47115384615384615
18 0.373046875 0.4230769230769231 0.046875 0.49038461538461536
18 0.3203125 0.4326923076923077 0.0546875 0.4807692307692308
18 0.427734375 0.4423076923076923 0.0546875 0.49038461538461536
18 0.48046875 0.4423076923076923 0.056640625 0.4423076923076923
18 0.537109375 0.47115384615384615 0.0625 0.4423076923076923
18 0.58984375 0.4807692307692308 0.0546875 0.47115384615384615
18 0.646484375 0.5096153846153846 0.060546875 0.5
18 0.703125 0.5192307692307693 0.052734375 0.4326923076923077
18 0.765625 0.5384615384615384 0.048828125 0.46153846153846156
18 0.8203125 0.5865384615384616 0.0546875 0.4807692307692308
18 0.87109375 0.6057692307692307 0.04296875 0.4807692307692308
18 0.9375 0.6153846153846154 0.0625 0.5