18 0.896484375 0.7307692307692307 0.056640625 0.3173076923076923
18 0.9453125 0.7692307692307693 0.048828125 0.33653846153846156
18 0.068359375 0.27884615384615385 0.064453125 0.3076923076923077
18 0.1328125 0.3076923076923077 0.087890625 0.33653846153846156
18 0.201171875 0.34615384615384615 0.05859375 0.3269230769230769
18 0.251953125 0.38461538461538464 0.05859375 0.3076923076923077
18 0.30859375 0.41346153846153844 0.064453125 0.3173076923076923
18 0.36328125 0.4423076923076923 0.05078125 0.3173076923076923
18 0.408203125 0.46153846153846156 0.0390625 0.2980769230769231
18 0.4609375 0.49038461538461536 0.0703125 0.34615384615384615
18 0.521484375 0.5192307692307693 0.0625 0.34615384615384615
18 0.587890625 0.5576923076923077 0.07421875 0.33653846153846156
18 0.6484375 0.5961538461538461 0.05078125 0.3076923076923077
18 0.6953125 0.6153846153846154 0.0546875 0.3173076923076923
18 0.7421875 0.6538461538461539 0.0546875 0.33653846153846156
18 0.79296875 0.6730769230769231 0.0546875 0.3173076923076923
18 0.84375 0.6923076923076923 0.05078125 0.3076923076923077