18 0.689453125 0.3739495798319328 0.07421875 0.17647058823529413
18 0.64453125 0.4117647058823529 0.060546875 0.18067226890756302
18 0.59375 0.44537815126050423 0.083984375 0.18487394957983194
18 0.52734375 0.5 0.087890625 0.21008403361344538
18 0.466796875 0.5462184873949579 0.06640625 0.17647058823529413
18 0.40625 0.6050420168067226 0.0625 0.20168067226890757
18 0.369140625 0.6260504201680672 0.056640625 0.18487394957983194
18 0.31640625 0.6680672268907563 0.072265625 0.19327731092436976
18 0.2578125 0.7058823529411765 0.0625 0.18067226890756302
18 0.205078125 0.7478991596638656 0.0703125 0.19327731092436976
18 0.150390625 0.7857142857142857 0.06640625 0.20168067226890757
18 0.099609375 0.819327731092437 0.078125 0.19747899159663865
18 0.046875 0.865546218487395 0.0703125 0.16806722689075632
18 0.927734375 0.19327731092436976 0.0859375 0.20168067226890757
18 0.859375 0.23529411764705882 0.0703125 0.18907563025210083
18 0.798828125 0.2857142857142857 0.072265625 0.20588235294117646
18 0.7421875 0.3277310924369748 0.072265625 0.19747899159663865