18 0.876953125 0.39344262295081966 0.05078125 0.5737704918032787
18 0.919921875 0.4016393442622951 0.0546875 0.5737704918032787
18 0.830078125 0.4098360655737705 0.05078125 0.5983606557377049
18 0.779296875 0.4180327868852459 0.04296875 0.6147540983606558
18 0.734375 0.4344262295081967 0.046875 0.5983606557377049
18 0.63671875 0.45081967213114754 0.056640625 0.6147540983606558
18 0.5859375 0.45901639344262296 0.0546875 0.6147540983606558
18 0.685546875 0.45901639344262296 0.0546875 0.6147540983606558
18 0.474609375 0.4672131147540984 0.060546875 0.6557377049180327
18 0.53125 0.4672131147540984 0.060546875 0.6229508196721312
18 0.42578125 0.4918032786885246 0.056640625 0.6557377049180327
18 0.369140625 0.5163934426229508 0.0546875 0.639344262295082
18 0.310546875 0.5163934426229508 0.060546875 0.6311475409836066
18 0.251953125 0.5245901639344263 0.068359375 0.6229508196721312
18 0.1953125 0.5327868852459017 0.06640625 0.6557377049180327
18 0.130859375 0.5409836065573771 0.060546875 0.6557377049180327
18 0.07421875 0.5655737704918032 0.064453125 0.6639344262295082