18 0.056640625 0.4777777777777778 0.048828125 0.5444444444444444
18 0.23046875 0.4888888888888889 0.056640625 0.5333333333333333
18 0.3984375 0.4888888888888889 0.0390625 0.5222222222222223
18 0.109375 0.4888888888888889 0.064453125 0.5444444444444444
18 0.287109375 0.5 0.052734375 0.5333333333333333
18 0.16796875 0.5 0.05859375 0.5555555555555556
18 0.34765625 0.5 0.0625 0.5
18 0.447265625 0.5 0.048828125 0.5222222222222223
18 0.50390625 0.5111111111111111 0.0625 0.5333333333333333
18 0.572265625 0.5111111111111111 0.068359375 0.5222222222222223
18 0.6328125 0.5111111111111111 0.0546875 0.5
18 0.681640625 0.5111111111111111 0.033203125 0.5
18 0.73046875 0.5111111111111111 0.056640625 0.5
18 0.791015625 0.5222222222222223 0.0546875 0.5
18 0.888671875 0.5333333333333333 0.033203125 0.4888888888888889
18 0.9375 0.5333333333333333 0.0546875 0.5111111111111111
18 0.84375 0.5333333333333333 0.056640625 0.5