18 0.0625 0.3835616438356164 0.072265625 0.5068493150684932
18 0.119140625 0.3835616438356164 0.0703125 0.4931506849315068
18 0.169921875 0.4041095890410959 0.048828125 0.4794520547945205
18 0.2265625 0.4246575342465753 0.076171875 0.4657534246575342
18 0.28125 0.4452054794520548 0.072265625 0.4931506849315068
18 0.3359375 0.4657534246575342 0.072265625 0.4794520547945205
18 0.392578125 0.4863013698630137 0.06640625 0.4794520547945205
18 0.451171875 0.4863013698630137 0.06640625 0.4794520547945205
18 0.498046875 0.5205479452054794 0.080078125 0.4794520547945205
18 0.556640625 0.5273972602739726 0.0703125 0.4931506849315068
18 0.61328125 0.547945205479452 0.076171875 0.5068493150684932
18 0.666015625 0.5684931506849316 0.072265625 0.5068493150684932
18 0.7265625 0.5958904109589042 0.060546875 0.5273972602739726
18 0.779296875 0.5958904109589042 0.06640625 0.5136986301369864
18 0.8359375 0.6232876712328768 0.076171875 0.5136986301369864
18 0.892578125 0.636986301369863 0.0703125 0.5068493150684932
18 0.951171875 0.6643835616438356 0.083984375 0.4794520547945205