18 0.072265625 0.31 0.078125 0.39
18 0.134765625 0.34 0.0703125 0.39
18 0.1796875 0.38 0.044921875 0.4
18 0.23046875 0.4 0.060546875 0.42
18 0.2734375 0.43 0.060546875 0.44
18 0.380859375 0.46 0.0546875 0.38
18 0.330078125 0.47 0.05859375 0.47
18 0.486328125 0.48 0.0546875 0.35
18 0.439453125 0.49 0.07421875 0.43
18 0.548828125 0.55 0.0859375 0.41
18 0.615234375 0.57 0.05859375 0.37
18 0.66015625 0.59 0.056640625 0.39
18 0.720703125 0.62 0.06640625 0.36
18 0.76953125 0.62 0.0625 0.37
18 0.818359375 0.66 0.0546875 0.36
18 0.873046875 0.68 0.06640625 0.36
18 0.92578125 0.7 0.068359375 0.38