18 0.064453125 0.3508771929824561 0.060546875 0.47368421052631576
18 0.11328125 0.3684210526315789 0.0546875 0.47368421052631576
18 0.169921875 0.37719298245614036 0.056640625 0.5
18 0.220703125 0.41228070175438597 0.052734375 0.49122807017543857
18 0.271484375 0.4298245614035088 0.052734375 0.49122807017543857
18 0.322265625 0.4298245614035088 0.060546875 0.5
18 0.373046875 0.4649122807017544 0.046875 0.49122807017543857
18 0.42578125 0.4649122807017544 0.044921875 0.5175438596491229
18 0.48046875 0.4824561403508772 0.060546875 0.4824561403508772
18 0.5390625 0.49122807017543857 0.060546875 0.4824561403508772
18 0.59375 0.5087719298245614 0.0546875 0.49122807017543857
18 0.64453125 0.5175438596491229 0.0546875 0.49122807017543857
18 0.69921875 0.543859649122807 0.05078125 0.4824561403508772
18 0.755859375 0.5614035087719298 0.05078125 0.47368421052631576
18 0.8125 0.5614035087719298 0.056640625 0.5087719298245614
18 0.869140625 0.5877192982456141 0.0546875 0.5
18 0.927734375 0.5877192982456141 0.064453125 0.5087719298245614