18 0.939453125 0.4342105263157895 0.05078125 0.4605263157894737
18 0.83984375 0.4473684210526316 0.044921875 0.4868421052631579
18 0.890625 0.4473684210526316 0.052734375 0.47368421052631576
18 0.740234375 0.4605263157894737 0.046875 0.47368421052631576
18 0.7890625 0.4605263157894737 0.046875 0.4473684210526316
18 0.638671875 0.47368421052631576 0.056640625 0.47368421052631576
18 0.58203125 0.47368421052631576 0.056640625 0.47368421052631576
18 0.47265625 0.4868421052631579 0.060546875 0.47368421052631576
18 0.52734375 0.4868421052631579 0.0546875 0.4868421052631579
18 0.69140625 0.4868421052631579 0.048828125 0.5131578947368421
18 0.419921875 0.5 0.044921875 0.47368421052631576
18 0.369140625 0.5131578947368421 0.0546875 0.47368421052631576
18 0.2578125 0.5263157894736842 0.0546875 0.5131578947368421
18 0.3125 0.5263157894736842 0.0546875 0.5131578947368421
18 0.205078125 0.5263157894736842 0.05078125 0.5
18 0.052734375 0.5526315789473685 0.05859375 0.5
18 0.130859375 0.5526315789473685 0.09375 0.5