18 0.078125 0.4473684210526316 0.07421875 0.5877192982456141
18 0.142578125 0.45614035087719296 0.060546875 0.5964912280701754
18 0.205078125 0.47368421052631576 0.072265625 0.6140350877192983
18 0.267578125 0.47368421052631576 0.05859375 0.5877192982456141
18 0.322265625 0.49122807017543857 0.052734375 0.5964912280701754
18 0.37109375 0.5 0.044921875 0.5877192982456141
18 0.416015625 0.5 0.048828125 0.5877192982456141
18 0.47265625 0.5175438596491229 0.072265625 0.6052631578947368
18 0.529296875 0.5263157894736842 0.046875 0.5701754385964912
18 0.591796875 0.5350877192982456 0.083984375 0.5614035087719298
18 0.666015625 0.5350877192982456 0.06640625 0.5526315789473685
18 0.71875 0.543859649122807 0.044921875 0.543859649122807
18 0.765625 0.5526315789473685 0.046875 0.5526315789473685
18 0.8125 0.5614035087719298 0.0390625 0.5789473684210527
18 0.85546875 0.5701754385964912 0.037109375 0.5789473684210527
18 0.90234375 0.5701754385964912 0.046875 0.5877192982456141
18 0.94921875 0.5877192982456141 0.0390625 0.5877192982456141