18 0.357421875 0.3712121212121212 0.05859375 0.14015151515151514
18 0.41796875 0.4166666666666667 0.056640625 0.12878787878787878
18 0.466796875 0.4696969696969697 0.060546875 0.12878787878787878
18 0.51953125 0.5151515151515151 0.060546875 0.14015151515151514
18 0.57421875 0.5606060606060606 0.06640625 0.14015151515151514
18 0.62890625 0.6136363636363636 0.056640625 0.12878787878787878
18 0.6796875 0.6590909090909091 0.052734375 0.11363636363636363
18 0.73046875 0.7045454545454546 0.048828125 0.10984848484848485
18 0.783203125 0.7462121212121212 0.052734375 0.12121212121212122
18 0.83203125 0.7878787878787878 0.05078125 0.10606060606060606
18 0.880859375 0.8371212121212122 0.052734375 0.125
18 0.931640625 0.8787878787878788 0.052734375 0.125
18 0.07421875 0.11742424242424243 0.05859375 0.13257575757575757
18 0.14453125 0.17045454545454544 0.072265625 0.14015151515151514
18 0.205078125 0.23484848484848486 0.05078125 0.11363636363636363
18 0.255859375 0.2803030303030303 0.05859375 0.13257575757575757
18 0.30859375 0.32575757575757575 0.0625 0.12878787878787878