18 0.40234375 0.4722222222222222 0.056640625 0.6111111111111112
18 0.505859375 0.4722222222222222 0.056640625 0.6111111111111112
18 0.556640625 0.4722222222222222 0.056640625 0.6111111111111112
18 0.609375 0.4722222222222222 0.056640625 0.6111111111111112
18 0.712890625 0.4722222222222222 0.05859375 0.6111111111111112
18 0.765625 0.48148148148148145 0.052734375 0.6111111111111112
18 0.296875 0.48148148148148145 0.05078125 0.6018518518518519
18 0.3515625 0.48148148148148145 0.056640625 0.6018518518518519
18 0.658203125 0.48148148148148145 0.056640625 0.6203703703703703
18 0.81640625 0.48148148148148145 0.052734375 0.6018518518518519
18 0.8671875 0.48148148148148145 0.056640625 0.6203703703703703
18 0.91796875 0.48148148148148145 0.05078125 0.6018518518518519
18 0.1953125 0.48148148148148145 0.052734375 0.6018518518518519
18 0.455078125 0.49074074074074076 0.052734375 0.6111111111111112
18 0.08984375 0.49074074074074076 0.056640625 0.5833333333333334
18 0.142578125 0.49074074074074076 0.05078125 0.6111111111111112
18 0.248046875 0.49074074074074076 0.056640625 0.6018518518518519