18 0.2265625 0.4732142857142857 0.060546875 0.6517857142857143
18 0.1171875 0.4732142857142857 0.05078125 0.6339285714285714
18 0.173828125 0.48214285714285715 0.052734375 0.6517857142857143
18 0.38671875 0.48214285714285715 0.03125 0.625
18 0.337890625 0.49107142857142855 0.048828125 0.6517857142857143
18 0.4296875 0.49107142857142855 0.048828125 0.625
18 0.05859375 0.49107142857142855 0.056640625 0.6875
18 0.28125 0.5 0.0546875 0.6517857142857143
18 0.482421875 0.5 0.052734375 0.6428571428571429
18 0.708984375 0.5 0.048828125 0.625
18 0.541015625 0.5089285714285714 0.052734375 0.6339285714285714
18 0.595703125 0.5089285714285714 0.0546875 0.6517857142857143
18 0.763671875 0.5178571428571429 0.052734375 0.6517857142857143
18 0.65234375 0.5178571428571429 0.052734375 0.625
18 0.927734375 0.5178571428571429 0.05859375 0.6696428571428571
18 0.873046875 0.5178571428571429 0.0546875 0.6517857142857143
18 0.81640625 0.5267857142857143 0.05078125 0.6607142857142857