18 0.421875 0.4340659340659341 0.06640625 0.2032967032967033
18 0.4765625 0.4725274725274725 0.0625 0.2032967032967033
18 0.529296875 0.5164835164835165 0.056640625 0.1978021978021978
18 0.583984375 0.5494505494505495 0.076171875 0.23076923076923078
18 0.6484375 0.5934065934065934 0.064453125 0.2032967032967033
18 0.69921875 0.6483516483516484 0.037109375 0.2087912087912088
18 0.748046875 0.6868131868131868 0.068359375 0.21978021978021978
18 0.798828125 0.7142857142857143 0.05078125 0.18681318681318682
18 0.849609375 0.7582417582417582 0.056640625 0.1978021978021978
18 0.8984375 0.7967032967032966 0.0625 0.1978021978021978
18 0.951171875 0.8296703296703297 0.056640625 0.1978021978021978
18 0.076171875 0.18681318681318682 0.06640625 0.2032967032967033
18 0.1484375 0.22527472527472528 0.087890625 0.23076923076923078
18 0.208984375 0.2802197802197802 0.048828125 0.1978021978021978
18 0.259765625 0.32967032967032966 0.0625 0.2032967032967033
18 0.32421875 0.36813186813186816 0.05859375 0.21428571428571427
18 0.369140625 0.4010989010989011 0.05859375 0.2032967032967033