18 0.05078125 0.34444444444444444 0.048828125 0.3888888888888889
18 0.12109375 0.35555555555555557 0.072265625 0.37777777777777777
18 0.189453125 0.3888888888888889 0.044921875 0.37777777777777777
18 0.240234375 0.4 0.046875 0.37777777777777777
18 0.29296875 0.4222222222222222 0.048828125 0.35555555555555557
18 0.345703125 0.4444444444444444 0.048828125 0.35555555555555557
18 0.40234375 0.45555555555555555 0.048828125 0.3888888888888889
18 0.45703125 0.4666666666666667 0.044921875 0.36666666666666664
18 0.5078125 0.4888888888888889 0.048828125 0.35555555555555557
18 0.564453125 0.5222222222222223 0.05078125 0.35555555555555557
18 0.62109375 0.5333333333333333 0.05078125 0.35555555555555557
18 0.67578125 0.5666666666666667 0.044921875 0.36666666666666664
18 0.7265625 0.5777777777777777 0.044921875 0.3888888888888889
18 0.77734375 0.6 0.046875 0.36666666666666664
18 0.83203125 0.6222222222222222 0.033203125 0.35555555555555557
18 0.8828125 0.6444444444444445 0.044921875 0.35555555555555557
18 0.9375 0.6555555555555556 0.048828125 0.34444444444444444