18 0.068359375 0.4166666666666667 0.05859375 0.5416666666666666
18 0.12109375 0.4375 0.0546875 0.53125
18 0.173828125 0.4583333333333333 0.056640625 0.53125
18 0.2734375 0.4583333333333333 0.052734375 0.5520833333333334
18 0.224609375 0.46875 0.0546875 0.5520833333333334
18 0.328125 0.4791666666666667 0.064453125 0.59375
18 0.484375 0.4895833333333333 0.05859375 0.5729166666666666
18 0.37890625 0.5 0.046875 0.5833333333333334
18 0.4296875 0.5 0.0546875 0.5833333333333334
18 0.541015625 0.5208333333333334 0.05859375 0.5416666666666666
18 0.59375 0.5208333333333334 0.052734375 0.5520833333333334
18 0.703125 0.5208333333333334 0.056640625 0.5416666666666666
18 0.6484375 0.53125 0.0546875 0.5520833333333334
18 0.7578125 0.5416666666666666 0.0625 0.5520833333333334
18 0.8125 0.5625 0.0546875 0.5625
18 0.869140625 0.5729166666666666 0.056640625 0.5416666666666666
18 0.923828125 0.5729166666666666 0.0546875 0.5625