18 0.064453125 0.46511627906976744 0.048828125 0.5232558139534884
18 0.115234375 0.46511627906976744 0.056640625 0.5232558139534884
18 0.228515625 0.47674418604651164 0.052734375 0.5232558139534884
18 0.283203125 0.47674418604651164 0.052734375 0.5581395348837209
18 0.169921875 0.4883720930232558 0.056640625 0.5465116279069767
18 0.33984375 0.5 0.05859375 0.5348837209302325
18 0.619140625 0.5 0.0546875 0.5348837209302325
18 0.86328125 0.5 0.037109375 0.5348837209302325
18 0.451171875 0.5116279069767442 0.052734375 0.5465116279069767
18 0.498046875 0.5116279069767442 0.0390625 0.5697674418604651
18 0.6640625 0.5116279069767442 0.0390625 0.5465116279069767
18 0.712890625 0.5116279069767442 0.056640625 0.5697674418604651
18 0.767578125 0.5116279069767442 0.05078125 0.5232558139534884
18 0.912109375 0.5116279069767442 0.05078125 0.5232558139534884
18 0.3984375 0.5116279069767442 0.056640625 0.5348837209302325
18 0.552734375 0.5116279069767442 0.0703125 0.5581395348837209
18 0.818359375 0.5232558139534884 0.048828125 0.5232558139534884