18 0.36328125 0.4026548672566372 0.064453125 0.1592920353982301
18 0.41015625 0.4424778761061947 0.072265625 0.15486725663716813
18 0.455078125 0.4778761061946903 0.080078125 0.17699115044247787
18 0.51171875 0.5221238938053098 0.091796875 0.18584070796460178
18 0.564453125 0.5663716814159292 0.08203125 0.18584070796460178
18 0.623046875 0.6106194690265486 0.07421875 0.17699115044247787
18 0.68359375 0.6548672566371682 0.064453125 0.16371681415929204
18 0.73828125 0.6991150442477876 0.078125 0.18141592920353983
18 0.796875 0.7522123893805309 0.0859375 0.20353982300884957
18 0.861328125 0.7964601769911505 0.0859375 0.19911504424778761
18 0.927734375 0.8495575221238938 0.06640625 0.19469026548672566
18 0.076171875 0.168141592920354 0.087890625 0.168141592920354
18 0.12109375 0.20353982300884957 0.0703125 0.1415929203539823
18 0.16796875 0.24336283185840707 0.060546875 0.14601769911504425
18 0.212890625 0.2743362831858407 0.0859375 0.16371681415929204
18 0.255859375 0.3230088495575221 0.078125 0.16371681415929204
18 0.310546875 0.36283185840707965 0.064453125 0.15486725663716813