18 0.0625 0.30597014925373134 0.06640625 0.3880597014925373
18 0.115234375 0.34328358208955223 0.0546875 0.3805970149253731
18 0.166015625 0.35074626865671643 0.046875 0.373134328358209
18 0.220703125 0.3805970149253731 0.056640625 0.3805970149253731
18 0.271484375 0.40298507462686567 0.05859375 0.39552238805970147
18 0.326171875 0.43283582089552236 0.048828125 0.3805970149253731
18 0.384765625 0.44029850746268656 0.03515625 0.373134328358209
18 0.431640625 0.4626865671641791 0.060546875 0.3805970149253731
18 0.486328125 0.48507462686567165 0.060546875 0.40298507462686567
18 0.544921875 0.5149253731343284 0.0703125 0.40298507462686567
18 0.59765625 0.5223880597014925 0.0625 0.3880597014925373
18 0.654296875 0.5597014925373134 0.060546875 0.3880597014925373
18 0.7109375 0.582089552238806 0.05859375 0.40298507462686567
18 0.767578125 0.5970149253731343 0.05859375 0.39552238805970147
18 0.828125 0.6268656716417911 0.05078125 0.3805970149253731
18 0.884765625 0.6417910447761194 0.0546875 0.4253731343283582
18 0.947265625 0.6567164179104478 0.05859375 0.417910447761194