18 0.646484375 0.5878378378378378 0.05859375 0.33783783783783783
18 0.69921875 0.6216216216216216 0.056640625 0.3581081081081081
18 0.755859375 0.6621621621621622 0.052734375 0.35135135135135137
18 0.814453125 0.6824324324324325 0.0625 0.33783783783783783
18 0.875 0.7027027027027027 0.064453125 0.34459459459459457
18 0.935546875 0.7364864864864865 0.0625 0.34459459459459457
18 0.044921875 0.25675675675675674 0.0546875 0.34459459459459457
18 0.091796875 0.2905405405405405 0.052734375 0.3310810810810811
18 0.146484375 0.3108108108108108 0.052734375 0.32432432432432434
18 0.19921875 0.3581081081081081 0.0546875 0.36486486486486486
18 0.25390625 0.38513513513513514 0.05078125 0.34459459459459457
18 0.306640625 0.41216216216216217 0.0546875 0.34459459459459457
18 0.3671875 0.44594594594594594 0.056640625 0.34459459459459457
18 0.416015625 0.46621621621621623 0.046875 0.3310810810810811
18 0.46875 0.4797297297297297 0.05859375 0.34459459459459457
18 0.53125 0.5337837837837838 0.05859375 0.33783783783783783
18 0.583984375 0.5540540540540541 0.05859375 0.34459459459459457