18 0.619140625 0.5892857142857143 0.052734375 0.25
18 0.673828125 0.625 0.048828125 0.22321428571428573
18 0.73046875 0.6607142857142857 0.048828125 0.24107142857142858
18 0.783203125 0.7008928571428571 0.048828125 0.22321428571428573
18 0.837890625 0.7410714285714286 0.03515625 0.22767857142857142
18 0.8984375 0.7767857142857143 0.052734375 0.24553571428571427
18 0.953125 0.7991071428571429 0.052734375 0.24107142857142858
18 0.064453125 0.20089285714285715 0.046875 0.19642857142857142
18 0.125 0.24107142857142858 0.072265625 0.21875
18 0.18359375 0.2857142857142857 0.041015625 0.19196428571428573
18 0.236328125 0.32142857142857145 0.0546875 0.21428571428571427
18 0.291015625 0.35267857142857145 0.052734375 0.20535714285714285
18 0.341796875 0.4017857142857143 0.046875 0.20535714285714285
18 0.39453125 0.4330357142857143 0.0546875 0.24107142857142858
18 0.453125 0.4642857142857143 0.056640625 0.23660714285714285
18 0.505859375 0.5133928571428571 0.046875 0.21875
18 0.5625 0.5491071428571429 0.052734375 0.23660714285714285