18 0.080078125 0.3235294117647059 0.056640625 0.36764705882352944
18 0.126953125 0.33088235294117646 0.046875 0.38235294117647056
18 0.18359375 0.36764705882352944 0.052734375 0.38235294117647056
18 0.234375 0.3897058823529412 0.052734375 0.38235294117647056
18 0.283203125 0.4117647058823529 0.046875 0.3602941176470588
18 0.337890625 0.4338235294117647 0.052734375 0.36764705882352944
18 0.388671875 0.4485294117647059 0.044921875 0.3602941176470588
18 0.4375 0.47058823529411764 0.04296875 0.36764705882352944
18 0.494140625 0.49264705882352944 0.052734375 0.38235294117647056
18 0.548828125 0.5073529411764706 0.0546875 0.38235294117647056
18 0.59765625 0.5294117647058824 0.046875 0.38235294117647056
18 0.65234375 0.5588235294117647 0.0546875 0.36764705882352944
18 0.708984375 0.5808823529411765 0.0546875 0.38235294117647056
18 0.7578125 0.6102941176470589 0.046875 0.38235294117647056
18 0.81640625 0.625 0.0546875 0.38235294117647056
18 0.875 0.6397058823529411 0.0546875 0.3897058823529412
18 0.92578125 0.6838235294117647 0.044921875 0.3897058823529412