18 0.244140625 0.3525641025641026 0.064453125 0.3717948717948718
18 0.298828125 0.3717948717948718 0.05859375 0.33974358974358976
18 0.357421875 0.42948717948717946 0.064453125 0.3333333333333333
18 0.412109375 0.4551282051282051 0.05078125 0.30128205128205127
18 0.45703125 0.47435897435897434 0.06640625 0.32051282051282054
18 0.509765625 0.5192307692307693 0.05859375 0.3269230769230769
18 0.572265625 0.5384615384615384 0.087890625 0.34615384615384615
18 0.640625 0.5897435897435898 0.0703125 0.3076923076923077
18 0.689453125 0.6346153846153846 0.046875 0.3141025641025641
18 0.7421875 0.6474358974358975 0.07421875 0.3076923076923077
18 0.798828125 0.6858974358974359 0.07421875 0.30128205128205127
18 0.857421875 0.7307692307692307 0.06640625 0.2948717948717949
18 0.90625 0.7692307692307693 0.064453125 0.3076923076923077
18 0.94921875 0.782051282051282 0.0625 0.2948717948717949
18 0.080078125 0.25 0.046875 0.3141025641025641
18 0.13671875 0.28205128205128205 0.056640625 0.3333333333333333
18 0.19140625 0.3076923076923077 0.0546875 0.358974358974359