18 0.80078125 0.4583333333333333 0.037109375 0.5833333333333334
18 0.861328125 0.4583333333333333 0.052734375 0.59375
18 0.7421875 0.46875 0.052734375 0.6041666666666666
18 0.919921875 0.46875 0.05859375 0.6458333333333334
18 0.6875 0.4791666666666667 0.029296875 0.5833333333333334
18 0.572265625 0.4791666666666667 0.052734375 0.5833333333333334
18 0.515625 0.4791666666666667 0.056640625 0.5625
18 0.62890625 0.4895833333333333 0.052734375 0.5833333333333334
18 0.4609375 0.5 0.052734375 0.5520833333333334
18 0.3046875 0.5 0.05078125 0.5625
18 0.41015625 0.5 0.048828125 0.5729166666666666
18 0.357421875 0.5 0.03125 0.5833333333333334
18 0.25390625 0.5104166666666666 0.05078125 0.5416666666666666
18 0.060546875 0.5104166666666666 0.05078125 0.5625
18 0.203125 0.5208333333333334 0.048828125 0.5625
18 0.154296875 0.5208333333333334 0.048828125 0.5416666666666666
18 0.107421875 0.5208333333333334 0.046875 0.53125