18 0.91796875 0.4027777777777778 0.04296875 0.3611111111111111
18 0.826171875 0.4166666666666667 0.048828125 0.375
18 0.875 0.4166666666666667 0.046875 0.4027777777777778
18 0.681640625 0.4444444444444444 0.046875 0.375
18 0.77734375 0.4444444444444444 0.041015625 0.4027777777777778
18 0.732421875 0.4444444444444444 0.05078125 0.3888888888888889
18 0.57421875 0.4583333333333333 0.076171875 0.4305555555555556
18 0.63671875 0.4583333333333333 0.048828125 0.4027777777777778
18 0.509765625 0.4722222222222222 0.060546875 0.4027777777777778
18 0.45703125 0.5 0.052734375 0.4027777777777778
18 0.41015625 0.5138888888888888 0.041015625 0.4166666666666667
18 0.21875 0.5277777777777778 0.05859375 0.3888888888888889
18 0.318359375 0.5277777777777778 0.052734375 0.3611111111111111
18 0.1484375 0.5277777777777778 0.08984375 0.4027777777777778
18 0.26953125 0.5416666666666666 0.05078125 0.3888888888888889
18 0.365234375 0.5416666666666666 0.048828125 0.4305555555555556
18 0.078125 0.5416666666666666 0.064453125 0.4027777777777778