18 0.193359375 0.19696969696969696 0.0625 0.07575757575757576
18 0.236328125 0.23809523809523808 0.076171875 0.09090909090909091
18 0.28125 0.27705627705627706 0.07421875 0.09740259740259741
18 0.328125 0.3181818181818182 0.076171875 0.09090909090909091
18 0.37890625 0.3593073593073593 0.064453125 0.07575757575757576
18 0.427734375 0.4025974025974026 0.080078125 0.09307359307359307
18 0.4765625 0.45021645021645024 0.083984375 0.09740259740259741
18 0.53515625 0.5021645021645021 0.099609375 0.11038961038961038
18 0.6015625 0.5584415584415584 0.078125 0.09090909090909091
18 0.654296875 0.6082251082251082 0.0703125 0.08225108225108226
18 0.708984375 0.6645021645021645 0.068359375 0.08008658008658008
18 0.767578125 0.7121212121212122 0.076171875 0.09307359307359307
18 0.82421875 0.7619047619047619 0.078125 0.09307359307359307
18 0.8828125 0.816017316017316 0.080078125 0.09090909090909091
18 0.9453125 0.8701298701298701 0.080078125 0.09740259740259741
18 0.083984375 0.1038961038961039 0.076171875 0.09090909090909091
18 0.14453125 0.14502164502164502 0.08984375 0.09740259740259741