18 0.138671875 0.4528301886792453 0.056640625 0.6415094339622641
18 0.08203125 0.46226415094339623 0.076171875 0.6698113207547169
18 0.2890625 0.4716981132075472 0.056640625 0.6886792452830188
18 0.244140625 0.4716981132075472 0.068359375 0.660377358490566
18 0.349609375 0.4811320754716981 0.068359375 0.6415094339622641
18 0.189453125 0.4811320754716981 0.0625 0.6415094339622641
18 0.44921875 0.49056603773584906 0.05859375 0.6698113207547169
18 0.3984375 0.5 0.0625 0.6886792452830188
18 0.55859375 0.5 0.068359375 0.7075471698113207
18 0.7109375 0.5188679245283019 0.0546875 0.6415094339622641
18 0.759765625 0.5188679245283019 0.0546875 0.6981132075471698
18 0.50390625 0.5283018867924528 0.05078125 0.6886792452830188
18 0.609375 0.5283018867924528 0.0546875 0.6886792452830188
18 0.818359375 0.5283018867924528 0.068359375 0.6320754716981132
18 0.869140625 0.5283018867924528 0.0703125 0.6886792452830188
18 0.66015625 0.5283018867924528 0.064453125 0.7547169811320755
18 0.9296875 0.5566037735849056 0.0703125 0.6698113207547169