18 0.064453125 0.40217391304347827 0.05078125 0.532608695652174
18 0.115234375 0.41304347826086957 0.044921875 0.5434782608695652
18 0.162109375 0.41304347826086957 0.044921875 0.5434782608695652
18 0.216796875 0.44565217391304346 0.048828125 0.5543478260869565
18 0.265625 0.44565217391304346 0.048828125 0.5652173913043478
18 0.318359375 0.4673913043478261 0.044921875 0.5652173913043478
18 0.373046875 0.4782608695652174 0.025390625 0.5760869565217391
18 0.423828125 0.4782608695652174 0.044921875 0.5760869565217391
18 0.4765625 0.4891304347826087 0.046875 0.5760869565217391
18 0.533203125 0.4891304347826087 0.056640625 0.5652173913043478
18 0.587890625 0.5 0.056640625 0.5760869565217391
18 0.640625 0.532608695652174 0.046875 0.5760869565217391
18 0.701171875 0.532608695652174 0.05078125 0.5869565217391305
18 0.755859375 0.532608695652174 0.052734375 0.5869565217391305
18 0.818359375 0.5434782608695652 0.03125 0.6195652173913043
18 0.87109375 0.5543478260869565 0.052734375 0.6086956521739131
18 0.93359375 0.5543478260869565 0.05078125 0.6086956521739131