18 0.0703125 0.3 0.05859375 0.37
18 0.12890625 0.33 0.0546875 0.37
18 0.177734375 0.34 0.056640625 0.34
18 0.228515625 0.37 0.05859375 0.33
18 0.28515625 0.4 0.05078125 0.35
18 0.337890625 0.42 0.05078125 0.32
18 0.390625 0.44 0.060546875 0.32
18 0.4453125 0.48 0.056640625 0.32
18 0.5 0.51 0.037109375 0.35
18 0.552734375 0.55 0.0625 0.37
18 0.609375 0.58 0.05859375 0.33
18 0.662109375 0.6 0.04296875 0.34
18 0.71484375 0.63 0.052734375 0.32
18 0.76953125 0.66 0.05078125 0.32
18 0.822265625 0.69 0.037109375 0.35
18 0.87890625 0.75 0.056640625 0.35
18 0.931640625 0.75 0.056640625 0.33