18 0.06640625 0.425531914893617 0.064453125 0.5531914893617021
18 0.123046875 0.43617021276595747 0.056640625 0.5106382978723404
18 0.171875 0.4574468085106383 0.0546875 0.5638297872340425
18 0.228515625 0.46808510638297873 0.060546875 0.5425531914893617
18 0.3359375 0.4787234042553192 0.0546875 0.5531914893617021
18 0.279296875 0.48936170212765956 0.0546875 0.5957446808510638
18 0.390625 0.48936170212765956 0.052734375 0.574468085106383
18 0.4453125 0.48936170212765956 0.056640625 0.5957446808510638
18 0.5 0.48936170212765956 0.05078125 0.5638297872340425
18 0.607421875 0.5 0.0546875 0.5638297872340425
18 0.552734375 0.5 0.0546875 0.574468085106383
18 0.6640625 0.5106382978723404 0.0546875 0.5851063829787234
18 0.71875 0.5106382978723404 0.056640625 0.5957446808510638
18 0.775390625 0.5212765957446809 0.056640625 0.5851063829787234
18 0.83203125 0.5319148936170213 0.052734375 0.5957446808510638
18 0.888671875 0.5319148936170213 0.056640625 0.5957446808510638
18 0.943359375 0.5425531914893617 0.0546875 0.5851063829787234