18 0.060546875 0.35106382978723405 0.064453125 0.3829787234042553
18 0.126953125 0.35106382978723405 0.0859375 0.40425531914893614
18 0.197265625 0.39361702127659576 0.05859375 0.3723404255319149
18 0.251953125 0.4148936170212766 0.0546875 0.3829787234042553
18 0.302734375 0.43617021276595747 0.048828125 0.3829787234042553
18 0.349609375 0.44680851063829785 0.048828125 0.35106382978723405
18 0.39453125 0.46808510638297873 0.037109375 0.3829787234042553
18 0.453125 0.4787234042553192 0.064453125 0.4148936170212766
18 0.509765625 0.5 0.0625 0.3829787234042553
18 0.57421875 0.5319148936170213 0.072265625 0.39361702127659576
18 0.63671875 0.5425531914893617 0.046875 0.3723404255319149
18 0.68359375 0.574468085106383 0.046875 0.3617021276595745
18 0.734375 0.5851063829787234 0.046875 0.3723404255319149
18 0.78515625 0.5957446808510638 0.052734375 0.3617021276595745
18 0.830078125 0.6276595744680851 0.037109375 0.39361702127659576
18 0.880859375 0.648936170212766 0.0390625 0.39361702127659576
18 0.935546875 0.6702127659574468 0.0546875 0.40425531914893614