18 0.353515625 0.3715277777777778 0.068359375 0.13541666666666666
18 0.404296875 0.4166666666666667 0.068359375 0.13541666666666666
18 0.447265625 0.4618055555555556 0.08203125 0.1423611111111111
18 0.509765625 0.5069444444444444 0.091796875 0.1597222222222222
18 0.5625 0.5555555555555556 0.087890625 0.18055555555555555
18 0.623046875 0.6041666666666666 0.076171875 0.15625
18 0.6875 0.6597222222222222 0.07421875 0.1597222222222222
18 0.744140625 0.7083333333333334 0.0859375 0.17708333333333334
18 0.806640625 0.7638888888888888 0.0859375 0.18055555555555555
18 0.86328125 0.8159722222222222 0.08984375 0.1840277777777778
18 0.9296875 0.8680555555555556 0.083984375 0.17708333333333334
18 0.0546875 0.1076388888888889 0.09375 0.1388888888888889
18 0.099609375 0.14930555555555555 0.072265625 0.13194444444444445
18 0.15234375 0.19444444444444445 0.068359375 0.11805555555555555
18 0.1953125 0.22569444444444445 0.087890625 0.11458333333333333
18 0.24609375 0.2708333333333333 0.083984375 0.1388888888888889
18 0.296875 0.3194444444444444 0.078125 0.1388888888888889