18 0.087890625 0.36428571428571427 0.05859375 0.39285714285714285
18 0.13671875 0.38571428571428573 0.052734375 0.4142857142857143
18 0.19140625 0.38571428571428573 0.0546875 0.4142857142857143
18 0.2421875 0.40714285714285714 0.0546875 0.40714285714285714
18 0.2890625 0.4357142857142857 0.044921875 0.4142857142857143
18 0.341796875 0.45 0.052734375 0.42857142857142855
18 0.392578125 0.4642857142857143 0.044921875 0.39285714285714285
18 0.4453125 0.4785714285714286 0.044921875 0.4142857142857143
18 0.498046875 0.5142857142857142 0.0546875 0.4142857142857143
18 0.55078125 0.5214285714285715 0.052734375 0.42857142857142855
18 0.60546875 0.55 0.052734375 0.42857142857142855
18 0.658203125 0.5642857142857143 0.052734375 0.42857142857142855
18 0.70703125 0.5928571428571429 0.04296875 0.4142857142857143
18 0.763671875 0.6071428571428571 0.052734375 0.4142857142857143
18 0.81640625 0.6357142857142857 0.052734375 0.39285714285714285
18 0.87109375 0.65 0.0546875 0.4142857142857143
18 0.927734375 0.6714285714285714 0.060546875 0.4142857142857143