18 0.05078125 0.4 0.0390625 0.41818181818181815
18 0.099609375 0.4 0.0546875 0.41818181818181815
18 0.15234375 0.42727272727272725 0.052734375 0.42727272727272725
18 0.205078125 0.43636363636363634 0.05078125 0.43636363636363634
18 0.2578125 0.45454545454545453 0.048828125 0.43636363636363634
18 0.36328125 0.4727272727272727 0.037109375 0.41818181818181815
18 0.314453125 0.4727272727272727 0.0546875 0.43636363636363634
18 0.412109375 0.4818181818181818 0.05078125 0.41818181818181815
18 0.466796875 0.5 0.0546875 0.44545454545454544
18 0.53125 0.509090909090909 0.0703125 0.43636363636363634
18 0.595703125 0.5181818181818182 0.0546875 0.44545454545454544
18 0.65625 0.5454545454545454 0.060546875 0.43636363636363634
18 0.7109375 0.5454545454545454 0.0390625 0.43636363636363634
18 0.76171875 0.5636363636363636 0.060546875 0.41818181818181815
18 0.822265625 0.5727272727272728 0.056640625 0.45454545454545453
18 0.87890625 0.5818181818181818 0.0546875 0.4727272727272727
18 0.939453125 0.5909090909090909 0.060546875 0.4636363636363636