18 0.0546875 0.3888888888888889 0.0546875 0.4222222222222222
18 0.12890625 0.4 0.076171875 0.3888888888888889
18 0.1953125 0.4222222222222222 0.041015625 0.35555555555555557
18 0.25 0.43333333333333335 0.048828125 0.3888888888888889
18 0.306640625 0.4444444444444444 0.048828125 0.37777777777777777
18 0.36328125 0.4777777777777778 0.05078125 0.3888888888888889
18 0.41796875 0.4888888888888889 0.048828125 0.37777777777777777
18 0.474609375 0.5111111111111111 0.044921875 0.3888888888888889
18 0.52734375 0.5333333333333333 0.05078125 0.3888888888888889
18 0.587890625 0.5444444444444444 0.048828125 0.35555555555555557
18 0.6484375 0.5666666666666667 0.052734375 0.3888888888888889
18 0.703125 0.5888888888888889 0.04296875 0.3888888888888889
18 0.75390625 0.6 0.04296875 0.35555555555555557
18 0.806640625 0.6222222222222222 0.04296875 0.35555555555555557
18 0.861328125 0.6444444444444445 0.041015625 0.35555555555555557
18 0.912109375 0.6555555555555556 0.04296875 0.37777777777777777
18 0.966796875 0.6777777777777778 0.04296875 0.35555555555555557