18 0.056640625 0.43 0.056640625 0.58
18 0.203125 0.44 0.0546875 0.57
18 0.103515625 0.44 0.052734375 0.54
18 0.15234375 0.45 0.046875 0.58
18 0.3125 0.45 0.0625 0.6
18 0.255859375 0.46 0.056640625 0.57
18 0.365234375 0.46 0.041015625 0.58
18 0.4140625 0.47 0.048828125 0.63
18 0.525390625 0.48 0.064453125 0.61
18 0.46875 0.49 0.05859375 0.58
18 0.58203125 0.5 0.05859375 0.62
18 0.640625 0.5 0.064453125 0.64
18 0.75390625 0.52 0.05859375 0.64
18 0.697265625 0.53 0.05859375 0.61
18 0.8203125 0.54 0.052734375 0.64
18 0.876953125 0.54 0.064453125 0.64
18 0.9375 0.55 0.06640625 0.61