18 0.298828125 0.3333333333333333 0.05859375 0.1715686274509804
18 0.3515625 0.38235294117647056 0.05859375 0.1715686274509804
18 0.40625 0.4215686274509804 0.052734375 0.16176470588235295
18 0.455078125 0.47058823529411764 0.0546875 0.16666666666666666
18 0.5078125 0.5147058823529411 0.05859375 0.1715686274509804
18 0.56640625 0.5588235294117647 0.0703125 0.18137254901960784
18 0.62890625 0.6176470588235294 0.052734375 0.1568627450980392
18 0.6796875 0.6568627450980392 0.044921875 0.1568627450980392
18 0.728515625 0.7009803921568627 0.048828125 0.16666666666666666
18 0.77734375 0.7401960784313726 0.05078125 0.16176470588235295
18 0.830078125 0.7892156862745098 0.037109375 0.15196078431372548
18 0.880859375 0.8333333333333334 0.029296875 0.16176470588235295
18 0.927734375 0.8676470588235294 0.046875 0.16176470588235295
18 0.0625 0.12254901960784313 0.0625 0.19607843137254902
18 0.138671875 0.18137254901960784 0.07421875 0.17647058823529413
18 0.1953125 0.24019607843137256 0.046875 0.14705882352941177
18 0.248046875 0.28431372549019607 0.05859375 0.17647058823529413