18 0.92578125 0.32608695652173914 0.05078125 0.391304347826087
18 0.87890625 0.34782608695652173 0.048828125 0.40217391304347827
18 0.833984375 0.3804347826086957 0.048828125 0.391304347826087
18 0.787109375 0.3804347826086957 0.037109375 0.40217391304347827
18 0.7421875 0.40217391304347827 0.0390625 0.391304347826087
18 0.697265625 0.42391304347826086 0.046875 0.391304347826087
18 0.6484375 0.44565217391304346 0.044921875 0.391304347826087
18 0.591796875 0.4673913043478261 0.072265625 0.42391304347826086
18 0.529296875 0.4891304347826087 0.056640625 0.44565217391304346
18 0.46875 0.5108695652173914 0.060546875 0.43478260869565216
18 0.412109375 0.5217391304347826 0.0390625 0.41304347826086957
18 0.369140625 0.5543478260869565 0.0546875 0.40217391304347827
18 0.318359375 0.5652173913043478 0.05078125 0.42391304347826086
18 0.271484375 0.5760869565217391 0.046875 0.43478260869565216
18 0.22265625 0.5978260869565217 0.060546875 0.41304347826086957
18 0.146484375 0.6195652173913043 0.095703125 0.40217391304347827
18 0.07421875 0.6521739130434783 0.0703125 0.41304347826086957