18 0.078125 0.44 0.05078125 0.47
18 0.1328125 0.44 0.05078125 0.49
18 0.240234375 0.45 0.056640625 0.5
18 0.291015625 0.45 0.0546875 0.47
18 0.1875 0.45 0.05078125 0.51
18 0.34765625 0.47 0.056640625 0.47
18 0.39453125 0.49 0.046875 0.51
18 0.44921875 0.49 0.046875 0.49
18 0.505859375 0.49 0.056640625 0.5
18 0.55859375 0.49 0.0546875 0.52
18 0.611328125 0.49 0.05078125 0.52
18 0.66796875 0.5 0.0546875 0.5
18 0.7734375 0.52 0.05078125 0.49
18 0.71875 0.53 0.048828125 0.5
18 0.82421875 0.53 0.048828125 0.45
18 0.87890625 0.53 0.056640625 0.48
18 0.93359375 0.53 0.05078125 0.47