18 0.068359375 0.3972602739726027 0.044921875 0.363013698630137
18 0.119140625 0.4041095890410959 0.05078125 0.3767123287671233
18 0.16796875 0.4246575342465753 0.044921875 0.3424657534246575
18 0.216796875 0.4315068493150685 0.05078125 0.363013698630137
18 0.267578125 0.4383561643835616 0.05078125 0.3767123287671233
18 0.3203125 0.4589041095890411 0.05078125 0.3767123287671233
18 0.373046875 0.4657534246575342 0.05078125 0.363013698630137
18 0.423828125 0.4863013698630137 0.041015625 0.363013698630137
18 0.478515625 0.5068493150684932 0.044921875 0.3972602739726027
18 0.533203125 0.5205479452054794 0.05078125 0.3972602739726027
18 0.583984375 0.5205479452054794 0.05078125 0.3972602739726027
18 0.640625 0.541095890410959 0.05078125 0.3972602739726027
18 0.6953125 0.547945205479452 0.056640625 0.4178082191780822
18 0.751953125 0.5616438356164384 0.056640625 0.3972602739726027
18 0.8125 0.5958904109589042 0.05078125 0.3972602739726027
18 0.8671875 0.6027397260273972 0.056640625 0.4178082191780822
18 0.92578125 0.6164383561643836 0.05078125 0.3972602739726027