18 0.07421875 0.4166666666666667 0.072265625 0.3958333333333333
18 0.17578125 0.4375 0.060546875 0.3958333333333333
18 0.224609375 0.4375 0.06640625 0.3958333333333333
18 0.125 0.4444444444444444 0.072265625 0.4166666666666667
18 0.271484375 0.4444444444444444 0.060546875 0.4166666666666667
18 0.322265625 0.4652777777777778 0.060546875 0.4166666666666667
18 0.369140625 0.4861111111111111 0.06640625 0.4166666666666667
18 0.42578125 0.4861111111111111 0.06640625 0.4166666666666667
18 0.580078125 0.5069444444444444 0.060546875 0.4166666666666667
18 0.474609375 0.5138888888888888 0.060546875 0.4375
18 0.5234375 0.5138888888888888 0.060546875 0.4375
18 0.625 0.5347222222222222 0.072265625 0.4375
18 0.681640625 0.5555555555555556 0.060546875 0.4375
18 0.734375 0.5555555555555556 0.06640625 0.4375
18 0.78515625 0.5625 0.06640625 0.4166666666666667
18 0.83984375 0.5833333333333334 0.060546875 0.4583333333333333
18 0.8984375 0.5972222222222222 0.078125 0.4375