18 0.873046875 0.4166666666666667 0.048828125 0.38095238095238093
18 0.921875 0.4166666666666667 0.048828125 0.38095238095238093
18 0.7734375 0.44047619047619047 0.0390625 0.35714285714285715
18 0.82421875 0.44047619047619047 0.048828125 0.35714285714285715
18 0.728515625 0.4642857142857143 0.048828125 0.35714285714285715
18 0.6796875 0.47619047619047616 0.048828125 0.39285714285714285
18 0.630859375 0.4880952380952381 0.048828125 0.38095238095238093
18 0.576171875 0.4880952380952381 0.0625 0.39285714285714285
18 0.517578125 0.5 0.0625 0.40476190476190477
18 0.4140625 0.5119047619047619 0.04296875 0.39285714285714285
18 0.4609375 0.5119047619047619 0.052734375 0.39285714285714285
18 0.369140625 0.5238095238095238 0.056640625 0.38095238095238093
18 0.314453125 0.5238095238095238 0.0625 0.39285714285714285
18 0.255859375 0.5357142857142857 0.052734375 0.38095238095238093
18 0.205078125 0.5476190476190477 0.0625 0.35714285714285715
18 0.1328125 0.5595238095238095 0.0859375 0.35714285714285715
18 0.0703125 0.5714285714285714 0.064453125 0.35714285714285715