18 0.064453125 0.3181818181818182 0.048828125 0.41818181818181815
18 0.123046875 0.3181818181818182 0.05859375 0.42727272727272725
18 0.17578125 0.35454545454545455 0.060546875 0.41818181818181815
18 0.224609375 0.39090909090909093 0.06640625 0.4090909090909091
18 0.275390625 0.4090909090909091 0.060546875 0.4090909090909091
18 0.328125 0.42727272727272725 0.0390625 0.4090909090909091
18 0.365234375 0.45454545454545453 0.0390625 0.41818181818181815
18 0.40625 0.45454545454545453 0.060546875 0.4
18 0.4609375 0.4818181818181818 0.0546875 0.4
18 0.529296875 0.5181818181818182 0.08203125 0.41818181818181815
18 0.591796875 0.5272727272727272 0.0625 0.42727272727272725
18 0.650390625 0.5545454545454546 0.06640625 0.41818181818181815
18 0.705078125 0.5727272727272728 0.0390625 0.4
18 0.751953125 0.5909090909090909 0.05859375 0.4090909090909091
18 0.8125 0.6090909090909091 0.05859375 0.42727272727272725
18 0.873046875 0.6454545454545455 0.060546875 0.41818181818181815
18 0.93359375 0.6636363636363637 0.0546875 0.4090909090909091