18 0.0859375 0.4473684210526316 0.06640625 0.42105263157894735
18 0.271484375 0.47368421052631576 0.052734375 0.4473684210526316
18 0.150390625 0.47368421052631576 0.083984375 0.4473684210526316
18 0.220703125 0.47368421052631576 0.056640625 0.4473684210526316
18 0.42578125 0.47368421052631576 0.044921875 0.47368421052631576
18 0.328125 0.4868421052631579 0.0625 0.4473684210526316
18 0.3828125 0.5 0.056640625 0.4473684210526316
18 0.478515625 0.5 0.0625 0.4868421052631579
18 0.537109375 0.5263157894736842 0.060546875 0.4342105263157895
18 0.595703125 0.5263157894736842 0.056640625 0.4342105263157895
18 0.646484375 0.5394736842105263 0.060546875 0.4473684210526316
18 0.701171875 0.5526315789473685 0.044921875 0.4473684210526316
18 0.748046875 0.5526315789473685 0.044921875 0.4473684210526316
18 0.79296875 0.5657894736842105 0.044921875 0.42105263157894735
18 0.841796875 0.5789473684210527 0.046875 0.4473684210526316
18 0.888671875 0.5789473684210527 0.044921875 0.4868421052631579
18 0.9375 0.6052631578947368 0.05078125 0.4473684210526316