18 0.06640625 0.40789473684210525 0.06640625 0.47368421052631576
18 0.1328125 0.42105263157894735 0.087890625 0.47368421052631576
18 0.201171875 0.4342105263157895 0.060546875 0.4473684210526316
18 0.259765625 0.4342105263157895 0.064453125 0.4342105263157895
18 0.314453125 0.4605263157894737 0.048828125 0.4473684210526316
18 0.36328125 0.47368421052631576 0.048828125 0.4473684210526316
18 0.408203125 0.4868421052631579 0.037109375 0.47368421052631576
18 0.455078125 0.5 0.05078125 0.5
18 0.51171875 0.5131578947368421 0.056640625 0.47368421052631576
18 0.576171875 0.5131578947368421 0.076171875 0.47368421052631576
18 0.640625 0.5394736842105263 0.046875 0.4473684210526316
18 0.6875 0.5394736842105263 0.046875 0.4473684210526316
18 0.73828125 0.5526315789473685 0.05078125 0.4473684210526316
18 0.791015625 0.5657894736842105 0.048828125 0.4605263157894737
18 0.841796875 0.5657894736842105 0.0546875 0.4473684210526316
18 0.896484375 0.5789473684210527 0.052734375 0.5263157894736842
18 0.947265625 0.6052631578947368 0.04296875 0.4868421052631579