18 0.740234375 0.6625 0.072265625 0.24375
18 0.796875 0.7 0.078125 0.26875
18 0.86328125 0.7375 0.07421875 0.25625
18 0.923828125 0.7875 0.083984375 0.275
18 0.072265625 0.20625 0.083984375 0.225
18 0.1171875 0.24375 0.0703125 0.19375
18 0.166015625 0.275 0.0625 0.20625
18 0.20703125 0.29375 0.080078125 0.2
18 0.259765625 0.325 0.080078125 0.2
18 0.306640625 0.375 0.076171875 0.225
18 0.36328125 0.4 0.056640625 0.20625
18 0.412109375 0.44375 0.0625 0.23125
18 0.45703125 0.46875 0.078125 0.24375
18 0.513671875 0.5125 0.087890625 0.2375
18 0.56640625 0.55 0.08203125 0.25
18 0.625 0.5875 0.0703125 0.2375
18 0.689453125 0.625 0.0546875 0.23125