18 0.26953125 0.3142857142857143 0.0625 0.1761904761904762
18 0.32421875 0.37142857142857144 0.048828125 0.1619047619047619
18 0.380859375 0.40476190476190477 0.06640625 0.18571428571428572
18 0.435546875 0.45714285714285713 0.064453125 0.19523809523809524
18 0.48828125 0.49523809523809526 0.0625 0.18571428571428572
18 0.544921875 0.5523809523809524 0.060546875 0.17142857142857143
18 0.6015625 0.5904761904761905 0.05859375 0.19047619047619047
18 0.65625 0.6476190476190476 0.064453125 0.19047619047619047
18 0.712890625 0.6952380952380952 0.060546875 0.1761904761904762
18 0.76953125 0.7476190476190476 0.0625 0.17142857142857143
18 0.830078125 0.7904761904761904 0.05859375 0.16666666666666666
18 0.884765625 0.8333333333333334 0.060546875 0.1761904761904762
18 0.943359375 0.8809523809523809 0.0703125 0.15714285714285714
18 0.0546875 0.14285714285714285 0.06640625 0.18571428571428572
18 0.11328125 0.18571428571428572 0.056640625 0.1761904761904762
18 0.169921875 0.22857142857142856 0.052734375 0.1619047619047619
18 0.216796875 0.2714285714285714 0.0625 0.17142857142857143