18 0.056640625 0.38181818181818183 0.05859375 0.41818181818181815
18 0.1640625 0.4090909090909091 0.072265625 0.41818181818181815
18 0.103515625 0.41818181818181815 0.052734375 0.4
18 0.224609375 0.42727272727272725 0.05859375 0.43636363636363634
18 0.27734375 0.45454545454545453 0.052734375 0.44545454545454544
18 0.330078125 0.4636363636363636 0.06640625 0.41818181818181815
18 0.388671875 0.4636363636363636 0.052734375 0.41818181818181815
18 0.435546875 0.509090909090909 0.048828125 0.4
18 0.50390625 0.509090909090909 0.0859375 0.41818181818181815
18 0.572265625 0.5272727272727272 0.076171875 0.43636363636363634
18 0.64453125 0.5454545454545454 0.07421875 0.4090909090909091
18 0.70703125 0.5727272727272728 0.052734375 0.38181818181818183
18 0.75390625 0.5909090909090909 0.03515625 0.4090909090909091
18 0.802734375 0.6 0.046875 0.4
18 0.8515625 0.6090909090909091 0.052734375 0.39090909090909093
18 0.8984375 0.6363636363636364 0.052734375 0.4
18 0.951171875 0.6363636363636364 0.0546875 0.4