18 0.083984375 0.42142857142857143 0.06640625 0.3
18 0.146484375 0.44285714285714284 0.076171875 0.29285714285714287
18 0.197265625 0.4642857142857143 0.0625 0.29285714285714287
18 0.248046875 0.4785714285714286 0.064453125 0.3
18 0.298828125 0.4857142857142857 0.0625 0.2857142857142857
18 0.34375 0.5142857142857142 0.0625 0.29285714285714287
18 0.396484375 0.5214285714285715 0.064453125 0.29285714285714287
18 0.451171875 0.5357142857142857 0.064453125 0.3
18 0.50390625 0.5642857142857143 0.060546875 0.3
18 0.55078125 0.5857142857142857 0.048828125 0.29285714285714287
18 0.60546875 0.5928571428571429 0.060546875 0.3
18 0.66015625 0.6 0.0546875 0.2857142857142857
18 0.7109375 0.6214285714285714 0.0546875 0.29285714285714287
18 0.767578125 0.6285714285714286 0.060546875 0.29285714285714287
18 0.82421875 0.6428571428571429 0.0546875 0.29285714285714287
18 0.875 0.65 0.0625 0.3
18 0.935546875 0.6642857142857143 0.060546875 0.32142857142857145