18 0.837890625 0.65 0.0390625 0.275
18 0.88671875 0.6833333333333333 0.0390625 0.26666666666666666
18 0.94140625 0.725 0.04296875 0.25
18 0.984375 0.75 0.0234375 0.2916666666666667
18 0.130859375 0.16666666666666666 0.046875 0.26666666666666666
18 0.203125 0.21666666666666667 0.064453125 0.275
18 0.26171875 0.25833333333333336 0.041015625 0.225
18 0.310546875 0.2833333333333333 0.037109375 0.25
18 0.357421875 0.325 0.044921875 0.25
18 0.40625 0.36666666666666664 0.0390625 0.23333333333333334
18 0.458984375 0.39166666666666666 0.05078125 0.26666666666666666
18 0.51171875 0.4166666666666667 0.046875 0.26666666666666666
18 0.564453125 0.45 0.05078125 0.26666666666666666
18 0.625 0.5 0.060546875 0.275
18 0.685546875 0.55 0.048828125 0.275
18 0.734375 0.5833333333333334 0.041015625 0.24166666666666667
18 0.7890625 0.6166666666666667 0.0234375 0.25