18 0.146484375 0.35344827586206895 0.06640625 0.29310344827586204
18 0.21875 0.3879310344827586 0.07421875 0.25862068965517243
18 0.283203125 0.39655172413793105 0.0546875 0.27586206896551724
18 0.33984375 0.4224137931034483 0.046875 0.25862068965517243
18 0.392578125 0.45689655172413796 0.05859375 0.29310344827586204
18 0.447265625 0.4827586206896552 0.04296875 0.2413793103448276
18 0.4921875 0.5086206896551724 0.046875 0.29310344827586204
18 0.5390625 0.5344827586206896 0.04296875 0.2413793103448276
18 0.591796875 0.5517241379310345 0.0625 0.27586206896551724
18 0.654296875 0.5689655172413793 0.0546875 0.2413793103448276
18 0.703125 0.603448275862069 0.0390625 0.27586206896551724
18 0.751953125 0.6206896551724138 0.05078125 0.2413793103448276
18 0.802734375 0.646551724137931 0.04296875 0.25862068965517243
18 0.845703125 0.6551724137931034 0.0390625 0.2413793103448276
18 0.892578125 0.6810344827586207 0.046875 0.25862068965517243
18 0.939453125 0.7155172413793104 0.0390625 0.22413793103448276
18 0.9765625 0.7413793103448276 0.03515625 0.25862068965517243