18 0.08203125 0.4411764705882353 0.06640625 0.47058823529411764
18 0.216796875 0.45588235294117646 0.05859375 0.5
18 0.369140625 0.45588235294117646 0.052734375 0.5
18 0.146484375 0.45588235294117646 0.087890625 0.5147058823529411
18 0.271484375 0.47058823529411764 0.052734375 0.5
18 0.630859375 0.47058823529411764 0.0625 0.5
18 0.83203125 0.47058823529411764 0.052734375 0.5
18 0.322265625 0.47058823529411764 0.05078125 0.4852941176470588
18 0.4609375 0.47058823529411764 0.05078125 0.5147058823529411
18 0.517578125 0.47058823529411764 0.0625 0.5147058823529411
18 0.576171875 0.47058823529411764 0.056640625 0.5147058823529411
18 0.734375 0.47058823529411764 0.05078125 0.4852941176470588
18 0.880859375 0.47058823529411764 0.041015625 0.5147058823529411
18 0.412109375 0.47058823529411764 0.0390625 0.5
18 0.685546875 0.47058823529411764 0.05078125 0.5
18 0.9296875 0.47058823529411764 0.052734375 0.47058823529411764
18 0.783203125 0.4852941176470588 0.052734375 0.5147058823529411