18 0.89453125 0.7371794871794872 0.052734375 0.2948717948717949
18 0.95703125 0.782051282051282 0.056640625 0.3141025641025641
18 0.060546875 0.21794871794871795 0.060546875 0.27564102564102566
18 0.12109375 0.24358974358974358 0.076171875 0.28205128205128205
18 0.185546875 0.2948717948717949 0.048828125 0.26282051282051283
18 0.2421875 0.3269230769230769 0.056640625 0.2948717948717949
18 0.294921875 0.36538461538461536 0.0546875 0.2692307692307692
18 0.345703125 0.3974358974358974 0.048828125 0.2948717948717949
18 0.39453125 0.4230769230769231 0.060546875 0.30128205128205127
18 0.44921875 0.46153846153846156 0.056640625 0.3076923076923077
18 0.5078125 0.4935897435897436 0.060546875 0.32051282051282054
18 0.564453125 0.5256410256410257 0.056640625 0.30128205128205127
18 0.62109375 0.5641025641025641 0.052734375 0.3076923076923077
18 0.673828125 0.6089743589743589 0.03125 0.27564102564102566
18 0.728515625 0.6410256410256411 0.048828125 0.27564102564102566
18 0.78515625 0.6730769230769231 0.03515625 0.28205128205128205
18 0.841796875 0.6987179487179487 0.05078125 0.2948717948717949