18 0.482421875 0.4722222222222222 0.05859375 0.2569444444444444
18 0.53515625 0.5138888888888888 0.046875 0.24305555555555555
18 0.587890625 0.5347222222222222 0.04296875 0.22916666666666666
18 0.642578125 0.5694444444444444 0.05078125 0.2569444444444444
18 0.693359375 0.5972222222222222 0.05078125 0.25
18 0.74609375 0.6180555555555556 0.046875 0.22916666666666666
18 0.798828125 0.6458333333333334 0.046875 0.22916666666666666
18 0.857421875 0.6597222222222222 0.05078125 0.24305555555555555
18 0.90625 0.6875 0.033203125 0.24305555555555555
18 0.958984375 0.7083333333333334 0.046875 0.24305555555555555
18 0.0625 0.1875 0.072265625 0.25
18 0.14453125 0.2361111111111111 0.080078125 0.2638888888888889
18 0.212890625 0.2777777777777778 0.05078125 0.2361111111111111
18 0.255859375 0.3333333333333333 0.0546875 0.24305555555555555
18 0.3125 0.3611111111111111 0.056640625 0.25
18 0.369140625 0.4097222222222222 0.046875 0.22916666666666666
18 0.42578125 0.4375 0.064453125 0.2569444444444444