18 0.78515625 0.30952380952380953 0.076171875 0.20238095238095238
18 0.732421875 0.34523809523809523 0.076171875 0.20238095238095238
18 0.6796875 0.38095238095238093 0.078125 0.21428571428571427
18 0.62109375 0.42857142857142855 0.08984375 0.2222222222222222
18 0.556640625 0.47619047619047616 0.07421875 0.21825396825396826
18 0.501953125 0.5119047619047619 0.078125 0.2261904761904762
18 0.4609375 0.5357142857142857 0.064453125 0.23412698412698413
18 0.41796875 0.5714285714285714 0.0703125 0.23412698412698413
18 0.357421875 0.6190476190476191 0.08984375 0.24603174603174602
18 0.2890625 0.6666666666666666 0.099609375 0.26587301587301587
18 0.208984375 0.7063492063492064 0.0859375 0.24603174603174602
18 0.140625 0.7579365079365079 0.091796875 0.25396825396825395
18 0.083984375 0.8174603174603174 0.107421875 0.24603174603174602
18 0.951171875 0.1865079365079365 0.068359375 0.18253968253968253
18 0.896484375 0.21428571428571427 0.060546875 0.1865079365079365
18 0.857421875 0.25396825396825395 0.064453125 0.1865079365079365
18 0.826171875 0.27380952380952384 0.056640625 0.18253968253968253