18 0.072265625 0.5 0.060546875 0.5948275862068966
18 0.126953125 0.5086206896551724 0.0703125 0.5948275862068966
18 0.193359375 0.5086206896551724 0.068359375 0.5948275862068966
18 0.25390625 0.5172413793103449 0.068359375 0.5775862068965517
18 0.314453125 0.5172413793103449 0.064453125 0.5775862068965517
18 0.375 0.5172413793103449 0.068359375 0.5689655172413793
18 0.43359375 0.5172413793103449 0.060546875 0.5948275862068966
18 0.544921875 0.5258620689655172 0.0546875 0.5603448275862069
18 0.4921875 0.5344827586206896 0.0625 0.5689655172413793
18 0.591796875 0.5344827586206896 0.05078125 0.5517241379310345
18 0.642578125 0.5344827586206896 0.060546875 0.5689655172413793
18 0.890625 0.5344827586206896 0.052734375 0.5258620689655172
18 0.94140625 0.5344827586206896 0.0546875 0.5517241379310345
18 0.748046875 0.5344827586206896 0.0546875 0.5603448275862069
18 0.845703125 0.5344827586206896 0.041015625 0.5344827586206896
18 0.802734375 0.5344827586206896 0.05859375 0.5603448275862069
18 0.6953125 0.5431034482758621 0.05859375 0.5517241379310345