18 0.9296875 0.3602941176470588 0.060546875 0.5735294117647058
18 0.876953125 0.375 0.05859375 0.5514705882352942
18 0.82421875 0.38235294117647056 0.0625 0.5514705882352942
18 0.76953125 0.40441176470588236 0.056640625 0.5514705882352942
18 0.708984375 0.41911764705882354 0.05859375 0.5514705882352942
18 0.60546875 0.4338235294117647 0.0625 0.5661764705882353
18 0.65625 0.4411764705882353 0.0546875 0.5661764705882353
18 0.55078125 0.47058823529411764 0.0625 0.5661764705882353
18 0.494140625 0.47794117647058826 0.064453125 0.5588235294117647
18 0.443359375 0.49264705882352944 0.060546875 0.5514705882352942
18 0.388671875 0.5147058823529411 0.064453125 0.5441176470588235
18 0.330078125 0.5294117647058824 0.064453125 0.5588235294117647
18 0.27734375 0.5441176470588235 0.0625 0.5808823529411765
18 0.22265625 0.5588235294117647 0.06640625 0.5514705882352942
18 0.169921875 0.5735294117647058 0.064453125 0.5588235294117647
18 0.115234375 0.5882352941176471 0.064453125 0.5367647058823529
18 0.0625 0.6029411764705882 0.06640625 0.5294117647058824