18 0.880859375 0.6785714285714286 0.0546875 0.3357142857142857
18 0.94140625 0.7071428571428572 0.056640625 0.35
18 0.0625 0.3142857142857143 0.0390625 0.32857142857142857
18 0.119140625 0.3357142857142857 0.068359375 0.29285714285714287
18 0.1796875 0.35 0.046875 0.30714285714285716
18 0.224609375 0.37857142857142856 0.04296875 0.3
18 0.26953125 0.4 0.048828125 0.30714285714285716
18 0.318359375 0.42142857142857143 0.046875 0.30714285714285716
18 0.369140625 0.4357142857142857 0.046875 0.3142857142857143
18 0.41796875 0.4642857142857143 0.041015625 0.32142857142857145
18 0.46484375 0.4928571428571429 0.05859375 0.32857142857142857
18 0.533203125 0.5142857142857142 0.078125 0.29285714285714287
18 0.599609375 0.5428571428571428 0.0546875 0.32142857142857145
18 0.658203125 0.5785714285714286 0.048828125 0.32142857142857145
18 0.708984375 0.5928571428571429 0.0546875 0.32142857142857145
18 0.763671875 0.6214285714285714 0.048828125 0.3142857142857143
18 0.818359375 0.6428571428571429 0.060546875 0.32142857142857145