18 0.0859375 0.31896551724137934 0.068359375 0.33620689655172414
18 0.146484375 0.3448275862068966 0.0546875 0.3448275862068966
18 0.19921875 0.3793103448275862 0.060546875 0.31896551724137934
18 0.251953125 0.4051724137931034 0.05859375 0.3448275862068966
18 0.30859375 0.4224137931034483 0.0625 0.3448275862068966
18 0.361328125 0.4396551724137931 0.02734375 0.3275862068965517
18 0.416015625 0.46551724137931033 0.025390625 0.3103448275862069
18 0.470703125 0.5086206896551724 0.056640625 0.33620689655172414
18 0.529296875 0.5258620689655172 0.056640625 0.3103448275862069
18 0.58203125 0.5517241379310345 0.05859375 0.3103448275862069
18 0.63671875 0.5689655172413793 0.052734375 0.33620689655172414
18 0.69140625 0.603448275862069 0.0546875 0.3103448275862069
18 0.744140625 0.6206896551724138 0.056640625 0.3103448275862069
18 0.794921875 0.646551724137931 0.029296875 0.3103448275862069
18 0.849609375 0.6810344827586207 0.033203125 0.33620689655172414
18 0.90625 0.6982758620689655 0.05859375 0.3103448275862069
18 0.958984375 0.7327586206896551 0.056640625 0.3275862068965517