18 0.060546875 0.4523809523809524 0.060546875 0.5238095238095238
18 0.119140625 0.4523809523809524 0.052734375 0.5119047619047619
18 0.177734375 0.4523809523809524 0.056640625 0.5238095238095238
18 0.23046875 0.47619047619047616 0.048828125 0.5119047619047619
18 0.28125 0.47619047619047616 0.044921875 0.5238095238095238
18 0.333984375 0.4880952380952381 0.044921875 0.5
18 0.380859375 0.4880952380952381 0.048828125 0.5119047619047619
18 0.490234375 0.5 0.05078125 0.5238095238095238
18 0.4375 0.5 0.05859375 0.5119047619047619
18 0.6171875 0.5119047619047619 0.0546875 0.5238095238095238
18 0.548828125 0.5238095238095238 0.064453125 0.5238095238095238
18 0.673828125 0.5357142857142857 0.046875 0.5238095238095238
18 0.724609375 0.5357142857142857 0.044921875 0.5
18 0.7734375 0.5476190476190477 0.046875 0.5119047619047619
18 0.875 0.5476190476190477 0.05078125 0.4880952380952381
18 0.826171875 0.5476190476190477 0.05078125 0.5
18 0.92578125 0.5595238095238095 0.052734375 0.5119047619047619