18 0.0859375 0.2980769230769231 0.060546875 0.36538461538461536
18 0.146484375 0.33653846153846156 0.083984375 0.375
18 0.208984375 0.3557692307692308 0.056640625 0.36538461538461536
18 0.259765625 0.38461538461538464 0.048828125 0.33653846153846156
18 0.3125 0.4230769230769231 0.060546875 0.3557692307692308
18 0.36328125 0.4326923076923077 0.056640625 0.3557692307692308
18 0.40234375 0.47115384615384615 0.041015625 0.3942307692307692
18 0.45703125 0.49038461538461536 0.060546875 0.375
18 0.513671875 0.5192307692307693 0.0625 0.41346153846153844
18 0.578125 0.5576923076923077 0.07421875 0.3942307692307692
18 0.642578125 0.5865384615384616 0.060546875 0.36538461538461536
18 0.6953125 0.6057692307692307 0.052734375 0.375
18 0.7421875 0.6442307692307693 0.04296875 0.3942307692307692
18 0.7890625 0.6730769230769231 0.048828125 0.36538461538461536
18 0.833984375 0.6923076923076923 0.052734375 0.36538461538461536
18 0.884765625 0.7211538461538461 0.056640625 0.375
18 0.93359375 0.7307692307692307 0.0625 0.36538461538461536