18 0.865234375 0.373015873015873 0.060546875 0.4444444444444444
18 0.806640625 0.38095238095238093 0.064453125 0.4603174603174603
18 0.9296875 0.38095238095238093 0.068359375 0.5317460317460317
18 0.751953125 0.4365079365079365 0.056640625 0.5158730158730159
18 0.69140625 0.4444444444444444 0.046875 0.49206349206349204
18 0.642578125 0.4603174603174603 0.068359375 0.47619047619047616
18 0.583984375 0.49206349206349204 0.056640625 0.5079365079365079
18 0.52734375 0.5238095238095238 0.0625 0.5
18 0.37109375 0.5317460317460317 0.052734375 0.5317460317460317
18 0.470703125 0.5396825396825397 0.060546875 0.5317460317460317
18 0.41796875 0.5555555555555556 0.048828125 0.47619047619047616
18 0.265625 0.5634920634920635 0.060546875 0.4444444444444444
18 0.314453125 0.5714285714285714 0.064453125 0.46825396825396826
18 0.212890625 0.5952380952380952 0.0625 0.4603174603174603
18 0.158203125 0.5952380952380952 0.052734375 0.46825396825396826
18 0.111328125 0.626984126984127 0.052734375 0.42857142857142855
18 0.060546875 0.6349206349206349 0.0625 0.4365079365079365