18 0.935546875 0.4782608695652174 0.046875 0.6304347826086957
18 0.875 0.4891304347826087 0.046875 0.6304347826086957
18 0.701171875 0.5 0.046875 0.6413043478260869
18 0.814453125 0.5 0.046875 0.6630434782608695
18 0.7578125 0.5108695652173914 0.048828125 0.6304347826086957
18 0.5859375 0.5108695652173914 0.052734375 0.6413043478260869
18 0.642578125 0.5108695652173914 0.05078125 0.6413043478260869
18 0.53125 0.5217391304347826 0.05078125 0.6195652173913043
18 0.3671875 0.5217391304347826 0.029296875 0.6086956521739131
18 0.41796875 0.5217391304347826 0.05078125 0.6413043478260869
18 0.474609375 0.5217391304347826 0.046875 0.6304347826086957
18 0.048828125 0.5217391304347826 0.048828125 0.5869565217391305
18 0.20703125 0.532608695652174 0.046875 0.5978260869565217
18 0.154296875 0.532608695652174 0.046875 0.5978260869565217
18 0.259765625 0.532608695652174 0.044921875 0.6195652173913043
18 0.3125 0.532608695652174 0.05078125 0.6304347826086957
18 0.103515625 0.5434782608695652 0.046875 0.5978260869565217