18 0.884765625 0.4146341463414634 0.056640625 0.524390243902439
18 0.93359375 0.4146341463414634 0.06640625 0.524390243902439
18 0.837890625 0.43902439024390244 0.05859375 0.5609756097560976
18 0.7890625 0.45121951219512196 0.0546875 0.5487804878048781
18 0.74609375 0.4878048780487805 0.064453125 0.5487804878048781
18 0.640625 0.4878048780487805 0.07421875 0.573170731707317
18 0.693359375 0.4878048780487805 0.052734375 0.5365853658536586
18 0.455078125 0.524390243902439 0.05859375 0.5853658536585366
18 0.578125 0.5365853658536586 0.087890625 0.6097560975609756
18 0.3125 0.5487804878048781 0.05859375 0.5365853658536586
18 0.36328125 0.5487804878048781 0.05859375 0.5487804878048781
18 0.5078125 0.5609756097560976 0.0625 0.524390243902439
18 0.263671875 0.573170731707317 0.07421875 0.524390243902439
18 0.408203125 0.5853658536585366 0.048828125 0.5609756097560976
18 0.20703125 0.5853658536585366 0.068359375 0.5121951219512195
18 0.13671875 0.5975609756097561 0.091796875 0.524390243902439
18 0.0703125 0.6097560975609756 0.08203125 0.4878048780487805