18 0.33203125 0.34375 0.0625 0.15625
18 0.369140625 0.3715277777777778 0.056640625 0.1423611111111111
18 0.40234375 0.40625 0.080078125 0.15625
18 0.45703125 0.4548611111111111 0.07421875 0.1527777777777778
18 0.5234375 0.5104166666666666 0.091796875 0.17708333333333334
18 0.583984375 0.5694444444444444 0.076171875 0.16666666666666666
18 0.642578125 0.6180555555555556 0.0859375 0.17708333333333334
18 0.697265625 0.65625 0.0625 0.1597222222222222
18 0.740234375 0.6944444444444444 0.064453125 0.1597222222222222
18 0.796875 0.7465277777777778 0.072265625 0.1597222222222222
18 0.8671875 0.7881944444444444 0.07421875 0.1736111111111111
18 0.921875 0.84375 0.07421875 0.16666666666666666
18 0.076171875 0.1284722222222222 0.064453125 0.1527777777777778
18 0.130859375 0.1597222222222222 0.064453125 0.13541666666666666
18 0.185546875 0.2013888888888889 0.06640625 0.1423611111111111
18 0.2265625 0.25 0.0859375 0.1597222222222222
18 0.2734375 0.2986111111111111 0.07421875 0.1597222222222222