18 0.896484375 0.4268292682926829 0.056640625 0.47560975609756095
18 0.84375 0.43902439024390244 0.056640625 0.47560975609756095
18 0.79296875 0.43902439024390244 0.0546875 0.4878048780487805
18 0.7421875 0.45121951219512196 0.060546875 0.47560975609756095
18 0.6953125 0.4634146341463415 0.056640625 0.4878048780487805
18 0.640625 0.47560975609756095 0.0546875 0.4878048780487805
18 0.58984375 0.47560975609756095 0.064453125 0.47560975609756095
18 0.52734375 0.4878048780487805 0.07421875 0.47560975609756095
18 0.46484375 0.5 0.0546875 0.4878048780487805
18 0.412109375 0.5121951219512195 0.064453125 0.4878048780487805
18 0.3125 0.524390243902439 0.056640625 0.4878048780487805
18 0.359375 0.524390243902439 0.05078125 0.4878048780487805
18 0.20703125 0.524390243902439 0.06640625 0.4268292682926829
18 0.263671875 0.5365853658536586 0.0546875 0.47560975609756095
18 0.158203125 0.5487804878048781 0.05078125 0.47560975609756095
18 0.04296875 0.5609756097560976 0.076171875 0.47560975609756095
18 0.10546875 0.5609756097560976 0.068359375 0.47560975609756095