18 0.140625 0.4596774193548387 0.048828125 0.5725806451612904
18 0.296875 0.4596774193548387 0.0625 0.5241935483870968
18 0.193359375 0.4596774193548387 0.0625 0.5241935483870968
18 0.087890625 0.46774193548387094 0.0625 0.5967741935483871
18 0.24609375 0.47580645161290325 0.044921875 0.5403225806451613
18 0.40625 0.4838709677419355 0.068359375 0.5403225806451613
18 0.3515625 0.49193548387096775 0.05078125 0.5564516129032258
18 0.458984375 0.49193548387096775 0.04296875 0.5645161290322581
18 0.505859375 0.5 0.060546875 0.532258064516129
18 0.556640625 0.5080645161290323 0.048828125 0.5564516129032258
18 0.607421875 0.5080645161290323 0.05859375 0.532258064516129
18 0.708984375 0.5161290322580645 0.05859375 0.5161290322580645
18 0.658203125 0.5241935483870968 0.044921875 0.5403225806451613
18 0.810546875 0.532258064516129 0.064453125 0.532258064516129
18 0.7578125 0.532258064516129 0.052734375 0.5403225806451613
18 0.91015625 0.5403225806451613 0.060546875 0.532258064516129
18 0.861328125 0.5403225806451613 0.04296875 0.5403225806451613