18 0.083984375 0.3082191780821918 0.07421875 0.3904109589041096
18 0.138671875 0.3287671232876712 0.068359375 0.3493150684931507
18 0.193359375 0.3493150684931507 0.068359375 0.3493150684931507
18 0.2421875 0.3767123287671233 0.064453125 0.3493150684931507
18 0.291015625 0.410958904109589 0.068359375 0.363013698630137
18 0.341796875 0.4315068493150685 0.07421875 0.3767123287671233
18 0.3984375 0.4520547945205479 0.056640625 0.3493150684931507
18 0.447265625 0.4794520547945205 0.068359375 0.3767123287671233
18 0.5 0.5068493150684932 0.072265625 0.3767123287671233
18 0.552734375 0.5273972602739726 0.072265625 0.3767123287671233
18 0.60546875 0.547945205479452 0.068359375 0.3904109589041096
18 0.666015625 0.5684931506849316 0.048828125 0.3767123287671233
18 0.716796875 0.6027397260273972 0.064453125 0.363013698630137
18 0.7734375 0.6232876712328768 0.048828125 0.363013698630137
18 0.82421875 0.6506849315068494 0.060546875 0.3904109589041096
18 0.875 0.6712328767123288 0.068359375 0.3493150684931507
18 0.93359375 0.6986301369863014 0.064453125 0.3767123287671233