18 0.94140625 0.37209302325581395 0.05859375 0.47674418604651164
18 0.88671875 0.3953488372093023 0.05859375 0.5116279069767442
18 0.830078125 0.4069767441860465 0.05859375 0.5581395348837209
18 0.775390625 0.4186046511627907 0.0546875 0.5581395348837209
18 0.72265625 0.4418604651162791 0.064453125 0.5116279069767442
18 0.669921875 0.4418604651162791 0.056640625 0.5581395348837209
18 0.61328125 0.46511627906976744 0.05859375 0.4883720930232558
18 0.556640625 0.47674418604651164 0.0625 0.46511627906976744
18 0.494140625 0.5 0.056640625 0.47674418604651164
18 0.44140625 0.5116279069767442 0.060546875 0.47674418604651164
18 0.388671875 0.5232558139534884 0.052734375 0.5116279069767442
18 0.291015625 0.5232558139534884 0.046875 0.47674418604651164
18 0.337890625 0.5581395348837209 0.056640625 0.4883720930232558
18 0.2421875 0.5697674418604651 0.0625 0.5348837209302325
18 0.181640625 0.5930232558139535 0.056640625 0.5116279069767442
18 0.12890625 0.5930232558139535 0.0546875 0.5
18 0.064453125 0.6046511627906976 0.078125 0.5697674418604651