18 0.064453125 0.32727272727272727 0.064453125 0.35454545454545455
18 0.126953125 0.35454545454545455 0.087890625 0.36363636363636365
18 0.193359375 0.37272727272727274 0.060546875 0.34545454545454546
18 0.244140625 0.4 0.056640625 0.35454545454545455
18 0.30078125 0.42727272727272725 0.0625 0.36363636363636365
18 0.353515625 0.44545454545454544 0.05078125 0.34545454545454546
18 0.3984375 0.4727272727272727 0.037109375 0.36363636363636365
18 0.451171875 0.4909090909090909 0.06640625 0.37272727272727274
18 0.509765625 0.5181818181818182 0.05859375 0.36363636363636365
18 0.572265625 0.5272727272727272 0.076171875 0.38181818181818183
18 0.630859375 0.5545454545454546 0.052734375 0.34545454545454546
18 0.681640625 0.5909090909090909 0.0546875 0.35454545454545455
18 0.732421875 0.6 0.05078125 0.35454545454545455
18 0.78125 0.6272727272727273 0.0546875 0.35454545454545455
18 0.83203125 0.6454545454545455 0.05078125 0.34545454545454546
18 0.8828125 0.6636363636363637 0.05078125 0.35454545454545455
18 0.93359375 0.6818181818181818 0.05859375 0.37272727272727274