18 0.66796875 0.5648148148148148 0.046875 0.4074074074074074
18 0.720703125 0.5833333333333334 0.05078125 0.39814814814814814
18 0.76953125 0.6111111111111112 0.052734375 0.3888888888888889
18 0.82421875 0.6203703703703703 0.037109375 0.4166666666666667
18 0.873046875 0.6481481481481481 0.052734375 0.39814814814814814
18 0.923828125 0.6666666666666666 0.052734375 0.39814814814814814
18 0.060546875 0.2962962962962963 0.0625 0.4074074074074074
18 0.119140625 0.32407407407407407 0.052734375 0.3888888888888889
18 0.173828125 0.3425925925925926 0.060546875 0.4074074074074074
18 0.224609375 0.37037037037037035 0.048828125 0.3888888888888889
18 0.275390625 0.3888888888888889 0.046875 0.3888888888888889
18 0.326171875 0.4166666666666667 0.046875 0.37962962962962965
18 0.373046875 0.4351851851851852 0.048828125 0.39814814814814814
18 0.43359375 0.4537037037037037 0.0546875 0.39814814814814814
18 0.486328125 0.48148148148148145 0.044921875 0.4166666666666667
18 0.548828125 0.5092592592592593 0.064453125 0.4074074074074074
18 0.61328125 0.5370370370370371 0.05859375 0.39814814814814814