18 0.056640625 0.4625 0.05078125 0.5875
18 0.107421875 0.475 0.0625 0.575
18 0.22265625 0.475 0.0546875 0.5875
18 0.166015625 0.4875 0.056640625 0.6
18 0.28125 0.5 0.05078125 0.5625
18 0.3359375 0.5125 0.05859375 0.575
18 0.384765625 0.5125 0.03125 0.5625
18 0.435546875 0.525 0.0546875 0.5625
18 0.490234375 0.525 0.0546875 0.5375
18 0.5546875 0.525 0.0703125 0.5375
18 0.619140625 0.525 0.05078125 0.5375
18 0.673828125 0.55 0.05859375 0.5375
18 0.73046875 0.55 0.05078125 0.5125
18 0.833984375 0.5625 0.048828125 0.5375
18 0.78515625 0.5625 0.056640625 0.5625
18 0.939453125 0.5625 0.060546875 0.525
18 0.8828125 0.575 0.05078125 0.525