18 0.57421875 0.5688073394495413 0.08203125 0.2706422018348624
18 0.634765625 0.6100917431192661 0.06640625 0.24770642201834864
18 0.685546875 0.6559633027522935 0.072265625 0.24311926605504589
18 0.73828125 0.6834862385321101 0.0625 0.23394495412844038
18 0.796875 0.7155963302752294 0.064453125 0.24770642201834864
18 0.845703125 0.7614678899082569 0.06640625 0.22935779816513763
18 0.89453125 0.7889908256880734 0.041015625 0.22477064220183487
18 0.9375 0.8119266055045872 0.05859375 0.23394495412844038
18 0.091796875 0.22935779816513763 0.052734375 0.25229357798165136
18 0.150390625 0.25688073394495414 0.064453125 0.24311926605504589
18 0.208984375 0.2981651376146789 0.0625 0.24311926605504589
18 0.2578125 0.3440366972477064 0.0703125 0.24311926605504589
18 0.310546875 0.3853211009174312 0.064453125 0.25229357798165136
18 0.3671875 0.42201834862385323 0.072265625 0.24311926605504589
18 0.416015625 0.45871559633027525 0.048828125 0.23394495412844038
18 0.4609375 0.48623853211009177 0.064453125 0.23394495412844038
18 0.513671875 0.5229357798165137 0.060546875 0.22935779816513763