18 0.0625 0.47619047619047616 0.06640625 0.4642857142857143
18 0.32421875 0.47619047619047616 0.05078125 0.42857142857142855
18 0.462890625 0.47619047619047616 0.05078125 0.42857142857142855
18 0.134765625 0.47619047619047616 0.08984375 0.42857142857142855
18 0.20703125 0.47619047619047616 0.0546875 0.42857142857142855
18 0.375 0.4880952380952381 0.046875 0.4642857142857143
18 0.7421875 0.4880952380952381 0.048828125 0.44047619047619047
18 0.7890625 0.4880952380952381 0.046875 0.44047619047619047
18 0.267578125 0.4880952380952381 0.0625 0.4523809523809524
18 0.517578125 0.4880952380952381 0.0625 0.4523809523809524
18 0.41796875 0.5 0.037109375 0.44047619047619047
18 0.5859375 0.5 0.0703125 0.4642857142857143
18 0.642578125 0.5 0.048828125 0.4642857142857143
18 0.693359375 0.5 0.046875 0.44047619047619047
18 0.931640625 0.5 0.048828125 0.44047619047619047
18 0.8359375 0.5 0.046875 0.4523809523809524
18 0.884765625 0.5119047619047619 0.048828125 0.44047619047619047