18 0.93359375 0.3188405797101449 0.0546875 0.32608695652173914
18 0.8828125 0.3333333333333333 0.0546875 0.3115942028985507
18 0.8359375 0.35507246376811596 0.0546875 0.2971014492753623
18 0.78125 0.38405797101449274 0.05078125 0.3188405797101449
18 0.728515625 0.41304347826086957 0.052734375 0.3333333333333333
18 0.677734375 0.4420289855072464 0.0625 0.3333333333333333
18 0.62109375 0.463768115942029 0.056640625 0.32608695652173914
18 0.560546875 0.5 0.07421875 0.32608695652173914
18 0.5 0.5144927536231884 0.0546875 0.3188405797101449
18 0.4453125 0.5434782608695652 0.056640625 0.32608695652173914
18 0.400390625 0.5652173913043478 0.044921875 0.32608695652173914
18 0.353515625 0.5942028985507246 0.060546875 0.3333333333333333
18 0.296875 0.6231884057971014 0.05859375 0.32608695652173914
18 0.2421875 0.6521739130434783 0.05859375 0.3333333333333333
18 0.181640625 0.6666666666666666 0.0546875 0.3333333333333333
18 0.125 0.6884057971014492 0.060546875 0.34057971014492755
18 0.080078125 0.7246376811594203 0.0546875 0.3333333333333333