18 0.921875 0.4642857142857143 0.0546875 0.5952380952380952
18 0.2734375 0.47619047619047616 0.048828125 0.5119047619047619
18 0.484375 0.47619047619047616 0.052734375 0.5595238095238095
18 0.2265625 0.47619047619047616 0.056640625 0.5238095238095238
18 0.376953125 0.47619047619047616 0.046875 0.5238095238095238
18 0.64453125 0.47619047619047616 0.05078125 0.5476190476190477
18 0.80859375 0.47619047619047616 0.052734375 0.5714285714285714
18 0.17578125 0.47619047619047616 0.05078125 0.5238095238095238
18 0.328125 0.4880952380952381 0.052734375 0.5595238095238095
18 0.427734375 0.4880952380952381 0.044921875 0.5595238095238095
18 0.537109375 0.4880952380952381 0.056640625 0.5833333333333334
18 0.587890625 0.4880952380952381 0.05078125 0.5833333333333334
18 0.69921875 0.4880952380952381 0.052734375 0.5357142857142857
18 0.072265625 0.4880952380952381 0.0546875 0.5119047619047619
18 0.75390625 0.4880952380952381 0.052734375 0.5595238095238095
18 0.865234375 0.4880952380952381 0.052734375 0.5357142857142857
18 0.123046875 0.4880952380952381 0.05078125 0.5119047619047619