18 0.060546875 0.3611111111111111 0.048828125 0.4722222222222222
18 0.130859375 0.3888888888888889 0.07421875 0.4722222222222222
18 0.1953125 0.4305555555555556 0.041015625 0.4305555555555556
18 0.25 0.4444444444444444 0.05078125 0.4583333333333333
18 0.41015625 0.4444444444444444 0.048828125 0.4861111111111111
18 0.30859375 0.4583333333333333 0.044921875 0.4444444444444444
18 0.357421875 0.4722222222222222 0.041015625 0.4444444444444444
18 0.46484375 0.5 0.046875 0.4722222222222222
18 0.515625 0.5138888888888888 0.0390625 0.4722222222222222
18 0.5703125 0.5277777777777778 0.048828125 0.4583333333333333
18 0.625 0.5416666666666666 0.041015625 0.4861111111111111
18 0.6796875 0.5555555555555556 0.033203125 0.4444444444444444
18 0.734375 0.5694444444444444 0.041015625 0.4305555555555556
18 0.7890625 0.5694444444444444 0.02734375 0.4861111111111111
18 0.841796875 0.5972222222222222 0.046875 0.5138888888888888
18 0.953125 0.5972222222222222 0.033203125 0.4722222222222222
18 0.900390625 0.5972222222222222 0.048828125 0.4722222222222222