18 0.056640625 0.425531914893617 0.048828125 0.5319148936170213
18 0.111328125 0.43617021276595747 0.064453125 0.5212765957446809
18 0.171875 0.44680851063829785 0.0625 0.5319148936170213
18 0.234375 0.4574468085106383 0.05859375 0.5106382978723404
18 0.296875 0.4787234042553192 0.056640625 0.5319148936170213
18 0.35546875 0.4787234042553192 0.064453125 0.5
18 0.41015625 0.48936170212765956 0.037109375 0.5
18 0.458984375 0.48936170212765956 0.0546875 0.5106382978723404
18 0.580078125 0.5106382978723404 0.068359375 0.5106382978723404
18 0.515625 0.5106382978723404 0.0546875 0.5106382978723404
18 0.646484375 0.5212765957446809 0.0546875 0.48936170212765956
18 0.693359375 0.5212765957446809 0.037109375 0.4787234042553192
18 0.7421875 0.5425531914893617 0.052734375 0.48936170212765956
18 0.794921875 0.5425531914893617 0.05078125 0.4787234042553192
18 0.849609375 0.5531914893617021 0.052734375 0.48936170212765956
18 0.90234375 0.5638297872340425 0.0546875 0.48936170212765956
18 0.947265625 0.574468085106383 0.041015625 0.4787234042553192