18 0.943359375 0.4 0.052734375 0.5461538461538461
18 0.8515625 0.4076923076923077 0.04296875 0.5384615384615384
18 0.8984375 0.4153846153846154 0.048828125 0.5384615384615384
18 0.80859375 0.4230769230769231 0.05078125 0.5384615384615384
18 0.76171875 0.43846153846153846 0.05078125 0.5307692307692308
18 0.716796875 0.4461538461538462 0.041015625 0.5230769230769231
18 0.666015625 0.4461538461538462 0.0703125 0.5153846153846153
18 0.5859375 0.47692307692307695 0.087890625 0.5307692307692308
18 0.5234375 0.5 0.048828125 0.5384615384615384
18 0.46875 0.5076923076923077 0.07421875 0.5230769230769231
18 0.408203125 0.5307692307692308 0.046875 0.5538461538461539
18 0.361328125 0.5384615384615384 0.05078125 0.5769230769230769
18 0.306640625 0.5538461538461539 0.0546875 0.5384615384615384
18 0.25390625 0.5769230769230769 0.05859375 0.5384615384615384
18 0.197265625 0.5769230769230769 0.078125 0.5153846153846153
18 0.1328125 0.6076923076923076 0.068359375 0.5230769230769231
18 0.0625 0.6230769230769231 0.08203125 0.5153846153846153