18 0.087890625 0.47368421052631576 0.056640625 0.5877192982456141
18 0.2421875 0.47368421052631576 0.056640625 0.5964912280701754
18 0.34765625 0.4824561403508772 0.0546875 0.5964912280701754
18 0.296875 0.49122807017543857 0.0546875 0.631578947368421
18 0.13671875 0.49122807017543857 0.0546875 0.6052631578947368
18 0.19140625 0.49122807017543857 0.05859375 0.6052631578947368
18 0.3984375 0.49122807017543857 0.052734375 0.5789473684210527
18 0.44921875 0.5 0.0546875 0.6052631578947368
18 0.5 0.5 0.052734375 0.6052631578947368
18 0.859375 0.5 0.048828125 0.6052631578947368
18 0.552734375 0.5 0.052734375 0.6140350877192983
18 0.654296875 0.5 0.048828125 0.6140350877192983
18 0.705078125 0.5 0.052734375 0.5964912280701754
18 0.755859375 0.5 0.052734375 0.5964912280701754
18 0.603515625 0.5087719298245614 0.052734375 0.5877192982456141
18 0.91015625 0.5087719298245614 0.0546875 0.6052631578947368
18 0.80859375 0.5175438596491229 0.048828125 0.6140350877192983