18 0.9375 0.2830188679245283 0.060546875 0.36792452830188677
18 0.884765625 0.3018867924528302 0.0546875 0.39622641509433965
18 0.83203125 0.32075471698113206 0.05859375 0.3867924528301887
18 0.775390625 0.3490566037735849 0.05859375 0.3867924528301887
18 0.720703125 0.37735849056603776 0.0546875 0.39622641509433965
18 0.666015625 0.4056603773584906 0.060546875 0.4056603773584906
18 0.611328125 0.42452830188679247 0.056640625 0.39622641509433965
18 0.552734375 0.4716981132075472 0.0703125 0.4056603773584906
18 0.48828125 0.5377358490566038 0.064453125 0.4056603773584906
18 0.43359375 0.5471698113207547 0.056640625 0.39622641509433965
18 0.3828125 0.5849056603773585 0.05078125 0.42452830188679247
18 0.333984375 0.5849056603773585 0.056640625 0.4056603773584906
18 0.28515625 0.6132075471698113 0.04296875 0.4056603773584906
18 0.236328125 0.6509433962264151 0.05859375 0.4056603773584906
18 0.181640625 0.660377358490566 0.046875 0.39622641509433965
18 0.126953125 0.6698113207547169 0.064453125 0.4056603773584906
18 0.06640625 0.6981132075471698 0.060546875 0.39622641509433965