18 0.3671875 0.3816793893129771 0.05859375 0.14122137404580154
18 0.416015625 0.4198473282442748 0.0625 0.1450381679389313
18 0.46875 0.4618320610687023 0.068359375 0.14885496183206107
18 0.529296875 0.5114503816793893 0.078125 0.16030534351145037
18 0.59375 0.5725190839694656 0.056640625 0.14885496183206107
18 0.642578125 0.6221374045801527 0.052734375 0.12595419847328243
18 0.6953125 0.6679389312977099 0.06640625 0.12595419847328243
18 0.751953125 0.7213740458015268 0.056640625 0.13358778625954199
18 0.80859375 0.7709923664122137 0.0625 0.14122137404580154
18 0.87109375 0.8282442748091603 0.06640625 0.13740458015267176
18 0.931640625 0.8778625954198473 0.060546875 0.15648854961832062
18 0.07421875 0.1183206106870229 0.060546875 0.13358778625954199
18 0.134765625 0.15648854961832062 0.06640625 0.13740458015267176
18 0.185546875 0.21374045801526717 0.04296875 0.12595419847328243
18 0.228515625 0.25190839694656486 0.0546875 0.1450381679389313
18 0.2734375 0.2900763358778626 0.0546875 0.14122137404580154
18 0.322265625 0.3320610687022901 0.0546875 0.14122137404580154