18 0.076171875 0.3115942028985507 0.052734375 0.39855072463768115
18 0.12890625 0.34057971014492755 0.046875 0.3695652173913043
18 0.177734375 0.36231884057971014 0.044921875 0.3695652173913043
18 0.23046875 0.38405797101449274 0.0546875 0.39855072463768115
18 0.28125 0.41304347826086957 0.052734375 0.42028985507246375
18 0.3359375 0.42028985507246375 0.046875 0.39855072463768115
18 0.390625 0.4492753623188406 0.03125 0.391304347826087
18 0.44140625 0.463768115942029 0.0546875 0.37681159420289856
18 0.490234375 0.4855072463768116 0.052734375 0.37681159420289856
18 0.546875 0.5144927536231884 0.0625 0.391304347826087
18 0.59765625 0.5362318840579711 0.0546875 0.391304347826087
18 0.654296875 0.5579710144927537 0.0546875 0.391304347826087
18 0.708984375 0.5869565217391305 0.048828125 0.391304347826087
18 0.765625 0.6014492753623188 0.052734375 0.39855072463768115
18 0.82421875 0.6231884057971014 0.03125 0.391304347826087
18 0.876953125 0.644927536231884 0.048828125 0.4057971014492754
18 0.93359375 0.6521739130434783 0.056640625 0.4057971014492754