18 0.123046875 0.4 0.068359375 0.5272727272727272
18 0.0703125 0.4 0.072265625 0.5363636363636364
18 0.173828125 0.41818181818181815 0.0703125 0.5272727272727272
18 0.22265625 0.42727272727272725 0.064453125 0.5363636363636364
18 0.2734375 0.44545454545454544 0.060546875 0.5454545454545454
18 0.32421875 0.45454545454545453 0.06640625 0.5363636363636364
18 0.376953125 0.4636363636363636 0.06640625 0.5454545454545454
18 0.431640625 0.4727272727272727 0.064453125 0.5818181818181818
18 0.48046875 0.4727272727272727 0.0625 0.5454545454545454
18 0.583984375 0.4727272727272727 0.048828125 0.5454545454545454
18 0.642578125 0.4909090909090909 0.064453125 0.5545454545454546
18 0.53515625 0.4909090909090909 0.064453125 0.5454545454545454
18 0.74609375 0.509090909090909 0.056640625 0.5818181818181818
18 0.697265625 0.509090909090909 0.060546875 0.5545454545454546
18 0.806640625 0.5454545454545454 0.0625 0.5363636363636364
18 0.8671875 0.5454545454545454 0.056640625 0.5545454545454546
18 0.923828125 0.5545454545454546 0.06640625 0.5636363636363636