18 0.12890625 0.41346153846153844 0.0703125 0.5673076923076923
18 0.080078125 0.4230769230769231 0.06640625 0.5673076923076923
18 0.18359375 0.4326923076923077 0.06640625 0.5769230769230769
18 0.283203125 0.4326923076923077 0.064453125 0.5673076923076923
18 0.234375 0.4326923076923077 0.0703125 0.5673076923076923
18 0.337890625 0.4423076923076923 0.06640625 0.5769230769230769
18 0.48828125 0.4519230769230769 0.064453125 0.5384615384615384
18 0.38671875 0.46153846153846156 0.0625 0.5673076923076923
18 0.44140625 0.46153846153846156 0.05859375 0.5673076923076923
18 0.541015625 0.47115384615384615 0.064453125 0.5673076923076923
18 0.59765625 0.4807692307692308 0.0625 0.5480769230769231
18 0.650390625 0.49038461538461536 0.05859375 0.5673076923076923
18 0.703125 0.49038461538461536 0.05859375 0.5673076923076923
18 0.7578125 0.49038461538461536 0.0625 0.5673076923076923
18 0.814453125 0.5096153846153846 0.0546875 0.5673076923076923
18 0.86328125 0.5192307692307693 0.0546875 0.5769230769230769
18 0.921875 0.5288461538461539 0.064453125 0.5769230769230769