18 0.734375 0.6492537313432836 0.052734375 0.291044776119403
18 0.783203125 0.6865671641791045 0.056640625 0.2835820895522388
18 0.83203125 0.7238805970149254 0.04296875 0.2835820895522388
18 0.880859375 0.7611940298507462 0.060546875 0.2835820895522388
18 0.931640625 0.7761194029850746 0.05859375 0.291044776119403
18 0.078125 0.23880597014925373 0.07421875 0.29850746268656714
18 0.142578125 0.26119402985074625 0.05859375 0.26865671641791045
18 0.1953125 0.30597014925373134 0.04296875 0.26119402985074625
18 0.244140625 0.3358208955223881 0.052734375 0.2835820895522388
18 0.294921875 0.3656716417910448 0.05078125 0.2835820895522388
18 0.34765625 0.39552238805970147 0.060546875 0.26119402985074625
18 0.40625 0.44029850746268656 0.0625 0.26119402985074625
18 0.455078125 0.4701492537313433 0.05078125 0.26119402985074625
18 0.505859375 0.5074626865671642 0.052734375 0.2537313432835821
18 0.5703125 0.5597014925373134 0.078125 0.30597014925373134
18 0.634765625 0.6044776119402985 0.056640625 0.29850746268656714
18 0.685546875 0.6268656716417911 0.05078125 0.27611940298507465