18 0.94140625 0.39655172413793105 0.064453125 0.603448275862069
18 0.830078125 0.41379310344827586 0.048828125 0.5689655172413793
18 0.88671875 0.43103448275862066 0.046875 0.5689655172413793
18 0.779296875 0.4482758620689655 0.05078125 0.4827586206896552
18 0.7265625 0.4482758620689655 0.05078125 0.5344827586206896
18 0.673828125 0.4827586206896552 0.046875 0.5344827586206896
18 0.625 0.4827586206896552 0.05078125 0.5344827586206896
18 0.29296875 0.5 0.056640625 0.6206896551724138
18 0.3515625 0.5 0.048828125 0.5689655172413793
18 0.125 0.5172413793103449 0.07421875 0.5689655172413793
18 0.3984375 0.5172413793103449 0.052734375 0.5344827586206896
18 0.451171875 0.5172413793103449 0.046875 0.5344827586206896
18 0.5078125 0.5172413793103449 0.046875 0.5172413793103449
18 0.564453125 0.5172413793103449 0.064453125 0.5172413793103449
18 0.060546875 0.5344827586206896 0.052734375 0.5517241379310345
18 0.18359375 0.5344827586206896 0.046875 0.603448275862069
18 0.24609375 0.5689655172413793 0.04296875 0.5517241379310345