18 0.048828125 0.29 0.046875 0.37
18 0.103515625 0.32 0.05078125 0.37
18 0.16015625 0.34 0.046875 0.35
18 0.216796875 0.35 0.044921875 0.4
18 0.271484375 0.38 0.046875 0.36
18 0.322265625 0.42 0.048828125 0.37
18 0.375 0.42 0.052734375 0.38
18 0.4296875 0.46 0.046875 0.37
18 0.484375 0.46 0.046875 0.37
18 0.537109375 0.51 0.048828125 0.37
18 0.59765625 0.53 0.048828125 0.37
18 0.6484375 0.56 0.044921875 0.37
18 0.70703125 0.6 0.046875 0.37
18 0.76171875 0.62 0.048828125 0.35
18 0.818359375 0.63 0.052734375 0.39
18 0.873046875 0.68 0.046875 0.37
18 0.92578125 0.69 0.037109375 0.42