18 0.9609375 0.4642857142857143 0.0546875 0.6428571428571429
18 0.900390625 0.48214285714285715 0.060546875 0.6428571428571429
18 0.845703125 0.48214285714285715 0.05078125 0.5892857142857143
18 0.556640625 0.5 0.05859375 0.5535714285714286
18 0.787109375 0.5178571428571429 0.056640625 0.6428571428571429
18 0.673828125 0.5178571428571429 0.05078125 0.5714285714285714
18 0.50390625 0.5178571428571429 0.048828125 0.5357142857142857
18 0.6171875 0.5178571428571429 0.060546875 0.5714285714285714
18 0.728515625 0.5178571428571429 0.0546875 0.5892857142857143
18 0.451171875 0.5357142857142857 0.05078125 0.5535714285714286
18 0.39453125 0.5535714285714286 0.05859375 0.5357142857142857
18 0.34375 0.5714285714285714 0.041015625 0.5714285714285714
18 0.291015625 0.5714285714285714 0.064453125 0.5357142857142857
18 0.11328125 0.5714285714285714 0.07421875 0.5892857142857143
18 0.17578125 0.5714285714285714 0.046875 0.5714285714285714
18 0.228515625 0.5892857142857143 0.056640625 0.5535714285714286
18 0.05078125 0.5892857142857143 0.05078125 0.5714285714285714