18 0.541015625 0.5040983606557377 0.09765625 0.29098360655737704
18 0.599609375 0.5409836065573771 0.09375 0.3155737704918033
18 0.658203125 0.5860655737704918 0.09765625 0.30327868852459017
18 0.705078125 0.6229508196721312 0.078125 0.30327868852459017
18 0.751953125 0.6557377049180327 0.09765625 0.3155737704918033
18 0.80859375 0.6844262295081968 0.09375 0.29508196721311475
18 0.869140625 0.7131147540983607 0.083984375 0.3155737704918033
18 0.92578125 0.7540983606557377 0.09765625 0.32786885245901637
18 0.06640625 0.20491803278688525 0.08203125 0.3524590163934426
18 0.119140625 0.23770491803278687 0.072265625 0.3442622950819672
18 0.1796875 0.26229508196721313 0.078125 0.3237704918032787
18 0.2265625 0.30327868852459017 0.095703125 0.3114754098360656
18 0.27734375 0.3360655737704918 0.103515625 0.2827868852459016
18 0.3359375 0.36885245901639346 0.09375 0.3073770491803279
18 0.388671875 0.4139344262295082 0.083984375 0.3114754098360656
18 0.435546875 0.430327868852459 0.078125 0.29098360655737704
18 0.4765625 0.4713114754098361 0.09765625 0.3073770491803279