18 0.91796875 0.75 0.04296875 0.3125
18 0.087890625 0.4270833333333333 0.044921875 0.34375
18 0.14453125 0.4479166666666667 0.0546875 0.3125
18 0.197265625 0.4791666666666667 0.04296875 0.3125
18 0.25 0.5 0.044921875 0.3645833333333333
18 0.310546875 0.5104166666666666 0.048828125 0.34375
18 0.361328125 0.5416666666666666 0.044921875 0.34375
18 0.412109375 0.5625 0.04296875 0.3020833333333333
18 0.466796875 0.5833333333333334 0.041015625 0.3229166666666667
18 0.51953125 0.6041666666666666 0.044921875 0.34375
18 0.615234375 0.6458333333333334 0.044921875 0.3541666666666667
18 0.56640625 0.6458333333333334 0.044921875 0.3125
18 0.671875 0.6666666666666666 0.04296875 0.3333333333333333
18 0.72265625 0.6979166666666666 0.04296875 0.3333333333333333
18 0.771484375 0.7083333333333334 0.04296875 0.3229166666666667
18 0.8203125 0.71875 0.048828125 0.3229166666666667
18 0.875 0.7395833333333334 0.025390625 0.3125