18 0.74609375 0.41964285714285715 0.05859375 0.5267857142857143
18 0.859375 0.41964285714285715 0.060546875 0.5089285714285714
18 0.916015625 0.41964285714285715 0.05078125 0.5089285714285714
18 0.8046875 0.42857142857142855 0.046875 0.5267857142857143
18 0.69140625 0.45535714285714285 0.0546875 0.5
18 0.634765625 0.4732142857142857 0.046875 0.5267857142857143
18 0.58203125 0.48214285714285715 0.052734375 0.5178571428571429
18 0.52734375 0.49107142857142855 0.060546875 0.5089285714285714
18 0.470703125 0.5 0.046875 0.5089285714285714
18 0.365234375 0.5089285714285714 0.048828125 0.48214285714285715
18 0.41796875 0.5089285714285714 0.05859375 0.5089285714285714
18 0.310546875 0.5446428571428571 0.048828125 0.5
18 0.26171875 0.5535714285714286 0.044921875 0.5
18 0.15625 0.5625 0.052734375 0.48214285714285715
18 0.2109375 0.5625 0.05078125 0.5089285714285714
18 0.10546875 0.5714285714285714 0.04296875 0.4732142857142857
18 0.048828125 0.5803571428571429 0.056640625 0.48214285714285715