18 0.115234375 0.4090909090909091 0.044921875 0.5113636363636364
18 0.16015625 0.4090909090909091 0.052734375 0.48863636363636365
18 0.2109375 0.4318181818181818 0.0546875 0.4772727272727273
18 0.26171875 0.4431818181818182 0.05078125 0.4772727272727273
18 0.314453125 0.4659090909090909 0.048828125 0.48863636363636365
18 0.369140625 0.48863636363636365 0.056640625 0.5
18 0.4140625 0.48863636363636365 0.03125 0.48863636363636365
18 0.4609375 0.5 0.048828125 0.48863636363636365
18 0.513671875 0.5113636363636364 0.060546875 0.5113636363636364
18 0.576171875 0.5340909090909091 0.06640625 0.5
18 0.638671875 0.5454545454545454 0.0546875 0.5113636363636364
18 0.689453125 0.5454545454545454 0.05078125 0.5113636363636364
18 0.744140625 0.5795454545454546 0.05078125 0.4659090909090909
18 0.798828125 0.5795454545454546 0.052734375 0.5
18 0.849609375 0.6022727272727273 0.0390625 0.5113636363636364
18 0.896484375 0.6136363636363636 0.060546875 0.5113636363636364
18 0.95703125 0.625 0.0546875 0.5227272727272727