18 0.9296875 0.3424657534246575 0.04296875 0.3356164383561644
18 0.875 0.3698630136986301 0.04296875 0.3287671232876712
18 0.818359375 0.3904109589041096 0.052734375 0.3287671232876712
18 0.763671875 0.410958904109589 0.05078125 0.3287671232876712
18 0.708984375 0.4383561643835616 0.046875 0.3287671232876712
18 0.65625 0.4589041095890411 0.046875 0.3356164383561644
18 0.607421875 0.4794520547945205 0.04296875 0.3356164383561644
18 0.560546875 0.5 0.048828125 0.3424657534246575
18 0.505859375 0.5205479452054794 0.048828125 0.3356164383561644
18 0.453125 0.5342465753424658 0.048828125 0.3561643835616438
18 0.40234375 0.5616438356164384 0.041015625 0.3287671232876712
18 0.353515625 0.5958904109589042 0.052734375 0.3356164383561644
18 0.298828125 0.6027397260273972 0.05078125 0.3356164383561644
18 0.25 0.6232876712328768 0.048828125 0.3424657534246575
18 0.197265625 0.6506849315068494 0.05078125 0.3287671232876712
18 0.130859375 0.6643835616438356 0.068359375 0.3424657534246575
18 0.0625 0.678082191780822 0.05078125 0.2945205479452055