18 0.240234375 0.29365079365079366 0.05859375 0.1388888888888889
18 0.291015625 0.3333333333333333 0.056640625 0.1388888888888889
18 0.341796875 0.376984126984127 0.0546875 0.1388888888888889
18 0.396484375 0.4166666666666667 0.05078125 0.12698412698412698
18 0.4453125 0.45634920634920634 0.056640625 0.1388888888888889
18 0.49609375 0.503968253968254 0.0625 0.1388888888888889
18 0.556640625 0.5515873015873016 0.078125 0.15079365079365079
18 0.619140625 0.6031746031746031 0.056640625 0.14285714285714285
18 0.669921875 0.6428571428571429 0.046875 0.12698412698412698
18 0.716796875 0.6825396825396826 0.052734375 0.1349206349206349
18 0.771484375 0.7182539682539683 0.052734375 0.1388888888888889
18 0.822265625 0.7579365079365079 0.05078125 0.12301587301587301
18 0.873046875 0.8055555555555556 0.046875 0.12698412698412698
18 0.92578125 0.8452380952380952 0.05078125 0.11507936507936507
18 0.0625 0.14682539682539683 0.05859375 0.1388888888888889
18 0.130859375 0.19444444444444445 0.07421875 0.15873015873015872
18 0.19140625 0.25 0.046875 0.12301587301587301