18 0.140625 0.40789473684210525 0.080078125 0.3684210526315789
18 0.076171875 0.42105263157894735 0.06640625 0.39473684210526316
18 0.208984375 0.4342105263157895 0.05859375 0.39473684210526316
18 0.26171875 0.4342105263157895 0.05078125 0.35526315789473684
18 0.31640625 0.4605263157894737 0.064453125 0.35526315789473684
18 0.3671875 0.4605263157894737 0.048828125 0.35526315789473684
18 0.412109375 0.47368421052631576 0.041015625 0.35526315789473684
18 0.462890625 0.47368421052631576 0.06640625 0.35526315789473684
18 0.5234375 0.5 0.060546875 0.3815789473684211
18 0.650390625 0.5131578947368421 0.05859375 0.3684210526315789
18 0.587890625 0.5131578947368421 0.076171875 0.3815789473684211
18 0.75 0.5263157894736842 0.0390625 0.3815789473684211
18 0.705078125 0.5263157894736842 0.046875 0.3684210526315789
18 0.794921875 0.5526315789473685 0.04296875 0.35526315789473684
18 0.841796875 0.5526315789473685 0.048828125 0.34210526315789475
18 0.9375 0.5526315789473685 0.048828125 0.34210526315789475
18 0.890625 0.5657894736842105 0.044921875 0.32894736842105265