18 0.880859375 0.45555555555555555 0.0546875 0.6333333333333333
18 0.560546875 0.4666666666666667 0.060546875 0.6333333333333333
18 0.93359375 0.4666666666666667 0.0546875 0.6333333333333333
18 0.455078125 0.4666666666666667 0.056640625 0.6333333333333333
18 0.5078125 0.4777777777777778 0.05859375 0.6444444444444445
18 0.72265625 0.4777777777777778 0.068359375 0.6666666666666666
18 0.775390625 0.4777777777777778 0.060546875 0.6666666666666666
18 0.6171875 0.4777777777777778 0.056640625 0.6555555555555556
18 0.66796875 0.4777777777777778 0.052734375 0.6555555555555556
18 0.240234375 0.4888888888888889 0.060546875 0.6444444444444445
18 0.82421875 0.4888888888888889 0.052734375 0.6333333333333333
18 0.349609375 0.4888888888888889 0.060546875 0.6666666666666666
18 0.40234375 0.4888888888888889 0.056640625 0.6666666666666666
18 0.078125 0.5 0.068359375 0.6555555555555556
18 0.294921875 0.5 0.052734375 0.6666666666666666
18 0.1328125 0.5 0.0546875 0.6888888888888889
18 0.185546875 0.5111111111111111 0.056640625 0.6555555555555556