18 0.939453125 0.4649122807017544 0.05859375 0.6578947368421053
18 0.82421875 0.47368421052631576 0.044921875 0.6403508771929824
18 0.880859375 0.47368421052631576 0.052734375 0.6754385964912281
18 0.76953125 0.49122807017543857 0.048828125 0.6578947368421053
18 0.658203125 0.49122807017543857 0.048828125 0.6491228070175439
18 0.712890625 0.5 0.05078125 0.6578947368421053
18 0.6015625 0.5087719298245614 0.056640625 0.6403508771929824
18 0.544921875 0.5087719298245614 0.0546875 0.6578947368421053
18 0.43359375 0.5175438596491229 0.05078125 0.6578947368421053
18 0.48828125 0.5175438596491229 0.0546875 0.6578947368421053
18 0.388671875 0.5263157894736842 0.033203125 0.6578947368421053
18 0.34375 0.5350877192982456 0.052734375 0.6666666666666666
18 0.23046875 0.543859649122807 0.05078125 0.6578947368421053
18 0.17578125 0.543859649122807 0.052734375 0.6578947368421053
18 0.287109375 0.5526315789473685 0.05078125 0.6754385964912281
18 0.064453125 0.5526315789473685 0.0546875 0.6578947368421053
18 0.119140625 0.5701754385964912 0.048828125 0.6491228070175439