18 0.1171875 0.42857142857142855 0.052734375 0.5
18 0.060546875 0.44047619047619047 0.064453125 0.5357142857142857
18 0.171875 0.44047619047619047 0.05859375 0.5
18 0.267578125 0.4642857142857143 0.044921875 0.5
18 0.22265625 0.4642857142857143 0.048828125 0.5119047619047619
18 0.3203125 0.4642857142857143 0.048828125 0.4880952380952381
18 0.423828125 0.47619047619047616 0.05859375 0.5238095238095238
18 0.3671875 0.4880952380952381 0.052734375 0.5119047619047619
18 0.48046875 0.5 0.044921875 0.5238095238095238
18 0.609375 0.5 0.052734375 0.5238095238095238
18 0.541015625 0.5 0.064453125 0.5357142857142857
18 0.662109375 0.5 0.046875 0.5119047619047619
18 0.71484375 0.5 0.044921875 0.5238095238095238
18 0.765625 0.5 0.046875 0.5238095238095238
18 0.81640625 0.5 0.03125 0.5238095238095238
18 0.87109375 0.5119047619047619 0.0546875 0.5476190476190477
18 0.923828125 0.5119047619047619 0.03125 0.5595238095238095