18 0.046875 0.3111111111111111 0.05078125 0.32222222222222224
18 0.115234375 0.34444444444444444 0.0703125 0.3333333333333333
18 0.181640625 0.36666666666666664 0.04296875 0.32222222222222224
18 0.234375 0.4 0.044921875 0.34444444444444444
18 0.287109375 0.43333333333333335 0.046875 0.35555555555555557
18 0.341796875 0.4444444444444444 0.048828125 0.35555555555555557
18 0.396484375 0.4444444444444444 0.048828125 0.34444444444444444
18 0.451171875 0.4888888888888889 0.046875 0.36666666666666664
18 0.50390625 0.5111111111111111 0.048828125 0.37777777777777777
18 0.564453125 0.5333333333333333 0.064453125 0.36666666666666664
18 0.62890625 0.5555555555555556 0.052734375 0.34444444444444444
18 0.6875 0.5777777777777777 0.04296875 0.3333333333333333
18 0.736328125 0.6 0.046875 0.34444444444444444
18 0.794921875 0.6333333333333333 0.03125 0.32222222222222224
18 0.84765625 0.6666666666666666 0.037109375 0.36666666666666664
18 0.8984375 0.6777777777777778 0.048828125 0.3333333333333333
18 0.951171875 0.7 0.046875 0.3333333333333333