18 0.080078125 0.30327868852459017 0.0703125 0.32786885245901637
18 0.146484375 0.3442622950819672 0.08984375 0.36065573770491804
18 0.212890625 0.38524590163934425 0.05859375 0.3524590163934426
18 0.271484375 0.4098360655737705 0.06640625 0.36065573770491804
18 0.32421875 0.45081967213114754 0.056640625 0.32786885245901637
18 0.37109375 0.47540983606557374 0.05859375 0.32786885245901637
18 0.416015625 0.4918032786885246 0.041015625 0.3442622950819672
18 0.462890625 0.5163934426229508 0.05859375 0.3442622950819672
18 0.515625 0.5327868852459017 0.064453125 0.32786885245901637
18 0.580078125 0.5655737704918032 0.078125 0.3770491803278688
18 0.640625 0.5983606557377049 0.052734375 0.32786885245901637
18 0.689453125 0.6229508196721312 0.052734375 0.319672131147541
18 0.73828125 0.6475409836065574 0.056640625 0.32786885245901637
18 0.783203125 0.6721311475409836 0.060546875 0.32786885245901637
18 0.833984375 0.680327868852459 0.056640625 0.319672131147541
18 0.88671875 0.7131147540983607 0.05859375 0.319672131147541
18 0.935546875 0.7131147540983607 0.05859375 0.3442622950819672