18 0.9296875 0.44680851063829785 0.052734375 0.7127659574468085
18 0.763671875 0.4574468085106383 0.060546875 0.6382978723404256
18 0.875 0.4574468085106383 0.0546875 0.7021276595744681
18 0.333984375 0.4574468085106383 0.05859375 0.648936170212766
18 0.658203125 0.46808510638297873 0.0625 0.7021276595744681
18 0.384765625 0.46808510638297873 0.052734375 0.6595744680851063
18 0.494140625 0.46808510638297873 0.060546875 0.6276595744680851
18 0.548828125 0.46808510638297873 0.060546875 0.6808510638297872
18 0.712890625 0.46808510638297873 0.05078125 0.7021276595744681
18 0.818359375 0.46808510638297873 0.0546875 0.6808510638297872
18 0.1171875 0.4787234042553192 0.056640625 0.6595744680851063
18 0.283203125 0.4787234042553192 0.0546875 0.648936170212766
18 0.6015625 0.4787234042553192 0.05859375 0.7553191489361702
18 0.443359375 0.48936170212765956 0.052734375 0.6808510638297872
18 0.228515625 0.48936170212765956 0.06640625 0.648936170212766
18 0.064453125 0.5 0.0625 0.6702127659574468
18 0.173828125 0.5106382978723404 0.060546875 0.6808510638297872