18 0.4453125 0.4329896907216495 0.05078125 0.4072164948453608
18 0.50390625 0.4639175257731959 0.068359375 0.4020618556701031
18 0.560546875 0.4948453608247423 0.072265625 0.39690721649484534
18 0.615234375 0.520618556701031 0.06640625 0.41237113402061853
18 0.67578125 0.5360824742268041 0.05859375 0.38144329896907214
18 0.73046875 0.5670103092783505 0.06640625 0.4020618556701031
18 0.791015625 0.5876288659793815 0.064453125 0.41237113402061853
18 0.83984375 0.6134020618556701 0.041015625 0.38144329896907214
18 0.87890625 0.6288659793814433 0.056640625 0.3711340206185567
18 0.935546875 0.6597938144329897 0.064453125 0.3917525773195876
18 0.078125 0.26288659793814434 0.07421875 0.422680412371134
18 0.134765625 0.28350515463917525 0.05859375 0.38144329896907214
18 0.185546875 0.31443298969072164 0.0546875 0.4072164948453608
18 0.2421875 0.3247422680412371 0.068359375 0.36597938144329895
18 0.298828125 0.3711340206185567 0.0703125 0.3865979381443299
18 0.35546875 0.3917525773195876 0.06640625 0.4020618556701031
18 0.40625 0.4072164948453608 0.04296875 0.3865979381443299