18 0.62109375 0.5686274509803921 0.046875 0.3235294117647059
18 0.677734375 0.5980392156862745 0.03125 0.3137254901960784
18 0.73046875 0.6274509803921569 0.046875 0.3333333333333333
18 0.783203125 0.6470588235294118 0.033203125 0.3235294117647059
18 0.837890625 0.6764705882352942 0.046875 0.3137254901960784
18 0.89453125 0.7058823529411765 0.037109375 0.3137254901960784
18 0.943359375 0.7352941176470589 0.048828125 0.3235294117647059
18 0.0625 0.27450980392156865 0.046875 0.3235294117647059
18 0.12890625 0.3235294117647059 0.0703125 0.3235294117647059
18 0.193359375 0.35294117647058826 0.041015625 0.27450980392156865
18 0.248046875 0.38235294117647056 0.048828125 0.3137254901960784
18 0.3046875 0.4117647058823529 0.046875 0.29411764705882354
18 0.35546875 0.4411764705882353 0.041015625 0.29411764705882354
18 0.40625 0.47058823529411764 0.048828125 0.3235294117647059
18 0.4609375 0.49019607843137253 0.048828125 0.3137254901960784
18 0.515625 0.5196078431372549 0.03125 0.28431372549019607
18 0.56640625 0.5392156862745098 0.048828125 0.3137254901960784