18 0.9375 0.425 0.044921875 0.4625
18 0.8359375 0.4375 0.05859375 0.45
18 0.890625 0.4375 0.064453125 0.4375
18 0.7890625 0.45 0.05859375 0.4625
18 0.73828125 0.4625 0.0546875 0.45
18 0.69140625 0.4625 0.05078125 0.425
18 0.580078125 0.475 0.08203125 0.4625
18 0.642578125 0.475 0.05078125 0.425
18 0.515625 0.4875 0.06640625 0.475
18 0.462890625 0.5 0.05859375 0.4375
18 0.416015625 0.5125 0.04296875 0.4625
18 0.373046875 0.525 0.05859375 0.4625
18 0.326171875 0.525 0.056640625 0.425
18 0.212890625 0.525 0.06640625 0.45
18 0.2734375 0.5375 0.0703125 0.475
18 0.142578125 0.5375 0.08984375 0.4375
18 0.078125 0.5625 0.068359375 0.4625