18 0.06640625 0.38181818181818183 0.048828125 0.5181818181818182
18 0.119140625 0.4090909090909091 0.048828125 0.5
18 0.169921875 0.42727272727272725 0.044921875 0.4909090909090909
18 0.22265625 0.43636363636363634 0.048828125 0.5272727272727272
18 0.2734375 0.44545454545454544 0.0390625 0.5272727272727272
18 0.32421875 0.45454545454545453 0.05078125 0.509090909090909
18 0.380859375 0.4636363636363636 0.052734375 0.5272727272727272
18 0.431640625 0.4727272727272727 0.046875 0.509090909090909
18 0.482421875 0.4818181818181818 0.05078125 0.5363636363636364
18 0.537109375 0.4909090909090909 0.05078125 0.5181818181818182
18 0.591796875 0.4909090909090909 0.046875 0.5636363636363636
18 0.64453125 0.5 0.05078125 0.5454545454545454
18 0.69921875 0.5181818181818182 0.056640625 0.5545454545454546
18 0.755859375 0.5181818181818182 0.0546875 0.5363636363636364
18 0.80859375 0.5272727272727272 0.052734375 0.5454545454545454
18 0.869140625 0.5454545454545454 0.060546875 0.5545454545454546
18 0.9296875 0.5545454545454546 0.05078125 0.5545454545454546