18 0.072265625 0.36585365853658536 0.064453125 0.4146341463414634
18 0.142578125 0.4024390243902439 0.0703125 0.4268292682926829
18 0.19921875 0.43902439024390244 0.046875 0.4634146341463415
18 0.23828125 0.4634146341463415 0.052734375 0.45121951219512196
18 0.287109375 0.47560975609756095 0.052734375 0.45121951219512196
18 0.388671875 0.5121951219512195 0.06640625 0.5
18 0.3359375 0.524390243902439 0.044921875 0.4634146341463415
18 0.443359375 0.5365853658536586 0.06640625 0.47560975609756095
18 0.494140625 0.5609756097560976 0.056640625 0.4634146341463415
18 0.544921875 0.5609756097560976 0.052734375 0.47560975609756095
18 0.822265625 0.5609756097560976 0.064453125 0.5365853658536586
18 0.59765625 0.5609756097560976 0.0625 0.4878048780487805
18 0.650390625 0.573170731707317 0.060546875 0.5
18 0.875 0.573170731707317 0.044921875 0.5365853658536586
18 0.93359375 0.573170731707317 0.064453125 0.5609756097560976
18 0.759765625 0.573170731707317 0.0546875 0.47560975609756095
18 0.705078125 0.5853658536585366 0.056640625 0.4634146341463415