18 0.068359375 0.30597014925373134 0.060546875 0.43283582089552236
18 0.1171875 0.3358208955223881 0.0546875 0.43283582089552236
18 0.1640625 0.35074626865671643 0.046875 0.41044776119402987
18 0.212890625 0.3656716417910448 0.0625 0.4253731343283582
18 0.263671875 0.39552238805970147 0.056640625 0.4552238805970149
18 0.3125 0.40298507462686567 0.05078125 0.4626865671641791
18 0.373046875 0.417910447761194 0.03515625 0.44029850746268656
18 0.421875 0.44776119402985076 0.060546875 0.43283582089552236
18 0.470703125 0.4626865671641791 0.060546875 0.44776119402985076
18 0.52734375 0.48507462686567165 0.064453125 0.4552238805970149
18 0.58203125 0.5 0.060546875 0.4552238805970149
18 0.640625 0.5223880597014925 0.0546875 0.44029850746268656
18 0.6953125 0.5447761194029851 0.0546875 0.4626865671641791
18 0.75390625 0.5597014925373134 0.060546875 0.4626865671641791
18 0.8125 0.5895522388059702 0.060546875 0.4626865671641791
18 0.873046875 0.6119402985074627 0.05859375 0.4552238805970149
18 0.935546875 0.6343283582089553 0.05859375 0.47761194029850745