18 0.9453125 0.4117647058823529 0.0390625 0.4411764705882353
18 0.896484375 0.4117647058823529 0.041015625 0.4852941176470588
18 0.84375 0.4117647058823529 0.044921875 0.4852941176470588
18 0.79296875 0.4411764705882353 0.029296875 0.4852941176470588
18 0.744140625 0.4411764705882353 0.044921875 0.5
18 0.693359375 0.47058823529411764 0.03125 0.4852941176470588
18 0.583984375 0.4852941176470588 0.0546875 0.5441176470588235
18 0.63671875 0.5 0.046875 0.5588235294117647
18 0.52734375 0.5294117647058824 0.029296875 0.5441176470588235
18 0.4765625 0.5294117647058824 0.0546875 0.5294117647058824
18 0.421875 0.5441176470588235 0.05078125 0.5294117647058824
18 0.3671875 0.5441176470588235 0.046875 0.5294117647058824
18 0.314453125 0.5588235294117647 0.052734375 0.5294117647058824
18 0.25390625 0.5588235294117647 0.0546875 0.4852941176470588
18 0.1953125 0.5735294117647058 0.044921875 0.4852941176470588
18 0.125 0.5882352941176471 0.080078125 0.5
18 0.052734375 0.5882352941176471 0.0546875 0.5