18 0.580078125 0.5448717948717948 0.072265625 0.391025641025641
18 0.634765625 0.5705128205128205 0.0703125 0.3717948717948718
18 0.701171875 0.5897435897435898 0.0703125 0.3717948717948718
18 0.75390625 0.6153846153846154 0.0703125 0.358974358974359
18 0.8125 0.6602564102564102 0.068359375 0.358974358974359
18 0.8671875 0.6794871794871795 0.0703125 0.3782051282051282
18 0.931640625 0.6987179487179487 0.076171875 0.358974358974359
18 0.052734375 0.3076923076923077 0.064453125 0.38461538461538464
18 0.10546875 0.3269230769230769 0.056640625 0.3525641025641026
18 0.150390625 0.3525641025641026 0.05078125 0.34615384615384615
18 0.205078125 0.3717948717948718 0.06640625 0.358974358974359
18 0.25390625 0.40384615384615385 0.064453125 0.3782051282051282
18 0.30859375 0.4166666666666667 0.05859375 0.34615384615384615
18 0.3671875 0.44871794871794873 0.0390625 0.358974358974359
18 0.416015625 0.46794871794871795 0.06640625 0.34615384615384615
18 0.462890625 0.4807692307692308 0.060546875 0.3525641025641026
18 0.52734375 0.5192307692307693 0.0703125 0.3525641025641026