18 0.93359375 0.33088235294117646 0.05859375 0.4852941176470588
18 0.873046875 0.34558823529411764 0.0390625 0.47794117647058826
18 0.814453125 0.36764705882352944 0.0546875 0.47794117647058826
18 0.755859375 0.39705882352941174 0.0546875 0.45588235294117646
18 0.69921875 0.4117647058823529 0.056640625 0.4632352941176471
18 0.64453125 0.4411764705882353 0.048828125 0.4338235294117647
18 0.587890625 0.47794117647058826 0.056640625 0.4632352941176471
18 0.53125 0.49264705882352944 0.05859375 0.4338235294117647
18 0.4765625 0.5147058823529411 0.052734375 0.4338235294117647
18 0.423828125 0.5441176470588235 0.048828125 0.4338235294117647
18 0.376953125 0.5514705882352942 0.029296875 0.4338235294117647
18 0.322265625 0.5808823529411765 0.046875 0.4338235294117647
18 0.2734375 0.6029411764705882 0.046875 0.4485294117647059
18 0.220703125 0.6176470588235294 0.048828125 0.4338235294117647
18 0.169921875 0.6397058823529411 0.044921875 0.41911764705882354
18 0.123046875 0.6544117647058824 0.046875 0.40441176470588236
18 0.0703125 0.6764705882352942 0.048828125 0.4117647058823529