18 0.46484375 0.4746376811594203 0.07421875 0.17028985507246377
18 0.51953125 0.5072463768115942 0.078125 0.16666666666666666
18 0.572265625 0.5615942028985508 0.060546875 0.17028985507246377
18 0.62109375 0.5833333333333334 0.0859375 0.18115942028985507
18 0.66796875 0.6376811594202898 0.072265625 0.16666666666666666
18 0.71875 0.6811594202898551 0.072265625 0.17028985507246377
18 0.77734375 0.7282608695652174 0.056640625 0.17028985507246377
18 0.82421875 0.7608695652173914 0.072265625 0.17753623188405798
18 0.880859375 0.8115942028985508 0.056640625 0.17028985507246377
18 0.92578125 0.855072463768116 0.068359375 0.17753623188405798
18 0.095703125 0.14492753623188406 0.09765625 0.213768115942029
18 0.150390625 0.21014492753623187 0.078125 0.19202898550724637
18 0.208984375 0.2536231884057971 0.0859375 0.18478260869565216
18 0.263671875 0.3079710144927536 0.078125 0.18478260869565216
18 0.314453125 0.3442028985507246 0.064453125 0.18115942028985507
18 0.3671875 0.391304347826087 0.076171875 0.16666666666666666
18 0.416015625 0.427536231884058 0.064453125 0.16304347826086957