18 0.30859375 0.34962406015037595 0.107421875 0.15037593984962405
18 0.359375 0.39849624060150374 0.08984375 0.13533834586466165
18 0.3984375 0.424812030075188 0.107421875 0.15789473684210525
18 0.447265625 0.4699248120300752 0.109375 0.15789473684210525
18 0.50390625 0.5112781954887218 0.12109375 0.17669172932330826
18 0.5546875 0.556390977443609 0.11328125 0.17293233082706766
18 0.6171875 0.6052631578947368 0.0859375 0.15789473684210525
18 0.673828125 0.650375939849624 0.091796875 0.16165413533834586
18 0.728515625 0.6917293233082706 0.107421875 0.17293233082706766
18 0.78515625 0.7443609022556391 0.11328125 0.18796992481203006
18 0.853515625 0.7857142857142857 0.1015625 0.17669172932330826
18 0.923828125 0.8458646616541353 0.091796875 0.18045112781954886
18 0.0859375 0.16917293233082706 0.111328125 0.15037593984962405
18 0.126953125 0.20300751879699247 0.095703125 0.12781954887218044
18 0.173828125 0.24436090225563908 0.0859375 0.12406015037593984
18 0.21484375 0.2781954887218045 0.095703125 0.13533834586466165
18 0.255859375 0.3157894736842105 0.1015625 0.15037593984962405