18 0.400390625 0.4322916666666667 0.033203125 0.21354166666666666
18 0.4453125 0.4583333333333333 0.044921875 0.203125
18 0.498046875 0.4947916666666667 0.048828125 0.22395833333333334
18 0.546875 0.53125 0.046875 0.21875
18 0.59765625 0.5625 0.05078125 0.22395833333333334
18 0.642578125 0.5989583333333334 0.052734375 0.22916666666666666
18 0.69921875 0.6354166666666666 0.046875 0.22395833333333334
18 0.759765625 0.671875 0.033203125 0.21354166666666666
18 0.8046875 0.703125 0.048828125 0.22395833333333334
18 0.86328125 0.7395833333333334 0.03515625 0.22395833333333334
18 0.91015625 0.7604166666666666 0.048828125 0.22916666666666666
18 0.08984375 0.20833333333333334 0.06640625 0.22916666666666666
18 0.134765625 0.25 0.05078125 0.21875
18 0.181640625 0.296875 0.05078125 0.22916666666666666
18 0.24609375 0.3177083333333333 0.0625 0.22395833333333334
18 0.298828125 0.3541666666666667 0.041015625 0.21875
18 0.34375 0.3958333333333333 0.046875 0.20833333333333334