18 0.91796875 0.7471910112359551 0.048828125 0.3089887640449438
18 0.072265625 0.29213483146067415 0.05859375 0.30337078651685395
18 0.138671875 0.3146067415730337 0.072265625 0.25842696629213485
18 0.1953125 0.34269662921348315 0.037109375 0.3202247191011236
18 0.25 0.3707865168539326 0.064453125 0.2808988764044944
18 0.306640625 0.4044943820224719 0.068359375 0.33146067415730335
18 0.359375 0.449438202247191 0.06640625 0.3202247191011236
18 0.416015625 0.47191011235955055 0.060546875 0.33146067415730335
18 0.46484375 0.4943820224719101 0.037109375 0.33146067415730335
18 0.509765625 0.5168539325842697 0.05859375 0.3539325842696629
18 0.564453125 0.5449438202247191 0.060546875 0.37640449438202245
18 0.615234375 0.5730337078651685 0.052734375 0.3595505617977528
18 0.673828125 0.6067415730337079 0.064453125 0.33146067415730335
18 0.7265625 0.6292134831460674 0.05078125 0.3539325842696629
18 0.779296875 0.6741573033707865 0.060546875 0.3258426966292135
18 0.822265625 0.6966292134831461 0.041015625 0.33146067415730335
18 0.8671875 0.7247191011235955 0.060546875 0.3202247191011236