18 0.923828125 0.45714285714285713 0.046875 0.45714285714285713
18 0.87109375 0.4714285714285714 0.0546875 0.4714285714285714
18 0.818359375 0.4857142857142857 0.05078125 0.44285714285714284
18 0.66015625 0.5 0.056640625 0.44285714285714284
18 0.60546875 0.5 0.05078125 0.42857142857142855
18 0.7109375 0.5142857142857142 0.044921875 0.4714285714285714
18 0.763671875 0.5142857142857142 0.05078125 0.4714285714285714
18 0.501953125 0.5142857142857142 0.05078125 0.4714285714285714
18 0.552734375 0.5142857142857142 0.046875 0.4714285714285714
18 0.447265625 0.5285714285714286 0.05859375 0.45714285714285713
18 0.2421875 0.5428571428571428 0.056640625 0.45714285714285713
18 0.39453125 0.5428571428571428 0.04296875 0.42857142857142855
18 0.181640625 0.5571428571428572 0.05078125 0.44285714285714284
18 0.294921875 0.5571428571428572 0.04296875 0.4714285714285714
18 0.34375 0.5571428571428572 0.052734375 0.4714285714285714
18 0.119140625 0.5571428571428572 0.0703125 0.44285714285714284
18 0.05859375 0.5571428571428572 0.048828125 0.42857142857142855