18 0.06640625 0.32608695652173914 0.0546875 0.39855072463768115
18 0.111328125 0.34782608695652173 0.052734375 0.391304347826087
18 0.15625 0.36231884057971014 0.046875 0.3695652173913043
18 0.203125 0.37681159420289856 0.060546875 0.4057971014492754
18 0.25390625 0.39855072463768115 0.052734375 0.4057971014492754
18 0.302734375 0.4057971014492754 0.05078125 0.391304347826087
18 0.35546875 0.42028985507246375 0.037109375 0.41304347826086957
18 0.404296875 0.4420289855072464 0.056640625 0.4057971014492754
18 0.453125 0.45652173913043476 0.05859375 0.427536231884058
18 0.509765625 0.47101449275362317 0.0625 0.39855072463768115
18 0.5625 0.4855072463768116 0.056640625 0.427536231884058
18 0.62109375 0.5072463768115942 0.0546875 0.427536231884058
18 0.67578125 0.5289855072463768 0.056640625 0.4420289855072464
18 0.734375 0.5434782608695652 0.064453125 0.427536231884058
18 0.794921875 0.5579710144927537 0.064453125 0.43478260869565216
18 0.853515625 0.5797101449275363 0.05859375 0.4492753623188406
18 0.91796875 0.6014492753623188 0.06640625 0.463768115942029