18 0.07421875 0.425 0.060546875 0.45
18 0.140625 0.4375 0.087890625 0.45
18 0.208984375 0.4625 0.056640625 0.45
18 0.267578125 0.4625 0.06640625 0.4375
18 0.32421875 0.4625 0.046875 0.4375
18 0.37109375 0.475 0.05078125 0.4125
18 0.412109375 0.4875 0.0390625 0.425
18 0.458984375 0.5 0.0546875 0.45
18 0.515625 0.5 0.052734375 0.4625
18 0.572265625 0.5125 0.072265625 0.4625
18 0.6328125 0.525 0.046875 0.45
18 0.681640625 0.525 0.048828125 0.45
18 0.77734375 0.525 0.046875 0.425
18 0.728515625 0.5375 0.048828125 0.4375
18 0.82421875 0.5375 0.046875 0.425
18 0.87109375 0.5625 0.046875 0.4375
18 0.921875 0.575 0.048828125 0.45