18 0.078125 0.3684210526315789 0.0625 0.4649122807017544
18 0.177734375 0.38596491228070173 0.060546875 0.43859649122807015
18 0.126953125 0.38596491228070173 0.064453125 0.43859649122807015
18 0.224609375 0.39473684210526316 0.0625 0.45614035087719296
18 0.27734375 0.41228070175438597 0.072265625 0.45614035087719296
18 0.330078125 0.4298245614035088 0.064453125 0.43859649122807015
18 0.380859375 0.45614035087719296 0.060546875 0.43859649122807015
18 0.43359375 0.4649122807017544 0.064453125 0.47368421052631576
18 0.48046875 0.4824561403508772 0.060546875 0.4649122807017544
18 0.537109375 0.5 0.07421875 0.4649122807017544
18 0.591796875 0.5175438596491229 0.060546875 0.4824561403508772
18 0.642578125 0.5263157894736842 0.060546875 0.47368421052631576
18 0.6953125 0.5526315789473685 0.0625 0.4824561403508772
18 0.75390625 0.5701754385964912 0.064453125 0.4649122807017544
18 0.8046875 0.5877192982456141 0.064453125 0.4649122807017544
18 0.859375 0.5877192982456141 0.064453125 0.47368421052631576
18 0.919921875 0.6052631578947368 0.06640625 0.5087719298245614