18 0.89453125 0.4146341463414634 0.060546875 0.43902439024390244
18 0.943359375 0.4268292682926829 0.041015625 0.47560975609756095
18 0.841796875 0.43902439024390244 0.05078125 0.47560975609756095
18 0.740234375 0.43902439024390244 0.05078125 0.4634146341463415
18 0.791015625 0.45121951219512196 0.05078125 0.45121951219512196
18 0.689453125 0.45121951219512196 0.05078125 0.45121951219512196
18 0.634765625 0.45121951219512196 0.06640625 0.47560975609756095
18 0.576171875 0.4878048780487805 0.056640625 0.47560975609756095
18 0.517578125 0.4878048780487805 0.06640625 0.47560975609756095
18 0.412109375 0.5 0.04296875 0.47560975609756095
18 0.3125 0.5 0.0625 0.43902439024390244
18 0.4609375 0.5 0.052734375 0.43902439024390244
18 0.3671875 0.5121951219512195 0.0546875 0.43902439024390244
18 0.201171875 0.524390243902439 0.0625 0.43902439024390244
18 0.25390625 0.5365853658536586 0.052734375 0.45121951219512196
18 0.06640625 0.5365853658536586 0.06640625 0.45121951219512196
18 0.130859375 0.5365853658536586 0.091796875 0.47560975609756095