18 0.0390625 0.25396825396825395 0.048828125 0.3333333333333333
18 0.09375 0.2857142857142857 0.064453125 0.3412698412698413
18 0.1484375 0.30952380952380953 0.041015625 0.31746031746031744
18 0.1953125 0.3412698412698413 0.046875 0.3412698412698413
18 0.24609375 0.36507936507936506 0.05078125 0.3492063492063492
18 0.29296875 0.38095238095238093 0.044921875 0.31746031746031744
18 0.341796875 0.40476190476190477 0.046875 0.3492063492063492
18 0.39453125 0.42857142857142855 0.052734375 0.38095238095238093
18 0.447265625 0.4603174603174603 0.044921875 0.35714285714285715
18 0.505859375 0.47619047619047616 0.064453125 0.373015873015873
18 0.5703125 0.5079365079365079 0.05078125 0.38095238095238093
18 0.625 0.5396825396825397 0.046875 0.35714285714285715
18 0.6796875 0.5714285714285714 0.046875 0.36507936507936506
18 0.73828125 0.6031746031746031 0.05078125 0.35714285714285715
18 0.796875 0.626984126984127 0.05078125 0.38095238095238093
18 0.859375 0.6587301587301587 0.048828125 0.373015873015873
18 0.921875 0.6904761904761905 0.05859375 0.38095238095238093