18 0.94140625 0.7628205128205128 0.0625 0.33974358974358976
18 0.0703125 0.25 0.0625 0.32051282051282054
18 0.1328125 0.2948717948717949 0.076171875 0.34615384615384615
18 0.1953125 0.33974358974358976 0.0546875 0.32051282051282054
18 0.25 0.358974358974359 0.056640625 0.2948717948717949
18 0.30078125 0.391025641025641 0.052734375 0.32051282051282054
18 0.34765625 0.4358974358974359 0.05078125 0.3076923076923077
18 0.39453125 0.44871794871794873 0.05859375 0.3269230769230769
18 0.44921875 0.48717948717948717 0.056640625 0.3333333333333333
18 0.5 0.5064102564102564 0.0546875 0.30128205128205127
18 0.556640625 0.5512820512820513 0.078125 0.32051282051282054
18 0.623046875 0.5833333333333334 0.064453125 0.3076923076923077
18 0.673828125 0.6410256410256411 0.052734375 0.3333333333333333
18 0.7265625 0.6538461538461539 0.056640625 0.3076923076923077
18 0.779296875 0.6794871794871795 0.048828125 0.3076923076923077
18 0.830078125 0.7243589743589743 0.056640625 0.3333333333333333
18 0.88671875 0.7243589743589743 0.056640625 0.3269230769230769