18 0.94140625 0.41025641025641024 0.0546875 0.5769230769230769
18 0.83203125 0.4358974358974359 0.05078125 0.5384615384615384
18 0.88671875 0.4358974358974359 0.056640625 0.5384615384615384
18 0.779296875 0.44871794871794873 0.052734375 0.5512820512820513
18 0.724609375 0.46153846153846156 0.05078125 0.5512820512820513
18 0.671875 0.47435897435897434 0.052734375 0.5512820512820513
18 0.6171875 0.48717948717948717 0.0546875 0.5641025641025641
18 0.564453125 0.5 0.052734375 0.5769230769230769
18 0.44921875 0.5128205128205128 0.0546875 0.5769230769230769
18 0.318359375 0.5256410256410257 0.056640625 0.5512820512820513
18 0.509765625 0.5256410256410257 0.0546875 0.6282051282051282
18 0.384765625 0.5384615384615384 0.080078125 0.5641025641025641
18 0.267578125 0.5641025641025641 0.05078125 0.5641025641025641
18 0.216796875 0.5641025641025641 0.05078125 0.5641025641025641
18 0.1640625 0.5769230769230769 0.0703125 0.5769230769230769
18 0.10546875 0.5897435897435898 0.060546875 0.5769230769230769
18 0.046875 0.6025641025641025 0.0625 0.5769230769230769