18 0.0859375 0.5 0.076171875 0.6
18 0.15625 0.5125 0.06640625 0.5875
18 0.42578125 0.525 0.056640625 0.5875
18 0.216796875 0.525 0.05859375 0.65
18 0.478515625 0.5375 0.0546875 0.575
18 0.328125 0.55 0.046875 0.6125
18 0.533203125 0.55 0.05859375 0.5875
18 0.5859375 0.55 0.064453125 0.55
18 0.279296875 0.55 0.05859375 0.6
18 0.375 0.55 0.0546875 0.575
18 0.77734375 0.5625 0.05078125 0.5875
18 0.634765625 0.575 0.0390625 0.6
18 0.826171875 0.575 0.05078125 0.5375
18 0.677734375 0.575 0.056640625 0.5875
18 0.728515625 0.575 0.0546875 0.55
18 0.875 0.5875 0.056640625 0.575
18 0.931640625 0.5875 0.05859375 0.5375