18 0.484375 0.49557522123893805 0.046875 0.22123893805309736
18 0.537109375 0.5265486725663717 0.0625 0.22566371681415928
18 0.599609375 0.5663716814159292 0.05859375 0.23893805309734514
18 0.654296875 0.6150442477876106 0.046875 0.22123893805309736
18 0.708984375 0.6504424778761062 0.068359375 0.23893805309734514
18 0.765625 0.6902654867256637 0.05078125 0.22566371681415928
18 0.81640625 0.7433628318584071 0.06640625 0.24336283185840707
18 0.875 0.7699115044247787 0.064453125 0.23893805309734514
18 0.94140625 0.8097345132743363 0.068359375 0.24336283185840707
18 0.056640625 0.17256637168141592 0.044921875 0.1902654867256637
18 0.115234375 0.20353982300884957 0.0703125 0.2079646017699115
18 0.1796875 0.2610619469026549 0.044921875 0.19469026548672566
18 0.232421875 0.3008849557522124 0.0546875 0.20353982300884957
18 0.287109375 0.336283185840708 0.056640625 0.19911504424778761
18 0.333984375 0.37168141592920356 0.046875 0.20353982300884957
18 0.3828125 0.40707964601769914 0.05859375 0.2345132743362832
18 0.435546875 0.45132743362831856 0.052734375 0.22566371681415928