18 0.69921875 0.6123595505617978 0.064453125 0.42134831460674155
18 0.755859375 0.6404494382022472 0.0625 0.4550561797752809
18 0.814453125 0.651685393258427 0.060546875 0.43258426966292135
18 0.87109375 0.6685393258426966 0.068359375 0.42696629213483145
18 0.927734375 0.702247191011236 0.06640625 0.43258426966292135
18 0.0625 0.30337078651685395 0.06640625 0.449438202247191
18 0.11328125 0.33707865168539325 0.05859375 0.398876404494382
18 0.166015625 0.3595505617977528 0.048828125 0.4157303370786517
18 0.22265625 0.38764044943820225 0.05859375 0.449438202247191
18 0.27734375 0.398876404494382 0.06640625 0.4101123595505618
18 0.330078125 0.4438202247191011 0.060546875 0.4438202247191011
18 0.380859375 0.4606741573033708 0.03515625 0.42134831460674155
18 0.419921875 0.47191011235955055 0.05859375 0.42134831460674155
18 0.47265625 0.5 0.064453125 0.4101123595505618
18 0.53125 0.5168539325842697 0.06640625 0.449438202247191
18 0.5859375 0.5449438202247191 0.06640625 0.4438202247191011
18 0.64453125 0.5730337078651685 0.05859375 0.4044943820224719