18 0.78515625 0.6785714285714286 0.03125 0.44047619047619047
18 0.8359375 0.6785714285714286 0.046875 0.4166666666666667
18 0.89453125 0.6904761904761905 0.044921875 0.4166666666666667
18 0.947265625 0.7142857142857143 0.04296875 0.39285714285714285
18 0.052734375 0.2857142857142857 0.05078125 0.42857142857142855
18 0.119140625 0.30952380952380953 0.064453125 0.44047619047619047
18 0.189453125 0.34523809523809523 0.041015625 0.42857142857142855
18 0.2421875 0.40476190476190477 0.04296875 0.4523809523809524
18 0.3046875 0.4166666666666667 0.052734375 0.44047619047619047
18 0.404296875 0.4523809523809524 0.04296875 0.42857142857142855
18 0.353515625 0.47619047619047616 0.037109375 0.47619047619047616
18 0.4609375 0.5 0.046875 0.4880952380952381
18 0.513671875 0.5119047619047619 0.04296875 0.4166666666666667
18 0.564453125 0.5595238095238095 0.044921875 0.4166666666666667
18 0.6171875 0.5714285714285714 0.044921875 0.39285714285714285
18 0.67578125 0.5952380952380952 0.041015625 0.4166666666666667
18 0.734375 0.6309523809523809 0.0546875 0.4166666666666667