18 0.783203125 0.47 0.06640625 0.58
18 0.72265625 0.48 0.056640625 0.62
18 0.57421875 0.49 0.08203125 0.64
18 0.88671875 0.49 0.056640625 0.61
18 0.4609375 0.49 0.0625 0.59
18 0.833984375 0.49 0.068359375 0.62
18 0.296875 0.5 0.0625 0.64
18 0.404296875 0.5 0.0546875 0.66
18 0.671875 0.5 0.056640625 0.61
18 0.939453125 0.5 0.056640625 0.64
18 0.517578125 0.51 0.068359375 0.65
18 0.08203125 0.51 0.0703125 0.59
18 0.13671875 0.51 0.056640625 0.62
18 0.1953125 0.51 0.0703125 0.62
18 0.35546875 0.51 0.06640625 0.58
18 0.24609375 0.51 0.0703125 0.58
18 0.626953125 0.54 0.06640625 0.62