18 0.0625 0.3706896551724138 0.05859375 0.47413793103448276
18 0.115234375 0.4051724137931034 0.052734375 0.47413793103448276
18 0.166015625 0.4224137931034483 0.0546875 0.5
18 0.267578125 0.4482758620689655 0.056640625 0.49137931034482757
18 0.216796875 0.45689655172413796 0.056640625 0.5431034482758621
18 0.322265625 0.47413793103448276 0.052734375 0.4827586206896552
18 0.373046875 0.4827586206896552 0.052734375 0.5
18 0.42578125 0.5 0.0546875 0.5
18 0.482421875 0.5344827586206896 0.05859375 0.5258620689655172
18 0.5390625 0.5431034482758621 0.05859375 0.5172413793103449
18 0.595703125 0.5431034482758621 0.056640625 0.5086206896551724
18 0.646484375 0.5689655172413793 0.056640625 0.5086206896551724
18 0.703125 0.5775862068965517 0.060546875 0.46551724137931033
18 0.880859375 0.6120689655172413 0.05859375 0.5431034482758621
18 0.8203125 0.6206896551724138 0.060546875 0.5172413793103449
18 0.76171875 0.6293103448275862 0.06640625 0.5086206896551724
18 0.939453125 0.646551724137931 0.06640625 0.5