18 0.05078125 0.3048780487804878 0.072265625 0.43902439024390244
18 0.115234375 0.34146341463414637 0.0859375 0.45121951219512196
18 0.18359375 0.36585365853658536 0.060546875 0.4146341463414634
18 0.234375 0.4024390243902439 0.05859375 0.4634146341463415
18 0.29296875 0.4268292682926829 0.0625 0.43902439024390244
18 0.34765625 0.4268292682926829 0.048828125 0.4146341463414634
18 0.388671875 0.4634146341463415 0.041015625 0.4146341463414634
18 0.447265625 0.4878048780487805 0.068359375 0.43902439024390244
18 0.509765625 0.4878048780487805 0.06640625 0.43902439024390244
18 0.578125 0.524390243902439 0.078125 0.4268292682926829
18 0.640625 0.5365853658536586 0.05078125 0.4146341463414634
18 0.689453125 0.573170731707317 0.05078125 0.4146341463414634
18 0.7421875 0.5975609756097561 0.0546875 0.4268292682926829
18 0.796875 0.6097560975609756 0.0546875 0.4146341463414634
18 0.845703125 0.6219512195121951 0.05078125 0.43902439024390244
18 0.90234375 0.6463414634146342 0.060546875 0.43902439024390244
18 0.95703125 0.6463414634146342 0.064453125 0.43902439024390244