18 0.95703125 0.3490566037735849 0.0546875 0.4811320754716981
18 0.90234375 0.3584905660377358 0.0625 0.4716981132075472
18 0.861328125 0.37735849056603776 0.0390625 0.4811320754716981
18 0.828125 0.39622641509433965 0.048828125 0.5094339622641509
18 0.779296875 0.4056603773584906 0.0625 0.5094339622641509
18 0.720703125 0.41509433962264153 0.064453125 0.5283018867924528
18 0.666015625 0.41509433962264153 0.0625 0.5
18 0.59765625 0.44339622641509435 0.064453125 0.5094339622641509
18 0.48046875 0.46226415094339623 0.060546875 0.5
18 0.533203125 0.4716981132075472 0.060546875 0.5
18 0.423828125 0.4811320754716981 0.0625 0.5660377358490566
18 0.296875 0.5283018867924528 0.05859375 0.6037735849056604
18 0.361328125 0.5283018867924528 0.078125 0.6226415094339622
18 0.173828125 0.5283018867924528 0.060546875 0.5566037735849056
18 0.234375 0.5377358490566038 0.076171875 0.6320754716981132
18 0.11328125 0.5471698113207547 0.068359375 0.5660377358490566
18 0.052734375 0.5849056603773585 0.06640625 0.6037735849056604