18 0.763671875 0.6451612903225806 0.041015625 0.2903225806451613
18 0.8203125 0.6612903225806451 0.05859375 0.29838709677419356
18 0.873046875 0.7016129032258065 0.056640625 0.2903225806451613
18 0.9296875 0.7258064516129032 0.0546875 0.28225806451612906
18 0.052734375 0.2903225806451613 0.05859375 0.28225806451612906
18 0.115234375 0.31451612903225806 0.08203125 0.3064516129032258
18 0.181640625 0.3548387096774194 0.056640625 0.3064516129032258
18 0.232421875 0.3629032258064516 0.048828125 0.28225806451612906
18 0.287109375 0.3951612903225806 0.060546875 0.2661290322580645
18 0.341796875 0.4274193548387097 0.0546875 0.2661290322580645
18 0.38671875 0.45161290322580644 0.041015625 0.25806451612903225
18 0.43359375 0.47580645161290325 0.048828125 0.2903225806451613
18 0.4921875 0.5 0.0625 0.2903225806451613
18 0.5546875 0.532258064516129 0.0625 0.3064516129032258
18 0.611328125 0.5645161290322581 0.0546875 0.28225806451612906
18 0.662109375 0.5967741935483871 0.0546875 0.28225806451612906
18 0.712890625 0.6209677419354839 0.056640625 0.28225806451612906