18 0.921875 0.39 0.046875 0.54
18 0.865234375 0.4 0.044921875 0.54
18 0.8046875 0.41 0.044921875 0.53
18 0.75 0.43 0.044921875 0.54
18 0.693359375 0.45 0.046875 0.54
18 0.638671875 0.46 0.044921875 0.54
18 0.583984375 0.49 0.044921875 0.52
18 0.52734375 0.49 0.05078125 0.51
18 0.47265625 0.52 0.044921875 0.52
18 0.419921875 0.52 0.05078125 0.52
18 0.3671875 0.53 0.03125 0.51
18 0.314453125 0.55 0.04296875 0.51
18 0.26171875 0.57 0.0390625 0.52
18 0.20703125 0.58 0.04296875 0.5
18 0.158203125 0.59 0.04296875 0.49
18 0.10546875 0.61 0.03515625 0.49
18 0.052734375 0.63 0.046875 0.52