18 0.06640625 0.37012987012987014 0.05078125 0.44155844155844154
18 0.1171875 0.38311688311688313 0.05078125 0.44155844155844154
18 0.171875 0.4025974025974026 0.0546875 0.44155844155844154
18 0.224609375 0.4155844155844156 0.0546875 0.44155844155844154
18 0.27734375 0.43506493506493504 0.05078125 0.42857142857142855
18 0.33203125 0.461038961038961 0.0546875 0.45454545454545453
18 0.3828125 0.474025974025974 0.0546875 0.45454545454545453
18 0.439453125 0.4935064935064935 0.0546875 0.44155844155844154
18 0.494140625 0.5064935064935064 0.05078125 0.42857142857142855
18 0.548828125 0.525974025974026 0.05859375 0.44155844155844154
18 0.6015625 0.5454545454545454 0.04296875 0.45454545454545453
18 0.65625 0.564935064935065 0.05859375 0.44155844155844154
18 0.71484375 0.5974025974025974 0.0546875 0.45454545454545453
18 0.767578125 0.6168831168831169 0.0546875 0.44155844155844154
18 0.822265625 0.6363636363636364 0.0546875 0.45454545454545453
18 0.876953125 0.6493506493506493 0.05859375 0.44155844155844154
18 0.93359375 0.6558441558441559 0.0546875 0.45454545454545453