18 0.138671875 0.4166666666666667 0.052734375 0.4444444444444444
18 0.19140625 0.42777777777777776 0.05859375 0.4111111111111111
18 0.236328125 0.43333333333333335 0.052734375 0.4111111111111111
18 0.283203125 0.4444444444444444 0.046875 0.4444444444444444
18 0.333984375 0.46111111111111114 0.052734375 0.4111111111111111
18 0.380859375 0.4777777777777778 0.052734375 0.4444444444444444
18 0.42578125 0.49444444444444446 0.046875 0.4111111111111111
18 0.47265625 0.5222222222222223 0.041015625 0.42777777777777776
18 0.5234375 0.5277777777777778 0.052734375 0.4111111111111111
18 0.568359375 0.5388888888888889 0.052734375 0.42777777777777776
18 0.6171875 0.5555555555555556 0.052734375 0.3888888888888889
18 0.658203125 0.5611111111111111 0.052734375 0.4111111111111111
18 0.703125 0.5777777777777777 0.046875 0.4111111111111111
18 0.75 0.6055555555555555 0.052734375 0.42777777777777776
18 0.794921875 0.6166666666666667 0.046875 0.4111111111111111
18 0.837890625 0.6166666666666667 0.046875 0.4111111111111111
18 0.884765625 0.6333333333333333 0.046875 0.4111111111111111