18 0.9375 0.30303030303030304 0.041015625 0.3409090909090909
18 0.892578125 0.3409090909090909 0.05078125 0.3560606060606061
18 0.8359375 0.3560606060606061 0.056640625 0.3560606060606061
18 0.77734375 0.3787878787878788 0.05078125 0.3560606060606061
18 0.724609375 0.4015151515151515 0.05078125 0.3484848484848485
18 0.6796875 0.4166666666666667 0.041015625 0.3484848484848485
18 0.6328125 0.44696969696969696 0.05859375 0.3787878787878788
18 0.568359375 0.4696969696969697 0.080078125 0.38636363636363635
18 0.513671875 0.49242424242424243 0.04296875 0.3560606060606061
18 0.46484375 0.5227272727272727 0.0625 0.3712121212121212
18 0.416015625 0.5378787878787878 0.048828125 0.3787878787878788
18 0.365234375 0.5681818181818182 0.0703125 0.3787878787878788
18 0.302734375 0.6060606060606061 0.06640625 0.4166666666666667
18 0.2421875 0.6136363636363636 0.068359375 0.3939393939393939
18 0.17578125 0.6363636363636364 0.0625 0.4015151515151515
18 0.0625 0.6818181818181818 0.06640625 0.4090909090909091
18 0.115234375 0.6818181818181818 0.068359375 0.44696969696969696