18 0.080078125 0.4523809523809524 0.064453125 0.5119047619047619
18 0.130859375 0.4523809523809524 0.05078125 0.4642857142857143
18 0.1796875 0.4523809523809524 0.0546875 0.5
18 0.2890625 0.47619047619047616 0.064453125 0.5476190476190477
18 0.234375 0.47619047619047616 0.05078125 0.5119047619047619
18 0.396484375 0.4880952380952381 0.048828125 0.47619047619047616
18 0.453125 0.4880952380952381 0.056640625 0.5119047619047619
18 0.345703125 0.5 0.046875 0.5
18 0.56640625 0.5119047619047619 0.05078125 0.5238095238095238
18 0.513671875 0.5119047619047619 0.05078125 0.4880952380952381
18 0.62890625 0.5238095238095238 0.0703125 0.5357142857142857
18 0.693359375 0.5357142857142857 0.05078125 0.5119047619047619
18 0.748046875 0.5476190476190477 0.05078125 0.5119047619047619
18 0.80078125 0.5714285714285714 0.048828125 0.4642857142857143
18 0.8515625 0.5833333333333334 0.05078125 0.47619047619047616
18 0.90625 0.5952380952380952 0.0546875 0.5476190476190477
18 0.95703125 0.5952380952380952 0.041015625 0.5595238095238095