18 0.93359375 0.4418604651162791 0.046875 0.5813953488372093
18 0.884765625 0.45348837209302323 0.0546875 0.5465116279069767
18 0.83203125 0.45348837209302323 0.05859375 0.6046511627906976
18 0.693359375 0.45348837209302323 0.037109375 0.5813953488372093
18 0.77734375 0.46511627906976744 0.052734375 0.5697674418604651
18 0.642578125 0.47674418604651164 0.052734375 0.6046511627906976
18 0.580078125 0.47674418604651164 0.068359375 0.5813953488372093
18 0.734375 0.47674418604651164 0.0390625 0.5930232558139535
18 0.408203125 0.5 0.04296875 0.5930232558139535
18 0.517578125 0.5 0.0546875 0.5930232558139535
18 0.458984375 0.5 0.056640625 0.5930232558139535
18 0.29296875 0.5116279069767442 0.05859375 0.5930232558139535
18 0.35546875 0.5116279069767442 0.060546875 0.6046511627906976
18 0.232421875 0.5116279069767442 0.05859375 0.6162790697674418
18 0.169921875 0.5232558139534884 0.060546875 0.6046511627906976
18 0.05078125 0.5348837209302325 0.05078125 0.627906976744186
18 0.10546875 0.5465116279069767 0.0625 0.6395348837209303