18 0.91796875 0.4215686274509804 0.0546875 0.5196078431372549
18 0.861328125 0.4215686274509804 0.052734375 0.5098039215686274
18 0.806640625 0.45098039215686275 0.046875 0.5294117647058824
18 0.751953125 0.45098039215686275 0.056640625 0.5196078431372549
18 0.6953125 0.45098039215686275 0.044921875 0.5098039215686274
18 0.58984375 0.47058823529411764 0.05078125 0.5196078431372549
18 0.541015625 0.4803921568627451 0.056640625 0.5196078431372549
18 0.646484375 0.4803921568627451 0.052734375 0.5
18 0.486328125 0.5 0.0546875 0.5392156862745098
18 0.37890625 0.5098039215686274 0.048828125 0.5
18 0.431640625 0.5196078431372549 0.048828125 0.5196078431372549
18 0.328125 0.5392156862745098 0.05859375 0.5196078431372549
18 0.271484375 0.5490196078431373 0.052734375 0.5
18 0.173828125 0.5784313725490197 0.0546875 0.5
18 0.22265625 0.5784313725490197 0.0546875 0.5098039215686274
18 0.1171875 0.5980392156862745 0.052734375 0.5
18 0.06640625 0.6078431372549019 0.05859375 0.4803921568627451