18 0.072265625 0.4888888888888889 0.044921875 0.5666666666666667
18 0.314453125 0.4888888888888889 0.041015625 0.5777777777777777
18 0.119140625 0.4888888888888889 0.0390625 0.5555555555555556
18 0.1640625 0.4888888888888889 0.04296875 0.5555555555555556
18 0.21484375 0.5 0.044921875 0.5777777777777777
18 0.263671875 0.5 0.041015625 0.5666666666666667
18 0.369140625 0.5 0.029296875 0.5777777777777777
18 0.41796875 0.5111111111111111 0.044921875 0.5888888888888889
18 0.521484375 0.5111111111111111 0.05078125 0.6111111111111112
18 0.80078125 0.5111111111111111 0.05078125 0.6333333333333333
18 0.57421875 0.5111111111111111 0.048828125 0.6
18 0.630859375 0.5111111111111111 0.044921875 0.6
18 0.685546875 0.5111111111111111 0.048828125 0.6222222222222222
18 0.7421875 0.5111111111111111 0.052734375 0.6
18 0.859375 0.5111111111111111 0.0546875 0.6444444444444445
18 0.466796875 0.5222222222222223 0.04296875 0.5888888888888889
18 0.91796875 0.5333333333333333 0.05078125 0.6333333333333333