18 0.765625 0.5819672131147541 0.05859375 0.4672131147540984
18 0.82421875 0.5901639344262295 0.05859375 0.45901639344262296
18 0.8828125 0.6147540983606558 0.0546875 0.47540983606557374
18 0.943359375 0.639344262295082 0.0546875 0.4918032786885246
18 0.056640625 0.29508196721311475 0.0546875 0.4426229508196721
18 0.107421875 0.32786885245901637 0.048828125 0.4262295081967213
18 0.15625 0.3442622950819672 0.044921875 0.45081967213114754
18 0.205078125 0.36065573770491804 0.05078125 0.4426229508196721
18 0.255859375 0.3770491803278688 0.048828125 0.4344262295081967
18 0.310546875 0.4016393442622951 0.0546875 0.4426229508196721
18 0.369140625 0.4344262295081967 0.033203125 0.4426229508196721
18 0.41796875 0.45081967213114754 0.05078125 0.45081967213114754
18 0.47265625 0.47540983606557374 0.0546875 0.4672131147540984
18 0.529296875 0.4918032786885246 0.0625 0.4426229508196721
18 0.587890625 0.5 0.0546875 0.45081967213114754
18 0.646484375 0.5245901639344263 0.052734375 0.4426229508196721
18 0.705078125 0.5573770491803278 0.05859375 0.45081967213114754