18 0.36328125 0.3939393939393939 0.078125 0.1590909090909091
18 0.41796875 0.4318181818181818 0.078125 0.20075757575757575
18 0.470703125 0.4734848484848485 0.083984375 0.20075757575757575
18 0.53125 0.5303030303030303 0.072265625 0.18181818181818182
18 0.587890625 0.5795454545454546 0.080078125 0.18181818181818182
18 0.650390625 0.6287878787878788 0.0625 0.17045454545454544
18 0.703125 0.678030303030303 0.060546875 0.17803030303030304
18 0.76171875 0.7310606060606061 0.072265625 0.19318181818181818
18 0.8125 0.7765151515151515 0.06640625 0.1893939393939394
18 0.876953125 0.803030303030303 0.080078125 0.17045454545454544
18 0.943359375 0.8598484848484849 0.0625 0.17424242424242425
18 0.041015625 0.12121212121212122 0.07421875 0.1893939393939394
18 0.11328125 0.17424242424242425 0.08984375 0.19696969696969696
18 0.1640625 0.22727272727272727 0.0625 0.16287878787878787
18 0.216796875 0.26136363636363635 0.078125 0.17424242424242425
18 0.265625 0.3068181818181818 0.080078125 0.1590909090909091
18 0.31640625 0.3446969696969697 0.07421875 0.18181818181818182