18 0.923828125 0.4411764705882353 0.048828125 0.6078431372549019
18 0.869140625 0.4411764705882353 0.046875 0.5980392156862745
18 0.81640625 0.45098039215686275 0.052734375 0.6078431372549019
18 0.759765625 0.46078431372549017 0.048828125 0.5980392156862745
18 0.65234375 0.47058823529411764 0.05078125 0.5784313725490197
18 0.705078125 0.47058823529411764 0.048828125 0.5980392156862745
18 0.59765625 0.4803921568627451 0.044921875 0.5980392156862745
18 0.544921875 0.49019607843137253 0.052734375 0.5882352941176471
18 0.439453125 0.5 0.05078125 0.5882352941176471
18 0.4921875 0.5 0.052734375 0.6078431372549019
18 0.384765625 0.5196078431372549 0.05078125 0.5882352941176471
18 0.279296875 0.5196078431372549 0.05078125 0.5784313725490197
18 0.333984375 0.5294117647058824 0.052734375 0.6078431372549019
18 0.2265625 0.5392156862745098 0.0546875 0.5882352941176471
18 0.173828125 0.5392156862745098 0.052734375 0.5980392156862745
18 0.0703125 0.5490196078431373 0.060546875 0.5882352941176471
18 0.12109375 0.5490196078431373 0.044921875 0.5686274509803921