18 0.0703125 0.36607142857142855 0.0546875 0.4107142857142857
18 0.126953125 0.375 0.05859375 0.4107142857142857
18 0.181640625 0.39285714285714285 0.052734375 0.42857142857142855
18 0.240234375 0.41964285714285715 0.0546875 0.39285714285714285
18 0.294921875 0.45535714285714285 0.052734375 0.4017857142857143
18 0.3515625 0.4732142857142857 0.056640625 0.4107142857142857
18 0.400390625 0.48214285714285715 0.037109375 0.4107142857142857
18 0.4453125 0.5 0.052734375 0.41964285714285715
18 0.5 0.5267857142857143 0.052734375 0.4017857142857143
18 0.560546875 0.5625 0.06640625 0.39285714285714285
18 0.623046875 0.5714285714285714 0.052734375 0.39285714285714285
18 0.671875 0.5892857142857143 0.04296875 0.39285714285714285
18 0.71875 0.6071428571428571 0.052734375 0.4017857142857143
18 0.7734375 0.6339285714285714 0.0546875 0.4017857142857143
18 0.826171875 0.6428571428571429 0.0546875 0.41964285714285715
18 0.880859375 0.6696428571428571 0.052734375 0.39285714285714285
18 0.93359375 0.6875 0.05078125 0.39285714285714285