18 0.806640625 0.4344262295081967 0.03515625 0.5163934426229508
18 0.859375 0.4344262295081967 0.056640625 0.5163934426229508
18 0.921875 0.4344262295081967 0.05859375 0.5409836065573771
18 0.693359375 0.4426229508196721 0.03515625 0.5
18 0.748046875 0.4426229508196721 0.056640625 0.5245901639344263
18 0.63671875 0.45901639344262296 0.056640625 0.5
18 0.37890625 0.47540983606557374 0.0390625 0.47540983606557374
18 0.533203125 0.47540983606557374 0.06640625 0.5
18 0.583984375 0.47540983606557374 0.056640625 0.5
18 0.4765625 0.47540983606557374 0.056640625 0.5163934426229508
18 0.326171875 0.48360655737704916 0.052734375 0.47540983606557374
18 0.42578125 0.4918032786885246 0.056640625 0.5163934426229508
18 0.0859375 0.4918032786885246 0.05859375 0.48360655737704916
18 0.1796875 0.5 0.044921875 0.47540983606557374
18 0.228515625 0.5 0.052734375 0.47540983606557374
18 0.2734375 0.5 0.056640625 0.5
18 0.1328125 0.5163934426229508 0.052734375 0.47540983606557374