18 0.658203125 0.5979381443298969 0.0390625 0.26804123711340205
18 0.71484375 0.6288659793814433 0.05859375 0.28350515463917525
18 0.765625 0.6597938144329897 0.037109375 0.25257731958762886
18 0.822265625 0.7010309278350515 0.05859375 0.26288659793814434
18 0.87890625 0.7216494845360825 0.052734375 0.26288659793814434
18 0.93359375 0.7628865979381443 0.056640625 0.26288659793814434
18 0.0625 0.21649484536082475 0.064453125 0.26804123711340205
18 0.123046875 0.25773195876288657 0.08203125 0.28350515463917525
18 0.19140625 0.29896907216494845 0.048828125 0.25257731958762886
18 0.248046875 0.32989690721649484 0.056640625 0.25773195876288657
18 0.298828125 0.36597938144329895 0.0546875 0.26804123711340205
18 0.34765625 0.39690721649484534 0.052734375 0.26288659793814434
18 0.396484375 0.422680412371134 0.0625 0.27835051546391754
18 0.451171875 0.4587628865979381 0.05859375 0.28350515463917525
18 0.501953125 0.4948453608247423 0.052734375 0.26288659793814434
18 0.552734375 0.520618556701031 0.0625 0.29381443298969073
18 0.60546875 0.5567010309278351 0.060546875 0.28865979381443296