18 0.759765625 0.6470588235294118 0.064453125 0.2823529411764706
18 0.810546875 0.6823529411764706 0.052734375 0.2823529411764706
18 0.8671875 0.7176470588235294 0.05859375 0.2823529411764706
18 0.923828125 0.7470588235294118 0.0546875 0.2823529411764706
18 0.080078125 0.2411764705882353 0.0703125 0.29411764705882354
18 0.12890625 0.27647058823529413 0.056640625 0.27058823529411763
18 0.1796875 0.31176470588235294 0.05078125 0.2647058823529412
18 0.234375 0.3411764705882353 0.05859375 0.2647058823529412
18 0.279296875 0.3764705882352941 0.060546875 0.27647058823529413
18 0.33203125 0.40588235294117647 0.05078125 0.27058823529411763
18 0.390625 0.43529411764705883 0.037109375 0.2647058823529412
18 0.43359375 0.4588235294117647 0.060546875 0.28823529411764703
18 0.486328125 0.49411764705882355 0.064453125 0.27647058823529413
18 0.541015625 0.5294117647058824 0.072265625 0.29411764705882354
18 0.59375 0.5588235294117647 0.060546875 0.2823529411764706
18 0.64453125 0.6 0.060546875 0.2823529411764706
18 0.701171875 0.6235294117647059 0.052734375 0.2823529411764706