18 0.064453125 0.3235294117647059 0.060546875 0.35294117647058826
18 0.123046875 0.3431372549019608 0.080078125 0.38235294117647056
18 0.1875 0.37254901960784315 0.056640625 0.35294117647058826
18 0.23828125 0.4019607843137255 0.05859375 0.39215686274509803
18 0.29296875 0.4117647058823529 0.060546875 0.38235294117647056
18 0.34375 0.43137254901960786 0.046875 0.39215686274509803
18 0.38671875 0.46078431372549017 0.041015625 0.35294117647058826
18 0.44140625 0.47058823529411764 0.068359375 0.38235294117647056
18 0.5 0.49019607843137253 0.06640625 0.39215686274509803
18 0.56640625 0.5294117647058824 0.07421875 0.39215686274509803
18 0.626953125 0.5588235294117647 0.05078125 0.39215686274509803
18 0.67578125 0.5686274509803921 0.05078125 0.38235294117647056
18 0.7265625 0.6078431372549019 0.05859375 0.39215686274509803
18 0.77734375 0.6078431372549019 0.0546875 0.39215686274509803
18 0.828125 0.6470588235294118 0.0546875 0.4215686274509804
18 0.880859375 0.6568627450980392 0.05859375 0.38235294117647056
18 0.935546875 0.6764705882352942 0.060546875 0.39215686274509803