18 0.09375 0.41 0.05859375 0.48
18 0.0390625 0.43 0.056640625 0.5
18 0.1484375 0.43 0.060546875 0.45
18 0.197265625 0.45 0.064453125 0.47
18 0.306640625 0.46 0.07421875 0.44
18 0.251953125 0.46 0.05859375 0.46
18 0.365234375 0.47 0.05859375 0.45
18 0.470703125 0.47 0.060546875 0.47
18 0.419921875 0.48 0.060546875 0.46
18 0.53515625 0.49 0.078125 0.47
18 0.59765625 0.49 0.0625 0.46
18 0.71484375 0.5 0.05859375 0.44
18 0.76953125 0.51 0.064453125 0.43
18 0.654296875 0.52 0.064453125 0.46
18 0.826171875 0.52 0.06640625 0.47
18 0.890625 0.52 0.0625 0.47
18 0.9453125 0.52 0.0625 0.45