18 0.822265625 0.28654970760233917 0.0625 0.18128654970760233
18 0.759765625 0.3333333333333333 0.0703125 0.16374269005847952
18 0.708984375 0.3830409356725146 0.078125 0.16374269005847952
18 0.65234375 0.43567251461988304 0.0859375 0.15497076023391812
18 0.603515625 0.48830409356725146 0.08984375 0.14619883040935672
18 0.5546875 0.5263157894736842 0.072265625 0.16374269005847952
18 0.505859375 0.5584795321637427 0.072265625 0.15789473684210525
18 0.46484375 0.5935672514619883 0.072265625 0.1608187134502924
18 0.41796875 0.6286549707602339 0.0859375 0.14912280701754385
18 0.365234375 0.6783625730994152 0.0859375 0.17251461988304093
18 0.30859375 0.7251461988304093 0.06640625 0.16666666666666666
18 0.265625 0.7660818713450293 0.083984375 0.14619883040935672
18 0.21484375 0.804093567251462 0.078125 0.16374269005847952
18 0.16015625 0.8450292397660819 0.072265625 0.16666666666666666
18 0.962890625 0.13742690058479531 0.068359375 0.16374269005847952
18 0.923828125 0.19298245614035087 0.083984375 0.14912280701754385
18 0.87109375 0.24269005847953215 0.07421875 0.15497076023391812