18 0.94140625 0.4383561643835616 0.052734375 0.5136986301369864
18 0.884765625 0.4452054794520548 0.0546875 0.5205479452054794
18 0.82421875 0.4520547945205479 0.052734375 0.5205479452054794
18 0.767578125 0.4726027397260274 0.046875 0.5068493150684932
18 0.720703125 0.4726027397260274 0.033203125 0.5068493150684932
18 0.677734375 0.4931506849315068 0.046875 0.5136986301369864
18 0.62109375 0.5 0.05859375 0.5136986301369864
18 0.560546875 0.5205479452054794 0.05859375 0.5273972602739726
18 0.5 0.5342465753424658 0.052734375 0.5136986301369864
18 0.4453125 0.541095890410959 0.048828125 0.5068493150684932
18 0.40234375 0.5547945205479452 0.037109375 0.5136986301369864
18 0.353515625 0.5616438356164384 0.052734375 0.5273972602739726
18 0.296875 0.5684931506849316 0.05859375 0.5136986301369864
18 0.236328125 0.5821917808219178 0.056640625 0.5136986301369864
18 0.173828125 0.5958904109589042 0.0546875 0.5273972602739726
18 0.115234375 0.6027397260273972 0.052734375 0.5136986301369864
18 0.056640625 0.6164383561643836 0.05859375 0.5136986301369864