18 0.064453125 0.45348837209302323 0.05859375 0.5232558139534884
18 0.169921875 0.45348837209302323 0.0703125 0.5465116279069767
18 0.23046875 0.46511627906976744 0.0625 0.5116279069767442
18 0.27734375 0.47674418604651164 0.052734375 0.5232558139534884
18 0.33203125 0.47674418604651164 0.0625 0.5232558139534884
18 0.11328125 0.47674418604651164 0.046875 0.4883720930232558
18 0.388671875 0.4883720930232558 0.048828125 0.5581395348837209
18 0.5 0.4883720930232558 0.08203125 0.5813953488372093
18 0.572265625 0.5 0.07421875 0.5232558139534884
18 0.642578125 0.5 0.07421875 0.5232558139534884
18 0.4375 0.5 0.048828125 0.5116279069767442
18 0.701171875 0.5116279069767442 0.046875 0.46511627906976744
18 0.80078125 0.5232558139534884 0.052734375 0.46511627906976744
18 0.75 0.5232558139534884 0.041015625 0.46511627906976744
18 0.849609375 0.5348837209302325 0.05078125 0.47674418604651164
18 0.8984375 0.5348837209302325 0.052734375 0.47674418604651164
18 0.94921875 0.5465116279069767 0.05078125 0.47674418604651164