18 0.931640625 0.41379310344827586 0.046875 0.603448275862069
18 0.884765625 0.43103448275862066 0.056640625 0.6120689655172413
18 0.833984375 0.43103448275862066 0.056640625 0.603448275862069
18 0.78515625 0.4396551724137931 0.048828125 0.6120689655172413
18 0.73828125 0.4482758620689655 0.048828125 0.6379310344827587
18 0.689453125 0.45689655172413796 0.060546875 0.6293103448275862
18 0.583984375 0.46551724137931033 0.0546875 0.6551724137931034
18 0.6328125 0.46551724137931033 0.044921875 0.6379310344827587
18 0.529296875 0.47413793103448276 0.0546875 0.646551724137931
18 0.4765625 0.4827586206896552 0.05859375 0.6551724137931034
18 0.421875 0.49137931034482757 0.052734375 0.6551724137931034
18 0.369140625 0.49137931034482757 0.056640625 0.646551724137931
18 0.314453125 0.5086206896551724 0.052734375 0.6379310344827587
18 0.255859375 0.5172413793103449 0.056640625 0.646551724137931
18 0.19921875 0.5258620689655172 0.0546875 0.646551724137931
18 0.140625 0.5258620689655172 0.052734375 0.6379310344827587
18 0.083984375 0.5431034482758621 0.0703125 0.6551724137931034