18 0.9375 0.47435897435897434 0.06640625 0.7307692307692307
18 0.197265625 0.48717948717948717 0.052734375 0.6282051282051282
18 0.41015625 0.48717948717948717 0.048828125 0.6666666666666666
18 0.875 0.48717948717948717 0.056640625 0.717948717948718
18 0.578125 0.48717948717948717 0.056640625 0.6538461538461539
18 0.814453125 0.48717948717948717 0.060546875 0.7307692307692307
18 0.25 0.48717948717948717 0.05078125 0.6282051282051282
18 0.359375 0.48717948717948717 0.05078125 0.6538461538461539
18 0.521484375 0.48717948717948717 0.05859375 0.6666666666666666
18 0.751953125 0.48717948717948717 0.05859375 0.6923076923076923
18 0.146484375 0.5 0.04296875 0.6153846153846154
18 0.462890625 0.5 0.056640625 0.6666666666666666
18 0.048828125 0.5 0.052734375 0.6153846153846154
18 0.306640625 0.5 0.056640625 0.6538461538461539
18 0.6953125 0.5 0.052734375 0.7051282051282052
18 0.09765625 0.5 0.048828125 0.6025641025641025
18 0.634765625 0.5128205128205128 0.060546875 0.7051282051282052