18 0.078125 0.4479166666666667 0.05859375 0.5729166666666666
18 0.126953125 0.4479166666666667 0.048828125 0.5625
18 0.23046875 0.4583333333333333 0.0546875 0.5520833333333334
18 0.33203125 0.4583333333333333 0.056640625 0.5729166666666666
18 0.1796875 0.4583333333333333 0.056640625 0.5520833333333334
18 0.28125 0.4583333333333333 0.0546875 0.5625
18 0.435546875 0.4583333333333333 0.048828125 0.5833333333333334
18 0.486328125 0.4583333333333333 0.0546875 0.5833333333333334
18 0.384765625 0.46875 0.056640625 0.5729166666666666
18 0.537109375 0.4791666666666667 0.052734375 0.5729166666666666
18 0.591796875 0.4791666666666667 0.052734375 0.5729166666666666
18 0.64453125 0.4791666666666667 0.056640625 0.59375
18 0.751953125 0.4791666666666667 0.056640625 0.59375
18 0.701171875 0.4895833333333333 0.06640625 0.6041666666666666
18 0.806640625 0.4895833333333333 0.056640625 0.5729166666666666
18 0.857421875 0.5 0.046875 0.5625
18 0.916015625 0.5104166666666666 0.072265625 0.5729166666666666