18 0.07421875 0.3888888888888889 0.05859375 0.4444444444444444
18 0.181640625 0.4074074074074074 0.060546875 0.4351851851851852
18 0.126953125 0.4074074074074074 0.056640625 0.4444444444444444
18 0.234375 0.4351851851851852 0.060546875 0.4444444444444444
18 0.287109375 0.4444444444444444 0.060546875 0.4351851851851852
18 0.337890625 0.4537037037037037 0.052734375 0.42592592592592593
18 0.390625 0.4722222222222222 0.056640625 0.4537037037037037
18 0.443359375 0.49074074074074076 0.060546875 0.4444444444444444
18 0.498046875 0.5092592592592593 0.052734375 0.4444444444444444
18 0.55078125 0.5185185185185185 0.0625 0.4722222222222222
18 0.603515625 0.5370370370370371 0.05859375 0.4444444444444444
18 0.65625 0.5555555555555556 0.052734375 0.46296296296296297
18 0.7109375 0.5740740740740741 0.05859375 0.46296296296296297
18 0.765625 0.5925925925925926 0.056640625 0.4444444444444444
18 0.8203125 0.6018518518518519 0.056640625 0.4537037037037037
18 0.875 0.6203703703703703 0.0546875 0.4722222222222222
18 0.927734375 0.6388888888888888 0.05859375 0.48148148148148145