18 0.234375 0.2148936170212766 0.09765625 0.09574468085106383
18 0.2890625 0.2723404255319149 0.080078125 0.0851063829787234
18 0.333984375 0.31063829787234043 0.078125 0.08297872340425531
18 0.380859375 0.3553191489361702 0.076171875 0.08723404255319149
18 0.4296875 0.39574468085106385 0.068359375 0.07021276595744681
18 0.48046875 0.43829787234042555 0.0703125 0.07234042553191489
18 0.521484375 0.4808510638297872 0.078125 0.08936170212765958
18 0.572265625 0.5255319148936171 0.068359375 0.07446808510638298
18 0.62890625 0.5787234042553191 0.095703125 0.10212765957446808
18 0.69140625 0.6297872340425532 0.072265625 0.07659574468085106
18 0.740234375 0.676595744680851 0.06640625 0.07659574468085106
18 0.78515625 0.7212765957446808 0.076171875 0.08085106382978724
18 0.83984375 0.7659574468085106 0.06640625 0.07234042553191489
18 0.890625 0.8127659574468085 0.0703125 0.07659574468085106
18 0.94140625 0.8574468085106383 0.0703125 0.07659574468085106
18 0.115234375 0.11063829787234042 0.091796875 0.09787234042553192
18 0.177734375 0.16170212765957448 0.072265625 0.08085106382978724