18 0.638671875 0.54 0.056640625 0.3333333333333333
18 0.6953125 0.5666666666666667 0.060546875 0.3333333333333333
18 0.755859375 0.6 0.05859375 0.34
18 0.81640625 0.6266666666666667 0.03515625 0.3466666666666667
18 0.875 0.6666666666666666 0.060546875 0.36666666666666664
18 0.94140625 0.6933333333333334 0.064453125 0.36
18 0.060546875 0.22 0.064453125 0.32
18 0.107421875 0.24666666666666667 0.056640625 0.3
18 0.15625 0.2733333333333333 0.048828125 0.31333333333333335
18 0.20703125 0.3 0.060546875 0.3
18 0.25390625 0.32 0.060546875 0.3
18 0.310546875 0.36 0.060546875 0.30666666666666664
18 0.369140625 0.38666666666666666 0.0390625 0.3
18 0.4140625 0.42 0.05078125 0.31333333333333335
18 0.46875 0.44666666666666666 0.0625 0.32
18 0.525390625 0.47333333333333333 0.068359375 0.3333333333333333
18 0.578125 0.5066666666666667 0.0625 0.3466666666666667