18 0.076171875 0.43333333333333335 0.048828125 0.43333333333333335
18 0.126953125 0.4444444444444444 0.0625 0.4777777777777778
18 0.181640625 0.4444444444444444 0.0625 0.4444444444444444
18 0.240234375 0.45555555555555555 0.05859375 0.45555555555555555
18 0.349609375 0.4666666666666667 0.0390625 0.4444444444444444
18 0.30078125 0.4777777777777778 0.060546875 0.45555555555555555
18 0.40234375 0.4777777777777778 0.0625 0.45555555555555555
18 0.458984375 0.4777777777777778 0.05859375 0.4444444444444444
18 0.515625 0.4777777777777778 0.06640625 0.4444444444444444
18 0.576171875 0.5111111111111111 0.056640625 0.4444444444444444
18 0.6328125 0.5111111111111111 0.056640625 0.45555555555555555
18 0.681640625 0.5222222222222223 0.03515625 0.45555555555555555
18 0.73046875 0.5222222222222223 0.056640625 0.45555555555555555
18 0.783203125 0.5333333333333333 0.056640625 0.4444444444444444
18 0.83203125 0.5555555555555556 0.037109375 0.45555555555555555
18 0.93359375 0.5666666666666667 0.04296875 0.45555555555555555
18 0.880859375 0.5666666666666667 0.056640625 0.4444444444444444