18 0.654296875 0.37593984962406013 0.103515625 0.18421052631578946
18 0.58984375 0.42857142857142855 0.1015625 0.19548872180451127
18 0.537109375 0.48872180451127817 0.083984375 0.18796992481203006
18 0.47265625 0.5225563909774437 0.068359375 0.16541353383458646
18 0.421875 0.5676691729323309 0.076171875 0.17293233082706766
18 0.37109375 0.6090225563909775 0.078125 0.15789473684210525
18 0.3125 0.6541353383458647 0.10546875 0.19172932330827067
18 0.25 0.706766917293233 0.103515625 0.20300751879699247
18 0.158203125 0.7631578947368421 0.1328125 0.21804511278195488
18 0.08203125 0.8383458646616542 0.115234375 0.20676691729323307
18 0.974609375 0.11278195488721804 0.046875 0.15789473684210525
18 0.93359375 0.15037593984962405 0.06640625 0.14661654135338345
18 0.892578125 0.18421052631578946 0.0703125 0.15037593984962405
18 0.849609375 0.21804511278195488 0.068359375 0.14661654135338345
18 0.810546875 0.2518796992481203 0.068359375 0.15037593984962405
18 0.765625 0.2932330827067669 0.0703125 0.14661654135338345
18 0.716796875 0.3233082706766917 0.076171875 0.15789473684210525