18 0.095703125 0.45454545454545453 0.052734375 0.5909090909090909
18 0.1484375 0.4818181818181818 0.046875 0.5909090909090909
18 0.201171875 0.4818181818181818 0.052734375 0.5909090909090909
18 0.25390625 0.4818181818181818 0.052734375 0.6181818181818182
18 0.408203125 0.4909090909090909 0.05078125 0.6090909090909091
18 0.51171875 0.4909090909090909 0.046875 0.6090909090909091
18 0.302734375 0.4909090909090909 0.05078125 0.6363636363636364
18 0.35546875 0.5 0.046875 0.6181818181818182
18 0.45703125 0.5 0.052734375 0.6181818181818182
18 0.560546875 0.5 0.046875 0.5909090909090909
18 0.712890625 0.5 0.052734375 0.5909090909090909
18 0.81640625 0.5 0.04296875 0.5909090909090909
18 0.923828125 0.5 0.052734375 0.6181818181818182
18 0.61328125 0.509090909090909 0.05078125 0.5727272727272728
18 0.662109375 0.509090909090909 0.052734375 0.5727272727272728
18 0.87109375 0.509090909090909 0.056640625 0.5909090909090909
18 0.767578125 0.5181818181818182 0.052734375 0.5909090909090909