18 0.92578125 0.28191489361702127 0.0546875 0.35106382978723405
18 0.865234375 0.3191489361702128 0.05859375 0.3723404255319149
18 0.8046875 0.35106382978723405 0.05859375 0.3670212765957447
18 0.74609375 0.3776595744680851 0.05859375 0.3723404255319149
18 0.685546875 0.39893617021276595 0.0546875 0.35638297872340424
18 0.626953125 0.43617021276595747 0.052734375 0.35106382978723405
18 0.5703125 0.4574468085106383 0.05078125 0.35106382978723405
18 0.513671875 0.5106382978723404 0.060546875 0.3723404255319149
18 0.455078125 0.5319148936170213 0.05859375 0.34574468085106386
18 0.40234375 0.5478723404255319 0.05078125 0.32978723404255317
18 0.357421875 0.5691489361702128 0.05078125 0.3351063829787234
18 0.30078125 0.6063829787234043 0.05078125 0.34574468085106386
18 0.25 0.6223404255319149 0.05078125 0.34574468085106386
18 0.201171875 0.648936170212766 0.052734375 0.34574468085106386
18 0.1484375 0.6648936170212766 0.05078125 0.35106382978723405
18 0.09765625 0.6861702127659575 0.044921875 0.35638297872340424
18 0.05078125 0.7127659574468085 0.046875 0.35106382978723405