18 0.822265625 0.6212121212121212 0.052734375 0.3939393939393939
18 0.880859375 0.6439393939393939 0.056640625 0.4015151515151515
18 0.939453125 0.6666666666666666 0.060546875 0.3939393939393939
18 0.056640625 0.3106060606060606 0.052734375 0.3787878787878788
18 0.109375 0.3409090909090909 0.048828125 0.3712121212121212
18 0.166015625 0.3560606060606061 0.048828125 0.3939393939393939
18 0.21875 0.38636363636363635 0.052734375 0.4166666666666667
18 0.26953125 0.3939393939393939 0.052734375 0.36363636363636365
18 0.32421875 0.4166666666666667 0.05078125 0.3939393939393939
18 0.376953125 0.4393939393939394 0.046875 0.3939393939393939
18 0.4296875 0.4696969696969697 0.041015625 0.3939393939393939
18 0.486328125 0.4772727272727273 0.0546875 0.3939393939393939
18 0.54296875 0.5075757575757576 0.0546875 0.42424242424242425
18 0.59765625 0.5303030303030303 0.05078125 0.4015151515151515
18 0.65234375 0.553030303030303 0.052734375 0.4166666666666667
18 0.70703125 0.5757575757575758 0.0546875 0.3939393939393939
18 0.76171875 0.5984848484848485 0.046875 0.3939393939393939