18 0.076171875 0.49193548387096775 0.072265625 0.6129032258064516
18 0.140625 0.5 0.0625 0.6290322580645161
18 0.1953125 0.5080645161290323 0.0625 0.6129032258064516
18 0.3046875 0.5080645161290323 0.0625 0.6290322580645161
18 0.359375 0.5080645161290323 0.060546875 0.6290322580645161
18 0.25 0.5080645161290323 0.0625 0.6290322580645161
18 0.470703125 0.5161290322580645 0.060546875 0.6370967741935484
18 0.62890625 0.5161290322580645 0.046875 0.6129032258064516
18 0.677734375 0.5161290322580645 0.0546875 0.6129032258064516
18 0.41796875 0.5241935483870968 0.060546875 0.6048387096774194
18 0.517578125 0.5241935483870968 0.0546875 0.6290322580645161
18 0.728515625 0.5241935483870968 0.0546875 0.6290322580645161
18 0.779296875 0.5241935483870968 0.060546875 0.6048387096774194
18 0.576171875 0.5241935483870968 0.068359375 0.6129032258064516
18 0.880859375 0.5241935483870968 0.052734375 0.5725806451612904
18 0.83203125 0.532258064516129 0.056640625 0.5806451612903226
18 0.931640625 0.532258064516129 0.068359375 0.5806451612903226