18 0.0625 0.4117647058823529 0.056640625 0.5588235294117647
18 0.111328125 0.4215686274509804 0.05078125 0.5490196078431373
18 0.162109375 0.43137254901960786 0.05078125 0.5294117647058824
18 0.212890625 0.43137254901960786 0.05859375 0.5392156862745098
18 0.265625 0.45098039215686275 0.052734375 0.5490196078431373
18 0.318359375 0.47058823529411764 0.0546875 0.5392156862745098
18 0.37109375 0.47058823529411764 0.0390625 0.5392156862745098
18 0.42578125 0.4803921568627451 0.056640625 0.5294117647058824
18 0.4765625 0.4803921568627451 0.052734375 0.5392156862745098
18 0.53125 0.5 0.05859375 0.5392156862745098
18 0.587890625 0.5 0.056640625 0.5294117647058824
18 0.701171875 0.5196078431372549 0.03515625 0.5490196078431373
18 0.64453125 0.5196078431372549 0.05078125 0.5392156862745098
18 0.755859375 0.5294117647058824 0.0546875 0.5490196078431373
18 0.814453125 0.5490196078431373 0.052734375 0.5686274509803921
18 0.87109375 0.5686274509803921 0.05859375 0.5588235294117647
18 0.9296875 0.5686274509803921 0.0546875 0.5392156862745098