18 0.94140625 0.43243243243243246 0.056640625 0.6621621621621622
18 0.884765625 0.4594594594594595 0.052734375 0.6216216216216216
18 0.830078125 0.4594594594594595 0.056640625 0.581081081081081
18 0.7734375 0.4594594594594595 0.0390625 0.5945945945945946
18 0.662109375 0.47297297297297297 0.056640625 0.6216216216216216
18 0.716796875 0.4864864864864865 0.0546875 0.6351351351351351
18 0.60546875 0.4864864864864865 0.05859375 0.6216216216216216
18 0.486328125 0.5 0.056640625 0.6081081081081081
18 0.431640625 0.5135135135135135 0.060546875 0.5945945945945946
18 0.236328125 0.5135135135135135 0.068359375 0.6081081081081081
18 0.328125 0.5135135135135135 0.060546875 0.581081081081081
18 0.380859375 0.5135135135135135 0.052734375 0.5675675675675675
18 0.548828125 0.5135135135135135 0.056640625 0.6081081081081081
18 0.283203125 0.5135135135135135 0.044921875 0.581081081081081
18 0.125 0.527027027027027 0.05859375 0.5675675675675675
18 0.181640625 0.527027027027027 0.056640625 0.5945945945945946
18 0.064453125 0.5405405405405406 0.078125 0.527027027027027