18 0.6171875 0.5797101449275363 0.060546875 0.26811594202898553
18 0.681640625 0.6159420289855072 0.046875 0.2536231884057971
18 0.734375 0.644927536231884 0.046875 0.2608695652173913
18 0.7890625 0.6739130434782609 0.05078125 0.2463768115942029
18 0.845703125 0.7101449275362319 0.046875 0.2463768115942029
18 0.90234375 0.7463768115942029 0.048828125 0.2536231884057971
18 0.958984375 0.782608695652174 0.052734375 0.2463768115942029
18 0.03515625 0.2391304347826087 0.041015625 0.2391304347826087
18 0.091796875 0.26811594202898553 0.05078125 0.2463768115942029
18 0.14453125 0.2898550724637681 0.046875 0.2246376811594203
18 0.19921875 0.3333333333333333 0.052734375 0.2463768115942029
18 0.255859375 0.36231884057971014 0.04296875 0.2536231884057971
18 0.310546875 0.391304347826087 0.056640625 0.2608695652173913
18 0.373046875 0.427536231884058 0.052734375 0.2826086956521739
18 0.43359375 0.463768115942029 0.052734375 0.26811594202898553
18 0.48828125 0.5 0.04296875 0.2246376811594203
18 0.552734375 0.5289855072463768 0.06640625 0.26811594202898553