18 0.267578125 0.4878048780487805 0.0703125 0.4878048780487805
18 0.0703125 0.4878048780487805 0.072265625 0.4634146341463415
18 0.14453125 0.4878048780487805 0.091796875 0.4634146341463415
18 0.2109375 0.4878048780487805 0.0546875 0.5
18 0.32421875 0.4878048780487805 0.052734375 0.45121951219512196
18 0.41796875 0.5 0.048828125 0.4634146341463415
18 0.517578125 0.5 0.06640625 0.4878048780487805
18 0.576171875 0.5 0.060546875 0.4878048780487805
18 0.677734375 0.5 0.056640625 0.4878048780487805
18 0.37109375 0.5121951219512195 0.046875 0.5
18 0.771484375 0.5121951219512195 0.05078125 0.47560975609756095
18 0.91796875 0.5121951219512195 0.060546875 0.4634146341463415
18 0.462890625 0.524390243902439 0.0546875 0.47560975609756095
18 0.62890625 0.524390243902439 0.048828125 0.43902439024390244
18 0.7265625 0.524390243902439 0.046875 0.45121951219512196
18 0.822265625 0.524390243902439 0.052734375 0.47560975609756095
18 0.8671875 0.524390243902439 0.044921875 0.47560975609756095