18 0.9296875 0.3879310344827586 0.05859375 0.5258620689655172
18 0.865234375 0.39655172413793105 0.0546875 0.5
18 0.80859375 0.41379310344827586 0.05078125 0.5086206896551724
18 0.751953125 0.4224137931034483 0.052734375 0.5086206896551724
18 0.693359375 0.4482758620689655 0.046875 0.47413793103448276
18 0.5859375 0.46551724137931033 0.05078125 0.49137931034482757
18 0.533203125 0.47413793103448276 0.052734375 0.47413793103448276
18 0.640625 0.47413793103448276 0.048828125 0.5086206896551724
18 0.4765625 0.5 0.046875 0.46551724137931033
18 0.375 0.5086206896551724 0.04296875 0.46551724137931033
18 0.42578125 0.5086206896551724 0.048828125 0.47413793103448276
18 0.3203125 0.5258620689655172 0.048828125 0.45689655172413796
18 0.271484375 0.5603448275862069 0.041015625 0.46551724137931033
18 0.220703125 0.5689655172413793 0.0546875 0.46551724137931033
18 0.16796875 0.5862068965517241 0.044921875 0.4396551724137931
18 0.119140625 0.5948275862068966 0.0390625 0.45689655172413796
18 0.072265625 0.6120689655172413 0.04296875 0.5