18 0.9296875 0.43859649122807015 0.0546875 0.6491228070175439
18 0.873046875 0.4473684210526316 0.05078125 0.6578947368421053
18 0.818359375 0.4473684210526316 0.05078125 0.631578947368421
18 0.765625 0.4649122807017544 0.048828125 0.6403508771929824
18 0.712890625 0.47368421052631576 0.052734375 0.6403508771929824
18 0.654296875 0.47368421052631576 0.05078125 0.6491228070175439
18 0.59765625 0.4824561403508772 0.05859375 0.631578947368421
18 0.5390625 0.49122807017543857 0.05859375 0.6403508771929824
18 0.484375 0.5 0.052734375 0.6403508771929824
18 0.43359375 0.5087719298245614 0.048828125 0.6403508771929824
18 0.392578125 0.5175438596491229 0.03515625 0.6403508771929824
18 0.345703125 0.5263157894736842 0.0546875 0.631578947368421
18 0.29296875 0.5263157894736842 0.05078125 0.6228070175438597
18 0.2421875 0.5350877192982456 0.0546875 0.6228070175438597
18 0.185546875 0.543859649122807 0.052734375 0.6403508771929824
18 0.12890625 0.5526315789473685 0.048828125 0.6228070175438597
18 0.078125 0.5614035087719298 0.056640625 0.6403508771929824