18 0.9296875 0.38392857142857145 0.052734375 0.5267857142857143
18 0.875 0.4017857142857143 0.052734375 0.5357142857142857
18 0.826171875 0.41964285714285715 0.052734375 0.5267857142857143
18 0.771484375 0.42857142857142855 0.052734375 0.5357142857142857
18 0.720703125 0.42857142857142855 0.052734375 0.5267857142857143
18 0.66796875 0.45535714285714285 0.0546875 0.5446428571428571
18 0.615234375 0.4732142857142857 0.052734375 0.5535714285714286
18 0.5625 0.4732142857142857 0.05859375 0.5446428571428571
18 0.5078125 0.48214285714285715 0.05859375 0.5357142857142857
18 0.45703125 0.49107142857142855 0.052734375 0.5357142857142857
18 0.40234375 0.5089285714285714 0.05859375 0.5089285714285714
18 0.34765625 0.5267857142857143 0.052734375 0.5446428571428571
18 0.2421875 0.5357142857142857 0.052734375 0.5357142857142857
18 0.294921875 0.5446428571428571 0.0546875 0.5357142857142857
18 0.1875 0.5625 0.060546875 0.5357142857142857
18 0.1328125 0.5803571428571429 0.052734375 0.5357142857142857
18 0.080078125 0.5982142857142857 0.05859375 0.5535714285714286