18 0.44921875 0.46 0.052734375 0.22666666666666666
18 0.501953125 0.5 0.05859375 0.24666666666666667
18 0.568359375 0.54 0.078125 0.28
18 0.62890625 0.5866666666666667 0.05859375 0.23333333333333334
18 0.6796875 0.6266666666666667 0.052734375 0.21333333333333335
18 0.73046875 0.66 0.0546875 0.22666666666666666
18 0.783203125 0.6866666666666666 0.052734375 0.24666666666666667
18 0.833984375 0.74 0.052734375 0.25333333333333335
18 0.884765625 0.7666666666666667 0.05859375 0.21333333333333335
18 0.9375 0.8066666666666666 0.060546875 0.24
18 0.068359375 0.18666666666666668 0.060546875 0.24666666666666667
18 0.130859375 0.22 0.0859375 0.24666666666666667
18 0.197265625 0.28 0.05859375 0.26
18 0.255859375 0.32 0.06640625 0.24666666666666667
18 0.3125 0.36 0.052734375 0.24666666666666667
18 0.35546875 0.3933333333333333 0.052734375 0.23333333333333334
18 0.400390625 0.4266666666666667 0.044921875 0.22666666666666666