18 0.06640625 0.42045454545454547 0.060546875 0.4090909090909091
18 0.138671875 0.4318181818181818 0.087890625 0.4090909090909091
18 0.205078125 0.4431818181818182 0.056640625 0.3977272727272727
18 0.26171875 0.45454545454545453 0.06640625 0.3977272727272727
18 0.318359375 0.48863636363636365 0.05078125 0.4090909090909091
18 0.365234375 0.48863636363636365 0.052734375 0.3977272727272727
18 0.412109375 0.5 0.03515625 0.4090909090909091
18 0.458984375 0.5227272727272727 0.05078125 0.4090909090909091
18 0.515625 0.5227272727272727 0.056640625 0.4090909090909091
18 0.576171875 0.5340909090909091 0.05859375 0.4318181818181818
18 0.62890625 0.5568181818181818 0.048828125 0.4090909090909091
18 0.6796875 0.5681818181818182 0.05078125 0.3977272727272727
18 0.728515625 0.5795454545454546 0.048828125 0.4090909090909091
18 0.77734375 0.5909090909090909 0.0546875 0.4090909090909091
18 0.826171875 0.6136363636363636 0.05078125 0.38636363636363635
18 0.876953125 0.625 0.052734375 0.42045454545454547
18 0.931640625 0.6363636363636364 0.0546875 0.4090909090909091