18 0.943359375 0.43243243243243246 0.05859375 0.581081081081081
18 0.890625 0.43243243243243246 0.046875 0.6081081081081081
18 0.787109375 0.44594594594594594 0.0546875 0.5675675675675675
18 0.83984375 0.4594594594594595 0.052734375 0.5945945945945946
18 0.626953125 0.4594594594594595 0.06640625 0.6081081081081081
18 0.564453125 0.4594594594594595 0.0625 0.6081081081081081
18 0.685546875 0.47297297297297297 0.05078125 0.581081081081081
18 0.73828125 0.47297297297297297 0.048828125 0.6486486486486487
18 0.509765625 0.47297297297297297 0.05078125 0.5945945945945946
18 0.44921875 0.4864864864864865 0.0625 0.5540540540540541
18 0.287109375 0.5 0.05859375 0.5945945945945946
18 0.17578125 0.5 0.06640625 0.581081081081081
18 0.392578125 0.5 0.052734375 0.6081081081081081
18 0.234375 0.5135135135135135 0.056640625 0.5945945945945946
18 0.33984375 0.5135135135135135 0.048828125 0.5675675675675675
18 0.056640625 0.527027027027027 0.0703125 0.5675675675675675
18 0.1171875 0.527027027027027 0.060546875 0.5945945945945946