18 0.9140625 0.38333333333333336 0.046875 0.55
18 0.8046875 0.4 0.046875 0.5333333333333333
18 0.861328125 0.4 0.041015625 0.5166666666666667
18 0.755859375 0.43333333333333335 0.041015625 0.55
18 0.701171875 0.45 0.044921875 0.5166666666666667
18 0.6484375 0.45 0.044921875 0.5166666666666667
18 0.59765625 0.4666666666666667 0.046875 0.5333333333333333
18 0.44140625 0.5 0.041015625 0.55
18 0.494140625 0.5 0.048828125 0.6
18 0.544921875 0.5 0.044921875 0.6
18 0.388671875 0.5333333333333333 0.060546875 0.5166666666666667
18 0.279296875 0.5666666666666667 0.044921875 0.5666666666666667
18 0.33203125 0.5833333333333334 0.044921875 0.5666666666666667
18 0.224609375 0.5833333333333334 0.046875 0.5166666666666667
18 0.1640625 0.6 0.0546875 0.5166666666666667
18 0.099609375 0.6 0.05078125 0.55
18 0.04296875 0.6333333333333333 0.0546875 0.55