18 0.095703125 0.7 0.044921875 0.32142857142857145
18 0.056640625 0.7142857142857143 0.0390625 0.32142857142857145
18 0.919921875 0.3142857142857143 0.0703125 0.38571428571428573
18 0.8515625 0.35714285714285715 0.064453125 0.4142857142857143
18 0.787109375 0.39285714285714285 0.064453125 0.40714285714285714
18 0.7265625 0.40714285714285714 0.0546875 0.4
18 0.66796875 0.4785714285714286 0.060546875 0.4357142857142857
18 0.607421875 0.4857142857142857 0.060546875 0.38571428571428573
18 0.546875 0.5071428571428571 0.060546875 0.38571428571428573
18 0.48046875 0.5285714285714286 0.06640625 0.38571428571428573
18 0.416015625 0.55 0.052734375 0.35
18 0.3671875 0.5785714285714286 0.044921875 0.36428571428571427
18 0.32421875 0.5857142857142857 0.03515625 0.36428571428571427
18 0.28515625 0.6071428571428571 0.04296875 0.36428571428571427
18 0.23828125 0.6357142857142857 0.04296875 0.37857142857142856
18 0.193359375 0.65 0.046875 0.36428571428571427
18 0.14453125 0.6714285714285714 0.046875 0.35