18 0.841796875 0.4074074074074074 0.0390625 0.5555555555555556
18 0.935546875 0.4074074074074074 0.052734375 0.5555555555555556
18 0.88671875 0.4166666666666667 0.052734375 0.5370370370370371
18 0.798828125 0.4166666666666667 0.052734375 0.5555555555555556
18 0.748046875 0.4351851851851852 0.048828125 0.5370370370370371
18 0.6953125 0.4537037037037037 0.05859375 0.5370370370370371
18 0.640625 0.46296296296296297 0.0546875 0.5648148148148148
18 0.591796875 0.4722222222222222 0.052734375 0.5740740740740741
18 0.546875 0.48148148148148145 0.060546875 0.5925925925925926
18 0.494140625 0.5 0.060546875 0.6018518518518519
18 0.380859375 0.5092592592592593 0.072265625 0.5925925925925926
18 0.439453125 0.5092592592592593 0.060546875 0.6203703703703703
18 0.322265625 0.5277777777777778 0.0625 0.6018518518518519
18 0.263671875 0.5277777777777778 0.068359375 0.6203703703703703
18 0.201171875 0.5370370370370371 0.0625 0.6296296296296297
18 0.087890625 0.5555555555555556 0.0625 0.6296296296296297
18 0.140625 0.5555555555555556 0.06640625 0.6296296296296297