18 0.068359375 0.39622641509433965 0.056640625 0.49056603773584906
18 0.123046875 0.41509433962264153 0.056640625 0.5
18 0.17578125 0.42452830188679247 0.048828125 0.4811320754716981
18 0.2265625 0.4339622641509434 0.0546875 0.4811320754716981
18 0.279296875 0.4339622641509434 0.056640625 0.5
18 0.333984375 0.46226415094339623 0.0625 0.4716981132075472
18 0.384765625 0.49056603773584906 0.056640625 0.49056603773584906
18 0.44140625 0.49056603773584906 0.05859375 0.4811320754716981
18 0.494140625 0.5 0.05859375 0.49056603773584906
18 0.55078125 0.5188679245283019 0.060546875 0.49056603773584906
18 0.60546875 0.5283018867924528 0.056640625 0.5
18 0.658203125 0.5471698113207547 0.056640625 0.5
18 0.712890625 0.5660377358490566 0.0625 0.5377358490566038
18 0.765625 0.5754716981132075 0.05078125 0.49056603773584906
18 0.81640625 0.5943396226415094 0.0546875 0.49056603773584906
18 0.875 0.6132075471698113 0.0703125 0.5
18 0.935546875 0.6226415094339622 0.0703125 0.5283018867924528