18 0.08203125 0.29012345679012347 0.064453125 0.2777777777777778
18 0.14453125 0.3271604938271605 0.0859375 0.30246913580246915
18 0.212890625 0.35185185185185186 0.060546875 0.2839506172839506
18 0.26953125 0.3888888888888889 0.068359375 0.2839506172839506
18 0.322265625 0.41975308641975306 0.052734375 0.25925925925925924
18 0.369140625 0.4506172839506173 0.0546875 0.2777777777777778
18 0.4140625 0.47530864197530864 0.04296875 0.2839506172839506
18 0.4609375 0.5 0.0546875 0.2716049382716049
18 0.513671875 0.5185185185185185 0.064453125 0.2962962962962963
18 0.57421875 0.5555555555555556 0.06640625 0.3148148148148148
18 0.62890625 0.5987654320987654 0.0546875 0.2962962962962963
18 0.6796875 0.6296296296296297 0.0546875 0.2716049382716049
18 0.724609375 0.654320987654321 0.044921875 0.2716049382716049
18 0.775390625 0.6790123456790124 0.064453125 0.2839506172839506
18 0.826171875 0.6975308641975309 0.05859375 0.30246913580246915
18 0.876953125 0.7407407407407407 0.060546875 0.2839506172839506
18 0.92578125 0.7654320987654321 0.046875 0.2777777777777778