18 0.8203125 0.46078431372549017 0.064453125 0.5
18 0.916015625 0.46078431372549017 0.05859375 0.5294117647058824
18 0.78125 0.4803921568627451 0.06640625 0.5098039215686274
18 0.869140625 0.4803921568627451 0.05859375 0.5098039215686274
18 0.69921875 0.4803921568627451 0.076171875 0.5
18 0.740234375 0.4803921568627451 0.060546875 0.5196078431372549
18 0.52734375 0.49019607843137253 0.08984375 0.5294117647058824
18 0.587890625 0.49019607843137253 0.08984375 0.5098039215686274
18 0.64453125 0.49019607843137253 0.080078125 0.5098039215686274
18 0.4296875 0.5 0.060546875 0.5098039215686274
18 0.2578125 0.5 0.0859375 0.5686274509803921
18 0.470703125 0.5 0.076171875 0.5196078431372549
18 0.080078125 0.5098039215686274 0.08203125 0.5980392156862745
18 0.125 0.5098039215686274 0.08203125 0.5588235294117647
18 0.314453125 0.5196078431372549 0.083984375 0.5882352941176471
18 0.37890625 0.5196078431372549 0.0859375 0.5392156862745098
18 0.185546875 0.5196078431372549 0.080078125 0.5882352941176471