18 0.8515625 0.4489795918367347 0.052734375 0.5918367346938775
18 0.90234375 0.4489795918367347 0.0546875 0.6122448979591837
18 0.701171875 0.45918367346938777 0.052734375 0.6224489795918368
18 0.751953125 0.45918367346938777 0.052734375 0.5918367346938775
18 0.802734375 0.45918367346938777 0.05078125 0.5918367346938775
18 0.498046875 0.47959183673469385 0.052734375 0.6122448979591837
18 0.546875 0.47959183673469385 0.0546875 0.6122448979591837
18 0.6484375 0.47959183673469385 0.052734375 0.6122448979591837
18 0.59765625 0.4897959183673469 0.052734375 0.6122448979591837
18 0.345703125 0.5 0.052734375 0.6224489795918368
18 0.447265625 0.5 0.052734375 0.6020408163265306
18 0.294921875 0.5 0.0546875 0.5918367346938775
18 0.24609375 0.5102040816326531 0.0546875 0.6020408163265306
18 0.3984375 0.5102040816326531 0.052734375 0.5816326530612245
18 0.193359375 0.5204081632653061 0.05859375 0.5714285714285714
18 0.091796875 0.5306122448979592 0.0546875 0.5612244897959183
18 0.138671875 0.5306122448979592 0.052734375 0.5918367346938775