18 0.05859375 0.4583333333333333 0.076171875 0.625
18 0.17578125 0.4583333333333333 0.072265625 0.5972222222222222
18 0.294921875 0.4583333333333333 0.072265625 0.625
18 0.41015625 0.4652777777777778 0.068359375 0.6388888888888888
18 0.12109375 0.4652777777777778 0.064453125 0.6666666666666666
18 0.236328125 0.4652777777777778 0.072265625 0.6388888888888888
18 0.35546875 0.4652777777777778 0.072265625 0.6111111111111112
18 0.46484375 0.4722222222222222 0.068359375 0.6527777777777778
18 0.576171875 0.4791666666666667 0.072265625 0.6388888888888888
18 0.630859375 0.4791666666666667 0.064453125 0.6388888888888888
18 0.681640625 0.4791666666666667 0.060546875 0.6111111111111112
18 0.787109375 0.4791666666666667 0.060546875 0.6111111111111112
18 0.8359375 0.4861111111111111 0.064453125 0.6527777777777778
18 0.517578125 0.4930555555555556 0.068359375 0.6388888888888888
18 0.73828125 0.4930555555555556 0.060546875 0.6111111111111112
18 0.888671875 0.5 0.064453125 0.5625
18 0.9453125 0.5 0.064453125 0.5625