18 0.060546875 0.35714285714285715 0.0546875 0.44047619047619047
18 0.1328125 0.36904761904761907 0.087890625 0.44047619047619047
18 0.19921875 0.39285714285714285 0.05078125 0.35714285714285715
18 0.248046875 0.40476190476190477 0.05078125 0.40476190476190477
18 0.353515625 0.44047619047619047 0.052734375 0.4166666666666667
18 0.302734375 0.44047619047619047 0.0546875 0.4523809523809524
18 0.404296875 0.4642857142857143 0.046875 0.39285714285714285
18 0.453125 0.4642857142857143 0.0546875 0.4166666666666667
18 0.509765625 0.5 0.052734375 0.42857142857142855
18 0.5703125 0.5119047619047619 0.068359375 0.44047619047619047
18 0.634765625 0.5119047619047619 0.0546875 0.44047619047619047
18 0.689453125 0.5595238095238095 0.05078125 0.4166666666666667
18 0.740234375 0.5714285714285714 0.03125 0.4166666666666667
18 0.787109375 0.5833333333333334 0.05078125 0.4523809523809524
18 0.837890625 0.6071428571428571 0.048828125 0.44047619047619047
18 0.888671875 0.6190476190476191 0.0390625 0.4166666666666667
18 0.94140625 0.6190476190476191 0.048828125 0.42857142857142855