18 0.064453125 0.41509433962264153 0.048828125 0.4811320754716981
18 0.115234375 0.42452830188679247 0.0546875 0.4716981132075472
18 0.166015625 0.4339622641509434 0.05078125 0.44339622641509435
18 0.21875 0.44339622641509435 0.0546875 0.4528301886792453
18 0.26953125 0.4528301886792453 0.05078125 0.44339622641509435
18 0.3203125 0.4811320754716981 0.048828125 0.4528301886792453
18 0.423828125 0.4811320754716981 0.048828125 0.49056603773584906
18 0.37109375 0.49056603773584906 0.048828125 0.4716981132075472
18 0.478515625 0.49056603773584906 0.056640625 0.4716981132075472
18 0.53515625 0.5 0.0546875 0.46226415094339623
18 0.58984375 0.5 0.048828125 0.4811320754716981
18 0.642578125 0.5188679245283019 0.0546875 0.49056603773584906
18 0.6953125 0.5377358490566038 0.048828125 0.5
18 0.748046875 0.5377358490566038 0.056640625 0.5
18 0.80078125 0.5377358490566038 0.056640625 0.5
18 0.86328125 0.5660377358490566 0.056640625 0.49056603773584906
18 0.919921875 0.5660377358490566 0.0546875 0.5