18 0.07421875 0.4642857142857143 0.056640625 0.5476190476190477
18 0.12890625 0.4642857142857143 0.046875 0.5119047619047619
18 0.236328125 0.4642857142857143 0.052734375 0.5595238095238095
18 0.177734375 0.47619047619047616 0.046875 0.5595238095238095
18 0.2890625 0.47619047619047616 0.046875 0.5476190476190477
18 0.341796875 0.47619047619047616 0.046875 0.5357142857142857
18 0.5078125 0.4880952380952381 0.052734375 0.6190476190476191
18 0.3984375 0.5 0.048828125 0.5595238095238095
18 0.564453125 0.5 0.05078125 0.5714285714285714
18 0.453125 0.5 0.05078125 0.5595238095238095
18 0.6796875 0.5119047619047619 0.056640625 0.5833333333333334
18 0.623046875 0.5238095238095238 0.0546875 0.5952380952380952
18 0.736328125 0.5357142857142857 0.05078125 0.6071428571428571
18 0.912109375 0.5357142857142857 0.0625 0.5714285714285714
18 0.796875 0.5476190476190477 0.0546875 0.5952380952380952
18 0.970703125 0.5595238095238095 0.0546875 0.6071428571428571
18 0.853515625 0.5595238095238095 0.0546875 0.5952380952380952