18 0.0546875 0.48214285714285715 0.060546875 0.5714285714285714
18 0.478515625 0.48214285714285715 0.056640625 0.6428571428571429
18 0.5859375 0.5 0.052734375 0.6071428571428571
18 0.638671875 0.5 0.05859375 0.6071428571428571
18 0.841796875 0.5 0.044921875 0.5535714285714286
18 0.125 0.5 0.0703125 0.5535714285714286
18 0.193359375 0.5 0.048828125 0.5892857142857143
18 0.25390625 0.5 0.060546875 0.5892857142857143
18 0.31640625 0.5 0.0625 0.5892857142857143
18 0.3671875 0.5 0.046875 0.6071428571428571
18 0.423828125 0.5 0.0546875 0.5714285714285714
18 0.791015625 0.5178571428571429 0.048828125 0.5535714285714286
18 0.94140625 0.5178571428571429 0.052734375 0.625
18 0.697265625 0.5178571428571429 0.046875 0.6071428571428571
18 0.7421875 0.5178571428571429 0.05078125 0.5714285714285714
18 0.53125 0.5178571428571429 0.04296875 0.6071428571428571
18 0.89453125 0.5357142857142857 0.0546875 0.5535714285714286