18 0.080078125 0.3695652173913043 0.083984375 0.5271739130434783
18 0.150390625 0.391304347826087 0.0703125 0.5434782608695652
18 0.203125 0.4076086956521739 0.06640625 0.5054347826086957
18 0.267578125 0.43478260869565216 0.07421875 0.5054347826086957
18 0.330078125 0.45108695652173914 0.0703125 0.4945652173913043
18 0.390625 0.4673913043478261 0.0703125 0.4891304347826087
18 0.4453125 0.5 0.064453125 0.4891304347826087
18 0.50390625 0.5108695652173914 0.072265625 0.483695652173913
18 0.546875 0.532608695652174 0.0625 0.4673913043478261
18 0.60546875 0.5543478260869565 0.0703125 0.4945652173913043
18 0.65625 0.5706521739130435 0.048828125 0.47282608695652173
18 0.705078125 0.5869565217391305 0.0625 0.4673913043478261
18 0.75390625 0.6086956521739131 0.064453125 0.45652173913043476
18 0.802734375 0.6195652173913043 0.0625 0.44565217391304346
18 0.84765625 0.6413043478260869 0.0625 0.42934782608695654
18 0.892578125 0.657608695652174 0.056640625 0.42934782608695654
18 0.93359375 0.6793478260869565 0.05859375 0.41304347826086957