18 0.93359375 0.32456140350877194 0.048828125 0.37719298245614036
18 0.87890625 0.34210526315789475 0.048828125 0.37719298245614036
18 0.833984375 0.3684210526315789 0.041015625 0.38596491228070173
18 0.783203125 0.37719298245614036 0.056640625 0.42105263157894735
18 0.720703125 0.39473684210526316 0.06640625 0.38596491228070173
18 0.671875 0.40350877192982454 0.0390625 0.37719298245614036
18 0.623046875 0.43859649122807015 0.056640625 0.40350877192982454
18 0.55859375 0.47368421052631576 0.068359375 0.41228070175438597
18 0.50390625 0.4824561403508772 0.037109375 0.4298245614035088
18 0.455078125 0.5087719298245614 0.0546875 0.4473684210526316
18 0.408203125 0.5175438596491229 0.041015625 0.40350877192982454
18 0.357421875 0.5526315789473685 0.0546875 0.42105263157894735
18 0.30078125 0.5701754385964912 0.056640625 0.41228070175438597
18 0.2421875 0.5789473684210527 0.0625 0.41228070175438597
18 0.185546875 0.5964912280701754 0.052734375 0.41228070175438597
18 0.12890625 0.631578947368421 0.0625 0.38596491228070173
18 0.076171875 0.6491228070175439 0.048828125 0.38596491228070173