18 0.068359375 0.37254901960784315 0.068359375 0.4117647058823529
18 0.142578125 0.38235294117647056 0.087890625 0.4117647058823529
18 0.21484375 0.4117647058823529 0.060546875 0.4019607843137255
18 0.2734375 0.4411764705882353 0.060546875 0.4019607843137255
18 0.328125 0.46078431372549017 0.052734375 0.4215686274509804
18 0.376953125 0.4803921568627451 0.052734375 0.4019607843137255
18 0.423828125 0.49019607843137253 0.0546875 0.4215686274509804
18 0.474609375 0.5 0.044921875 0.4019607843137255
18 0.53125 0.5098039215686274 0.06640625 0.39215686274509803
18 0.59765625 0.5490196078431373 0.07421875 0.39215686274509803
18 0.662109375 0.5686274509803921 0.060546875 0.37254901960784315
18 0.716796875 0.5784313725490197 0.046875 0.39215686274509803
18 0.763671875 0.6078431372549019 0.048828125 0.37254901960784315
18 0.810546875 0.6176470588235294 0.05078125 0.4019607843137255
18 0.857421875 0.6176470588235294 0.0546875 0.38235294117647056
18 0.908203125 0.6176470588235294 0.052734375 0.39215686274509803
18 0.955078125 0.6372549019607843 0.041015625 0.4019607843137255