18 0.14453125 0.4125 0.068359375 0.5375
18 0.208984375 0.45 0.064453125 0.6
18 0.07421875 0.45 0.076171875 0.6
18 0.279296875 0.4625 0.060546875 0.6
18 0.328125 0.475 0.03515625 0.575
18 0.376953125 0.475 0.052734375 0.6
18 0.435546875 0.4875 0.056640625 0.5875
18 0.544921875 0.4875 0.052734375 0.5375
18 0.4921875 0.5125 0.05859375 0.6
18 0.603515625 0.5375 0.0625 0.525
18 0.65625 0.5375 0.037109375 0.55
18 0.69921875 0.55 0.048828125 0.525
18 0.751953125 0.55 0.044921875 0.5375
18 0.802734375 0.5625 0.044921875 0.55
18 0.8515625 0.5625 0.05078125 0.5625
18 0.90234375 0.575 0.052734375 0.5125
18 0.955078125 0.6 0.05078125 0.5375