18 0.291015625 0.6018518518518519 0.0546875 0.3611111111111111
18 0.23828125 0.6203703703703703 0.056640625 0.3425925925925926
18 0.181640625 0.6388888888888888 0.052734375 0.3148148148148148
18 0.115234375 0.6574074074074074 0.080078125 0.28703703703703703
18 0.048828125 0.6851851851851852 0.060546875 0.3148148148148148
18 0.958984375 0.2962962962962963 0.05078125 0.32407407407407407
18 0.900390625 0.32407407407407407 0.05078125 0.3333333333333333
18 0.84765625 0.35185185185185186 0.056640625 0.35185185185185186
18 0.791015625 0.37037037037037035 0.048828125 0.3148148148148148
18 0.73828125 0.4166666666666667 0.048828125 0.3425925925925926
18 0.681640625 0.4166666666666667 0.048828125 0.35185185185185186
18 0.626953125 0.4537037037037037 0.05859375 0.3333333333333333
18 0.56640625 0.4722222222222222 0.056640625 0.3333333333333333
18 0.51171875 0.49074074074074076 0.0546875 0.3425925925925926
18 0.455078125 0.5370370370370371 0.0546875 0.3611111111111111
18 0.400390625 0.5462962962962963 0.0546875 0.3611111111111111
18 0.345703125 0.5740740740740741 0.05078125 0.35185185185185186