18 0.931640625 0.4716981132075472 0.0625 0.6226415094339622
18 0.8046875 0.4811320754716981 0.0625 0.6037735849056604
18 0.869140625 0.4811320754716981 0.060546875 0.6132075471698113
18 0.681640625 0.49056603773584906 0.064453125 0.6226415094339622
18 0.7421875 0.49056603773584906 0.0546875 0.5849056603773585
18 0.513671875 0.5 0.064453125 0.5660377358490566
18 0.625 0.5094339622641509 0.046875 0.5943396226415094
18 0.57421875 0.5094339622641509 0.05078125 0.5849056603773585
18 0.45703125 0.5283018867924528 0.05859375 0.5660377358490566
18 0.400390625 0.5283018867924528 0.048828125 0.5849056603773585
18 0.19921875 0.5283018867924528 0.05078125 0.5471698113207547
18 0.298828125 0.5283018867924528 0.05078125 0.5660377358490566
18 0.3515625 0.5283018867924528 0.048828125 0.5660377358490566
18 0.25 0.5377358490566038 0.048828125 0.5566037735849056
18 0.146484375 0.5377358490566038 0.048828125 0.5283018867924528
18 0.046875 0.5377358490566038 0.052734375 0.5377358490566038
18 0.09765625 0.5377358490566038 0.046875 0.5377358490566038