18 0.923828125 0.38235294117647056 0.0546875 0.45098039215686275
18 0.880859375 0.39215686274509803 0.052734375 0.43137254901960786
18 0.794921875 0.4117647058823529 0.052734375 0.4411764705882353
18 0.83203125 0.4117647058823529 0.046875 0.4411764705882353
18 0.744140625 0.43137254901960786 0.0546875 0.4411764705882353
18 0.689453125 0.4411764705882353 0.083984375 0.4411764705882353
18 0.6328125 0.46078431372549017 0.046875 0.4411764705882353
18 0.568359375 0.4803921568627451 0.099609375 0.46078431372549017
18 0.50390625 0.5 0.05859375 0.47058823529411764
18 0.44921875 0.5294117647058824 0.0703125 0.45098039215686275
18 0.392578125 0.5392156862745098 0.064453125 0.45098039215686275
18 0.33203125 0.5490196078431373 0.07421875 0.4411764705882353
18 0.2734375 0.5784313725490197 0.052734375 0.45098039215686275
18 0.224609375 0.5882352941176471 0.052734375 0.4411764705882353
18 0.16796875 0.6078431372549019 0.064453125 0.45098039215686275
18 0.111328125 0.6274509803921569 0.06640625 0.4411764705882353
18 0.0546875 0.6568627450980392 0.076171875 0.45098039215686275