18 0.9375 0.4537037037037037 0.0625 0.6851851851851852
18 0.748046875 0.4722222222222222 0.0625 0.6481481481481481
18 0.875 0.48148148148148145 0.068359375 0.6851851851851852
18 0.634765625 0.49074074074074076 0.060546875 0.6296296296296297
18 0.80859375 0.49074074074074076 0.060546875 0.6574074074074074
18 0.517578125 0.49074074074074076 0.0625 0.6018518518518519
18 0.576171875 0.49074074074074076 0.0625 0.6296296296296297
18 0.689453125 0.49074074074074076 0.0625 0.6388888888888888
18 0.357421875 0.5 0.044921875 0.6018518518518519
18 0.408203125 0.5 0.0625 0.6111111111111112
18 0.306640625 0.5092592592592593 0.056640625 0.5740740740740741
18 0.4609375 0.5092592592592593 0.0546875 0.6203703703703703
18 0.205078125 0.5092592592592593 0.064453125 0.5555555555555556
18 0.255859375 0.5092592592592593 0.05859375 0.5740740740740741
18 0.154296875 0.5185185185185185 0.05078125 0.5833333333333334
18 0.10546875 0.5277777777777778 0.052734375 0.5555555555555556
18 0.0546875 0.5370370370370371 0.056640625 0.5925925925925926