18 0.076171875 0.45081967213114754 0.078125 0.5737704918032787
18 0.138671875 0.45901639344262296 0.06640625 0.5737704918032787
18 0.203125 0.4672131147540984 0.078125 0.5819672131147541
18 0.263671875 0.48360655737704916 0.05859375 0.5491803278688525
18 0.31640625 0.48360655737704916 0.05859375 0.5573770491803278
18 0.3671875 0.5 0.05078125 0.5573770491803278
18 0.412109375 0.5081967213114754 0.05859375 0.5409836065573771
18 0.46484375 0.5081967213114754 0.07421875 0.5573770491803278
18 0.5234375 0.5245901639344263 0.046875 0.5655737704918032
18 0.583984375 0.5327868852459017 0.091796875 0.5573770491803278
18 0.65234375 0.5409836065573771 0.07421875 0.5655737704918032
18 0.7109375 0.5491803278688525 0.05078125 0.5819672131147541
18 0.751953125 0.5737704918032787 0.037109375 0.5573770491803278
18 0.794921875 0.5737704918032787 0.05078125 0.5327868852459017
18 0.837890625 0.5819672131147541 0.046875 0.5491803278688525
18 0.884765625 0.5901639344262295 0.05078125 0.5491803278688525
18 0.927734375 0.5983606557377049 0.05078125 0.5327868852459017