18 0.07421875 0.39090909090909093 0.052734375 0.509090909090909
18 0.125 0.4 0.046875 0.4727272727272727
18 0.171875 0.4090909090909091 0.0546875 0.4636363636363636
18 0.220703125 0.42727272727272725 0.052734375 0.5
18 0.267578125 0.4636363636363636 0.052734375 0.5272727272727272
18 0.318359375 0.4818181818181818 0.0546875 0.4909090909090909
18 0.365234375 0.4909090909090909 0.048828125 0.4727272727272727
18 0.4140625 0.5272727272727272 0.0546875 0.4727272727272727
18 0.46484375 0.5363636363636364 0.052734375 0.5
18 0.515625 0.5363636363636364 0.05859375 0.4636363636363636
18 0.615234375 0.5545454545454546 0.0546875 0.4727272727272727
18 0.564453125 0.5818181818181818 0.052734375 0.4818181818181818
18 0.6640625 0.5818181818181818 0.056640625 0.4727272727272727
18 0.716796875 0.6181818181818182 0.05859375 0.5
18 0.76953125 0.6363636363636364 0.052734375 0.5
18 0.822265625 0.6454545454545455 0.05859375 0.5
18 0.875 0.6636363636363637 0.060546875 0.5