18 0.40234375 0.4177215189873418 0.056640625 0.310126582278481
18 0.45703125 0.45569620253164556 0.0625 0.3227848101265823
18 0.513671875 0.4873417721518987 0.064453125 0.31645569620253167
18 0.572265625 0.5316455696202531 0.05859375 0.310126582278481
18 0.634765625 0.5632911392405063 0.060546875 0.3037974683544304
18 0.6875 0.6139240506329114 0.05859375 0.31645569620253167
18 0.75 0.6518987341772152 0.060546875 0.3291139240506329
18 0.8125 0.689873417721519 0.064453125 0.33544303797468356
18 0.873046875 0.7151898734177216 0.064453125 0.31645569620253167
18 0.94140625 0.759493670886076 0.076171875 0.3227848101265823
18 0.05078125 0.17721518987341772 0.0625 0.2848101265822785
18 0.103515625 0.2088607594936709 0.076171875 0.2911392405063291
18 0.1640625 0.26582278481012656 0.0546875 0.27848101265822783
18 0.208984375 0.27848101265822783 0.056640625 0.310126582278481
18 0.25390625 0.310126582278481 0.056640625 0.2974683544303797
18 0.30078125 0.34177215189873417 0.0546875 0.2974683544303797
18 0.35546875 0.37341772151898733 0.0546875 0.2974683544303797