18 0.072265625 0.35714285714285715 0.052734375 0.5428571428571428
18 0.126953125 0.38571428571428573 0.05078125 0.5214285714285715
18 0.181640625 0.4 0.052734375 0.5571428571428572
18 0.2421875 0.42142857142857143 0.056640625 0.5571428571428572
18 0.296875 0.44285714285714284 0.052734375 0.5714285714285714
18 0.35546875 0.45714285714285713 0.05078125 0.5357142857142857
18 0.40234375 0.45714285714285713 0.029296875 0.5428571428571428
18 0.44140625 0.4857142857142857 0.052734375 0.5428571428571428
18 0.49609375 0.5071428571428571 0.052734375 0.5571428571428572
18 0.55859375 0.5357142857142857 0.064453125 0.5642857142857143
18 0.6171875 0.55 0.0546875 0.5571428571428572
18 0.677734375 0.5571428571428572 0.0546875 0.5428571428571428
18 0.7265625 0.5785714285714286 0.03125 0.5214285714285715
18 0.767578125 0.5928571428571429 0.05078125 0.5357142857142857
18 0.828125 0.6142857142857143 0.0546875 0.5357142857142857
18 0.884765625 0.6357142857142857 0.05859375 0.5428571428571428
18 0.9453125 0.65 0.052734375 0.5214285714285715