18 0.927734375 0.4125 0.056640625 0.6125
18 0.876953125 0.425 0.0546875 0.6125
18 0.826171875 0.45 0.056640625 0.625
18 0.775390625 0.45 0.048828125 0.5875
18 0.734375 0.4625 0.0546875 0.5875
18 0.685546875 0.475 0.060546875 0.6125
18 0.630859375 0.4875 0.060546875 0.65
18 0.568359375 0.4875 0.078125 0.6125
18 0.5078125 0.5125 0.05859375 0.625
18 0.451171875 0.525 0.06640625 0.625
18 0.34765625 0.5375 0.056640625 0.5625
18 0.296875 0.55 0.0546875 0.5875
18 0.39453125 0.55 0.056640625 0.55
18 0.251953125 0.5625 0.0546875 0.6
18 0.1953125 0.575 0.064453125 0.6125
18 0.142578125 0.575 0.056640625 0.575
18 0.08203125 0.5875 0.072265625 0.6