18 0.220703125 0.6575342465753424 0.06640625 0.3013698630136986
18 0.158203125 0.684931506849315 0.0546875 0.2945205479452055
18 0.103515625 0.7191780821917808 0.05859375 0.3082191780821918
18 0.0625 0.7465753424657534 0.0546875 0.2808219178082192
18 0.94140625 0.2465753424657534 0.056640625 0.2876712328767123
18 0.884765625 0.2808219178082192 0.05859375 0.3082191780821918
18 0.828125 0.3150684931506849 0.05859375 0.2808219178082192
18 0.775390625 0.3424657534246575 0.05859375 0.2808219178082192
18 0.716796875 0.3698630136986301 0.05859375 0.2945205479452055
18 0.666015625 0.410958904109589 0.0546875 0.2808219178082192
18 0.611328125 0.4315068493150685 0.064453125 0.3013698630136986
18 0.548828125 0.4726027397260274 0.080078125 0.3013698630136986
18 0.484375 0.5136986301369864 0.064453125 0.2876712328767123
18 0.423828125 0.547945205479452 0.060546875 0.273972602739726
18 0.380859375 0.5684931506849316 0.044921875 0.2876712328767123
18 0.333984375 0.6027397260273972 0.06640625 0.3013698630136986
18 0.275390625 0.6301369863013698 0.05859375 0.2808219178082192