18 0.240234375 0.6044776119402985 0.046875 0.4253731343283582
18 0.1875 0.6194029850746269 0.046875 0.4253731343283582
18 0.1328125 0.6417910447761194 0.048828125 0.417910447761194
18 0.078125 0.6716417910447762 0.041015625 0.41044776119402987
18 0.02734375 0.6865671641791045 0.04296875 0.417910447761194
18 0.9453125 0.30597014925373134 0.064453125 0.44776119402985076
18 0.876953125 0.3283582089552239 0.0625 0.47761194029850745
18 0.81640625 0.3582089552238806 0.05078125 0.44776119402985076
18 0.7578125 0.3880597014925373 0.06640625 0.44029850746268656
18 0.69140625 0.4253731343283582 0.05859375 0.4253731343283582
18 0.63671875 0.44776119402985076 0.05078125 0.44029850746268656
18 0.578125 0.4701492537313433 0.056640625 0.44776119402985076
18 0.51953125 0.4925373134328358 0.056640625 0.44029850746268656
18 0.4609375 0.5074626865671642 0.05078125 0.43283582089552236
18 0.408203125 0.5223880597014925 0.05078125 0.43283582089552236
18 0.353515625 0.5522388059701493 0.048828125 0.41044776119402987
18 0.294921875 0.582089552238806 0.044921875 0.4253731343283582