18 0.935546875 0.42045454545454547 0.052734375 0.4431818181818182
18 0.8828125 0.4318181818181818 0.0546875 0.4318181818181818
18 0.830078125 0.4431818181818182 0.052734375 0.4090909090909091
18 0.775390625 0.45454545454545453 0.056640625 0.42045454545454547
18 0.720703125 0.45454545454545453 0.0546875 0.4318181818181818
18 0.66796875 0.4659090909090909 0.056640625 0.4090909090909091
18 0.615234375 0.5 0.056640625 0.4318181818181818
18 0.55859375 0.5 0.05859375 0.4431818181818182
18 0.50390625 0.5113636363636364 0.056640625 0.45454545454545453
18 0.451171875 0.5227272727272727 0.056640625 0.4659090909090909
18 0.39453125 0.5227272727272727 0.0546875 0.4431818181818182
18 0.283203125 0.5340909090909091 0.0546875 0.4431818181818182
18 0.33984375 0.5340909090909091 0.0546875 0.42045454545454547
18 0.228515625 0.5454545454545454 0.056640625 0.4659090909090909
18 0.171875 0.5568181818181818 0.05859375 0.4318181818181818
18 0.11328125 0.5795454545454546 0.05859375 0.4659090909090909
18 0.0546875 0.5795454545454546 0.060546875 0.42045454545454547