18 0.046875 0.45714285714285713 0.083984375 0.7428571428571429
18 0.11328125 0.4714285714285714 0.095703125 0.7428571428571429
18 0.2421875 0.4857142857142857 0.056640625 0.7571428571428571
18 0.296875 0.4857142857142857 0.072265625 0.7
18 0.18359375 0.4857142857142857 0.0625 0.7142857142857143
18 0.34765625 0.5 0.056640625 0.7714285714285715
18 0.396484375 0.5 0.0625 0.7142857142857143
18 0.88671875 0.5 0.056640625 0.6857142857142857
18 0.4453125 0.5142857142857142 0.068359375 0.7142857142857143
18 0.560546875 0.5142857142857142 0.07421875 0.7285714285714285
18 0.73828125 0.5142857142857142 0.056640625 0.7714285714285715
18 0.837890625 0.5142857142857142 0.056640625 0.7428571428571429
18 0.9375 0.5285714285714286 0.0625 0.6857142857142857
18 0.634765625 0.5285714285714286 0.07421875 0.7428571428571429
18 0.78515625 0.5285714285714286 0.056640625 0.7142857142857143
18 0.5 0.5428571428571428 0.056640625 0.7571428571428571
18 0.685546875 0.5428571428571428 0.05859375 0.7571428571428571