18 0.080078125 0.4375 0.060546875 0.5375
18 0.13671875 0.45 0.052734375 0.5375
18 0.197265625 0.4625 0.060546875 0.5375
18 0.25 0.475 0.046875 0.525
18 0.30078125 0.475 0.048828125 0.525
18 0.349609375 0.4875 0.05078125 0.5125
18 0.40234375 0.5 0.044921875 0.5
18 0.45703125 0.5125 0.056640625 0.525
18 0.509765625 0.525 0.046875 0.525
18 0.572265625 0.5375 0.068359375 0.5375
18 0.638671875 0.5375 0.0546875 0.525
18 0.744140625 0.5375 0.033203125 0.525
18 0.693359375 0.55 0.05078125 0.5125
18 0.796875 0.5625 0.046875 0.525
18 0.849609375 0.5625 0.048828125 0.5125
18 0.955078125 0.5625 0.052734375 0.525
18 0.904296875 0.5625 0.046875 0.5125