18 0.064453125 0.3372093023255814 0.064453125 0.3953488372093023
18 0.125 0.36046511627906974 0.0859375 0.38372093023255816
18 0.19140625 0.38372093023255816 0.06640625 0.38372093023255816
18 0.2421875 0.4069767441860465 0.0546875 0.37209302325581395
18 0.30078125 0.4418604651162791 0.06640625 0.37209302325581395
18 0.3515625 0.45348837209302323 0.048828125 0.3372093023255814
18 0.39453125 0.47674418604651164 0.037109375 0.3488372093023256
18 0.453125 0.4883720930232558 0.064453125 0.3488372093023256
18 0.509765625 0.5232558139534884 0.060546875 0.38372093023255816
18 0.576171875 0.5465116279069767 0.0703125 0.38372093023255816
18 0.634765625 0.5697674418604651 0.05078125 0.37209302325581395
18 0.681640625 0.5930232558139535 0.048828125 0.38372093023255816
18 0.732421875 0.6046511627906976 0.052734375 0.36046511627906974
18 0.779296875 0.627906976744186 0.048828125 0.37209302325581395
18 0.830078125 0.6627906976744186 0.046875 0.37209302325581395
18 0.880859375 0.6744186046511628 0.048828125 0.38372093023255816
18 0.931640625 0.686046511627907 0.052734375 0.36046511627906974