18 0.84375 0.6530612244897959 0.025390625 0.32653061224489793
18 0.89453125 0.673469387755102 0.044921875 0.336734693877551
18 0.94921875 0.7142857142857143 0.04296875 0.3163265306122449
18 0.056640625 0.30612244897959184 0.048828125 0.32653061224489793
18 0.12890625 0.336734693877551 0.068359375 0.3163265306122449
18 0.19140625 0.37755102040816324 0.04296875 0.32653061224489793
18 0.2421875 0.3979591836734694 0.048828125 0.336734693877551
18 0.296875 0.41836734693877553 0.048828125 0.336734693877551
18 0.34765625 0.4387755102040816 0.048828125 0.3469387755102041
18 0.40234375 0.45918367346938777 0.044921875 0.3163265306122449
18 0.455078125 0.4897959183673469 0.04296875 0.32653061224489793
18 0.51171875 0.5102040816326531 0.048828125 0.336734693877551
18 0.5703125 0.5306122448979592 0.0625 0.32653061224489793
18 0.634765625 0.5612244897959183 0.048828125 0.3163265306122449
18 0.6875 0.5918367346938775 0.041015625 0.3163265306122449
18 0.73828125 0.6020408163265306 0.041015625 0.3163265306122449
18 0.7890625 0.6428571428571429 0.041015625 0.30612244897959184