18 0.845703125 0.7424242424242424 0.05078125 0.29545454545454547
18 0.896484375 0.7651515151515151 0.0546875 0.25
18 0.94921875 0.8106060606060606 0.0625 0.26515151515151514
18 0.0625 0.19696969696969696 0.068359375 0.2878787878787879
18 0.12890625 0.24242424242424243 0.08984375 0.30303030303030304
18 0.197265625 0.29545454545454547 0.064453125 0.29545454545454547
18 0.25390625 0.3409090909090909 0.07421875 0.24242424242424243
18 0.314453125 0.3939393939393939 0.056640625 0.26515151515151514
18 0.365234375 0.4090909090909091 0.060546875 0.26515151515151514
18 0.412109375 0.44696969696969696 0.04296875 0.25757575757575757
18 0.455078125 0.4772727272727273 0.060546875 0.2727272727272727
18 0.515625 0.5 0.0703125 0.3106060606060606
18 0.580078125 0.5606060606060606 0.080078125 0.3106060606060606
18 0.642578125 0.6060606060606061 0.064453125 0.29545454545454547
18 0.69140625 0.6363636363636364 0.05078125 0.2878787878787879
18 0.7421875 0.6666666666666666 0.064453125 0.30303030303030304
18 0.79296875 0.696969696969697 0.05859375 0.26515151515151514