18 0.06640625 0.46825396825396826 0.044921875 0.4523809523809524
18 0.1171875 0.48412698412698413 0.046875 0.4523809523809524
18 0.171875 0.48412698412698413 0.044921875 0.48412698412698413
18 0.2265625 0.48412698412698413 0.046875 0.48412698412698413
18 0.4375 0.5158730158730159 0.05078125 0.4523809523809524
18 0.275390625 0.5158730158730159 0.05078125 0.4523809523809524
18 0.33203125 0.5158730158730159 0.05078125 0.4523809523809524
18 0.3828125 0.5238095238095238 0.0546875 0.4365079365079365
18 0.490234375 0.5396825396825397 0.044921875 0.46825396825396826
18 0.544921875 0.5396825396825397 0.0546875 0.4365079365079365
18 0.59765625 0.5555555555555556 0.05078125 0.4523809523809524
18 0.6484375 0.5634920634920635 0.033203125 0.46825396825396826
18 0.703125 0.5634920634920635 0.05078125 0.46825396825396826
18 0.75390625 0.5634920634920635 0.0546875 0.46825396825396826
18 0.810546875 0.5873015873015873 0.0546875 0.4523809523809524
18 0.861328125 0.5873015873015873 0.05078125 0.4523809523809524
18 0.91796875 0.5952380952380952 0.0546875 0.48412698412698413