18 0.076171875 0.4274193548387097 0.0546875 0.5564516129032258
18 0.12890625 0.4435483870967742 0.0546875 0.5564516129032258
18 0.181640625 0.4435483870967742 0.0546875 0.5483870967741935
18 0.287109375 0.4596774193548387 0.052734375 0.5564516129032258
18 0.234375 0.46774193548387094 0.052734375 0.5564516129032258
18 0.33984375 0.47580645161290325 0.0546875 0.5564516129032258
18 0.392578125 0.47580645161290325 0.0546875 0.5564516129032258
18 0.4453125 0.47580645161290325 0.052734375 0.5564516129032258
18 0.49609375 0.49193548387096775 0.056640625 0.5887096774193549
18 0.546875 0.5 0.0546875 0.5887096774193549
18 0.654296875 0.5 0.0546875 0.5887096774193549
18 0.603515625 0.5080645161290323 0.0546875 0.5806451612903226
18 0.70703125 0.5161290322580645 0.0546875 0.5806451612903226
18 0.759765625 0.5241935483870968 0.0546875 0.5725806451612904
18 0.8125 0.5241935483870968 0.052734375 0.5564516129032258
18 0.865234375 0.5241935483870968 0.0546875 0.5806451612903226
18 0.91796875 0.5483870967741935 0.0546875 0.5806451612903226