18 0.900390625 0.45454545454545453 0.052734375 0.5757575757575758
18 0.953125 0.45454545454545453 0.0546875 0.5454545454545454
18 0.791015625 0.4696969696969697 0.048828125 0.5757575757575758
18 0.84375 0.4696969696969697 0.0546875 0.5303030303030303
18 0.685546875 0.48484848484848486 0.052734375 0.5606060606060606
18 0.736328125 0.48484848484848486 0.048828125 0.5303030303030303
18 0.62890625 0.48484848484848486 0.064453125 0.5757575757575758
18 0.572265625 0.5 0.0546875 0.5606060606060606
18 0.462890625 0.5151515151515151 0.03515625 0.5303030303030303
18 0.517578125 0.5151515151515151 0.05859375 0.5454545454545454
18 0.302734375 0.5151515151515151 0.048828125 0.5303030303030303
18 0.357421875 0.5303030303030303 0.052734375 0.5757575757575758
18 0.412109375 0.5303030303030303 0.048828125 0.5303030303030303
18 0.1953125 0.5303030303030303 0.05078125 0.5303030303030303
18 0.248046875 0.5303030303030303 0.05078125 0.5454545454545454
18 0.052734375 0.5454545454545454 0.05859375 0.5454545454545454
18 0.125 0.5454545454545454 0.0859375 0.5606060606060606