18 0.18359375 0.4642857142857143 0.052734375 0.6160714285714286
18 0.23828125 0.4642857142857143 0.05078125 0.6517857142857143
18 0.12890625 0.4642857142857143 0.052734375 0.6517857142857143
18 0.07421875 0.4732142857142857 0.052734375 0.625
18 0.291015625 0.4732142857142857 0.052734375 0.6517857142857143
18 0.50390625 0.4732142857142857 0.05078125 0.6517857142857143
18 0.34375 0.4732142857142857 0.052734375 0.625
18 0.451171875 0.4732142857142857 0.052734375 0.6428571428571429
18 0.3984375 0.48214285714285715 0.052734375 0.6339285714285714
18 0.556640625 0.48214285714285715 0.05078125 0.6428571428571429
18 0.611328125 0.48214285714285715 0.05078125 0.6428571428571429
18 0.662109375 0.49107142857142855 0.052734375 0.6339285714285714
18 0.716796875 0.49107142857142855 0.0546875 0.6339285714285714
18 0.767578125 0.5 0.052734375 0.6517857142857143
18 0.8203125 0.5 0.05078125 0.6428571428571429
18 0.875 0.5 0.052734375 0.6428571428571429
18 0.9296875 0.5089285714285714 0.056640625 0.625