18 0.6875 0.6133333333333333 0.033203125 0.22666666666666666
18 0.744140625 0.6533333333333333 0.02734375 0.22666666666666666
18 0.794921875 0.6933333333333334 0.046875 0.22666666666666666
18 0.849609375 0.72 0.04296875 0.24
18 0.90625 0.7666666666666667 0.046875 0.22
18 0.962890625 0.7933333333333333 0.046875 0.22666666666666666
18 0.078125 0.2 0.0625 0.22
18 0.1484375 0.24 0.07421875 0.22666666666666666
18 0.20703125 0.29333333333333333 0.04296875 0.21333333333333335
18 0.255859375 0.3333333333333333 0.05078125 0.22
18 0.3203125 0.37333333333333335 0.048828125 0.22
18 0.369140625 0.4066666666666667 0.046875 0.20666666666666667
18 0.421875 0.44 0.0546875 0.22666666666666666
18 0.4765625 0.47333333333333333 0.052734375 0.22666666666666666
18 0.529296875 0.5133333333333333 0.04296875 0.2
18 0.58203125 0.5466666666666666 0.04296875 0.22
18 0.62890625 0.5666666666666667 0.05078125 0.22666666666666666