18 0.083984375 0.34615384615384615 0.05078125 0.5
18 0.140625 0.35384615384615387 0.0546875 0.4846153846153846
18 0.197265625 0.38461538461538464 0.05078125 0.5076923076923077
18 0.244140625 0.38461538461538464 0.05859375 0.5076923076923077
18 0.29296875 0.4076923076923077 0.05859375 0.5384615384615384
18 0.345703125 0.4153846153846154 0.068359375 0.46923076923076923
18 0.40234375 0.45384615384615384 0.05859375 0.5230769230769231
18 0.44921875 0.45384615384615384 0.060546875 0.46923076923076923
18 0.505859375 0.46923076923076923 0.0546875 0.5076923076923077
18 0.55859375 0.47692307692307695 0.064453125 0.46923076923076923
18 0.607421875 0.5153846153846153 0.044921875 0.5230769230769231
18 0.66015625 0.5307692307692308 0.05859375 0.5
18 0.71484375 0.5461538461538461 0.0546875 0.5076923076923077
18 0.759765625 0.5615384615384615 0.068359375 0.4846153846153846
18 0.8125 0.5769230769230769 0.064453125 0.4846153846153846
18 0.8671875 0.5923076923076923 0.060546875 0.5230769230769231
18 0.923828125 0.6 0.0703125 0.46153846153846156