18 0.876953125 0.6293103448275862 0.044921875 0.47413793103448276
18 0.935546875 0.6551724137931034 0.05078125 0.4827586206896552
18 0.052734375 0.35344827586206895 0.044921875 0.4482758620689655
18 0.103515625 0.3793103448275862 0.04296875 0.45689655172413796
18 0.15625 0.3879310344827586 0.044921875 0.4482758620689655
18 0.205078125 0.4051724137931034 0.048828125 0.4482758620689655
18 0.259765625 0.43103448275862066 0.044921875 0.4482758620689655
18 0.3125 0.4482758620689655 0.046875 0.45689655172413796
18 0.3671875 0.45689655172413796 0.03125 0.4482758620689655
18 0.41796875 0.4827586206896552 0.05078125 0.46551724137931033
18 0.474609375 0.49137931034482757 0.0546875 0.47413793103448276
18 0.533203125 0.5172413793103449 0.05078125 0.4827586206896552
18 0.5859375 0.5431034482758621 0.05078125 0.47413793103448276
18 0.642578125 0.5689655172413793 0.044921875 0.47413793103448276
18 0.705078125 0.5689655172413793 0.029296875 0.46551724137931033
18 0.759765625 0.5948275862068966 0.033203125 0.46551724137931033
18 0.818359375 0.6206896551724138 0.05078125 0.47413793103448276