18 0.54296875 0.5588235294117647 0.05859375 0.16176470588235295
18 0.6015625 0.6176470588235294 0.064453125 0.15196078431372548
18 0.658203125 0.6666666666666666 0.052734375 0.14705882352941177
18 0.7109375 0.7107843137254902 0.052734375 0.14215686274509803
18 0.76171875 0.75 0.056640625 0.15196078431372548
18 0.81640625 0.7941176470588235 0.05859375 0.14215686274509803
18 0.869140625 0.8431372549019608 0.056640625 0.14215686274509803
18 0.92578125 0.8921568627450981 0.052734375 0.1568627450980392
18 0.0546875 0.15196078431372548 0.0625 0.16666666666666666
18 0.115234375 0.19607843137254902 0.08203125 0.19117647058823528
18 0.18359375 0.2647058823529412 0.060546875 0.16666666666666666
18 0.236328125 0.3088235294117647 0.056640625 0.16666666666666666
18 0.283203125 0.3431372549019608 0.048828125 0.15196078431372548
18 0.333984375 0.39215686274509803 0.052734375 0.14215686274509803
18 0.375 0.43137254901960786 0.0390625 0.14215686274509803
18 0.42578125 0.47058823529411764 0.05078125 0.14705882352941177
18 0.486328125 0.5147058823529411 0.06640625 0.1568627450980392