18 0.66015625 0.5875 0.052734375 0.275
18 0.712890625 0.61875 0.05078125 0.2875
18 0.765625 0.65 0.0546875 0.3
18 0.82421875 0.675 0.0546875 0.29375
18 0.876953125 0.71875 0.0546875 0.2875
18 0.935546875 0.74375 0.052734375 0.30625
18 0.111328125 0.2875 0.046875 0.275
18 0.158203125 0.3125 0.046875 0.275
18 0.205078125 0.3375 0.05078125 0.2875
18 0.251953125 0.3625 0.05078125 0.29375
18 0.302734375 0.38125 0.052734375 0.28125
18 0.3515625 0.41875 0.05078125 0.275
18 0.40234375 0.45 0.05078125 0.275
18 0.451171875 0.475 0.0546875 0.28125
18 0.50390625 0.5 0.048828125 0.3
18 0.5546875 0.525 0.060546875 0.3
18 0.60546875 0.56875 0.056640625 0.29375