18 0.060546875 0.660377358490566 0.056640625 0.330188679245283
18 0.955078125 0.2358490566037736 0.044921875 0.39622641509433965
18 0.904296875 0.2641509433962264 0.046875 0.37735849056603776
18 0.845703125 0.3018867924528302 0.044921875 0.37735849056603776
18 0.79296875 0.32075471698113206 0.044921875 0.36792452830188677
18 0.736328125 0.3584905660377358 0.033203125 0.36792452830188677
18 0.685546875 0.39622641509433965 0.046875 0.37735849056603776
18 0.6328125 0.41509433962264153 0.046875 0.3584905660377358
18 0.578125 0.44339622641509435 0.044921875 0.3490566037735849
18 0.529296875 0.4811320754716981 0.046875 0.37735849056603776
18 0.478515625 0.5 0.0546875 0.39622641509433965
18 0.41796875 0.5188679245283019 0.060546875 0.37735849056603776
18 0.357421875 0.5566037735849056 0.048828125 0.3867924528301887
18 0.298828125 0.5943396226415094 0.0390625 0.37735849056603776
18 0.251953125 0.6037735849056604 0.0546875 0.36792452830188677
18 0.201171875 0.6226415094339622 0.041015625 0.37735849056603776
18 0.134765625 0.6415094339622641 0.078125 0.3584905660377358