18 0.919921875 0.4673913043478261 0.0546875 0.6304347826086957
18 0.86328125 0.4782608695652174 0.05078125 0.6630434782608695
18 0.751953125 0.4782608695652174 0.05078125 0.6521739130434783
18 0.806640625 0.4782608695652174 0.052734375 0.6521739130434783
18 0.701171875 0.4782608695652174 0.05859375 0.6739130434782609
18 0.59375 0.4891304347826087 0.05078125 0.6630434782608695
18 0.646484375 0.4891304347826087 0.056640625 0.6521739130434783
18 0.486328125 0.4891304347826087 0.0546875 0.6739130434782609
18 0.541015625 0.5 0.05078125 0.6521739130434783
18 0.4296875 0.5 0.044921875 0.6630434782608695
18 0.22265625 0.5108695652173914 0.056640625 0.6521739130434783
18 0.326171875 0.5108695652173914 0.0546875 0.6739130434782609
18 0.271484375 0.5217391304347826 0.048828125 0.6521739130434783
18 0.376953125 0.5217391304347826 0.046875 0.6521739130434783
18 0.171875 0.5217391304347826 0.056640625 0.6521739130434783
18 0.1171875 0.532608695652174 0.05078125 0.6413043478260869
18 0.068359375 0.532608695652174 0.056640625 0.6521739130434783