18 0.884765625 0.38095238095238093 0.056640625 0.39285714285714285
18 0.94140625 0.38095238095238093 0.052734375 0.42857142857142855
18 0.82421875 0.39285714285714285 0.05078125 0.4166666666666667
18 0.763671875 0.42857142857142855 0.052734375 0.40476190476190477
18 0.65234375 0.44047619047619047 0.048828125 0.40476190476190477
18 0.70703125 0.44047619047619047 0.060546875 0.38095238095238093
18 0.59375 0.4642857142857143 0.0625 0.40476190476190477
18 0.533203125 0.4880952380952381 0.05078125 0.4166666666666667
18 0.48046875 0.5 0.052734375 0.42857142857142855
18 0.423828125 0.5238095238095238 0.052734375 0.4166666666666667
18 0.369140625 0.5476190476190477 0.05078125 0.39285714285714285
18 0.314453125 0.5476190476190477 0.052734375 0.4166666666666667
18 0.26171875 0.5595238095238095 0.05078125 0.4166666666666667
18 0.212890625 0.5714285714285714 0.046875 0.42857142857142855
18 0.16015625 0.5833333333333334 0.05078125 0.38095238095238093
18 0.091796875 0.5952380952380952 0.072265625 0.4166666666666667
18 0.0234375 0.6309523809523809 0.0390625 0.44047619047619047