18 0.9296875 0.2962962962962963 0.044921875 0.3425925925925926
18 0.876953125 0.2962962962962963 0.05078125 0.35185185185185186
18 0.822265625 0.32407407407407407 0.046875 0.3333333333333333
18 0.771484375 0.35185185185185186 0.046875 0.3425925925925926
18 0.71875 0.37962962962962965 0.048828125 0.3333333333333333
18 0.6640625 0.39814814814814814 0.04296875 0.3425925925925926
18 0.61328125 0.4166666666666667 0.0546875 0.35185185185185186
18 0.560546875 0.4537037037037037 0.044921875 0.3333333333333333
18 0.5078125 0.48148148148148145 0.048828125 0.32407407407407407
18 0.455078125 0.49074074074074076 0.05078125 0.35185185185185186
18 0.3984375 0.5092592592592593 0.046875 0.3425925925925926
18 0.349609375 0.5555555555555556 0.0546875 0.3425925925925926
18 0.291015625 0.5833333333333334 0.056640625 0.3611111111111111
18 0.234375 0.6111111111111112 0.0546875 0.32407407407407407
18 0.1796875 0.6203703703703703 0.048828125 0.3055555555555556
18 0.1171875 0.6574074074074074 0.07421875 0.32407407407407407
18 0.052734375 0.6944444444444444 0.052734375 0.3333333333333333