18 0.11328125 0.5 0.05859375 0.6216216216216216
18 0.05859375 0.5 0.0703125 0.5945945945945946
18 0.181640625 0.5135135135135135 0.099609375 0.6081081081081081
18 0.357421875 0.5135135135135135 0.056640625 0.6216216216216216
18 0.642578125 0.5135135135135135 0.056640625 0.6081081081081081
18 0.2578125 0.5135135135135135 0.0546875 0.6216216216216216
18 0.4140625 0.5135135135135135 0.0546875 0.6486486486486487
18 0.58203125 0.5135135135135135 0.068359375 0.6081081081081081
18 0.521484375 0.5135135135135135 0.056640625 0.6486486486486487
18 0.3046875 0.5135135135135135 0.048828125 0.6216216216216216
18 0.466796875 0.5135135135135135 0.0546875 0.6621621621621622
18 0.697265625 0.527027027027027 0.05078125 0.6081081081081081
18 0.748046875 0.527027027027027 0.056640625 0.6351351351351351
18 0.798828125 0.527027027027027 0.052734375 0.6486486486486487
18 0.900390625 0.527027027027027 0.044921875 0.6486486486486487
18 0.951171875 0.527027027027027 0.056640625 0.6216216216216216
18 0.8515625 0.527027027027027 0.060546875 0.6621621621621622