18 0.06640625 0.38461538461538464 0.041015625 0.47115384615384615
18 0.115234375 0.40384615384615385 0.041015625 0.4519230769230769
18 0.169921875 0.4326923076923077 0.046875 0.4807692307692308
18 0.220703125 0.4423076923076923 0.04296875 0.4807692307692308
18 0.271484375 0.4519230769230769 0.0390625 0.49038461538461536
18 0.322265625 0.4519230769230769 0.044921875 0.47115384615384615
18 0.380859375 0.46153846153846156 0.0390625 0.49038461538461536
18 0.431640625 0.4807692307692308 0.046875 0.4807692307692308
18 0.486328125 0.5 0.046875 0.4807692307692308
18 0.541015625 0.5096153846153846 0.056640625 0.4807692307692308
18 0.595703125 0.5288461538461539 0.048828125 0.4807692307692308
18 0.65234375 0.5384615384615384 0.05078125 0.49038461538461536
18 0.70703125 0.5576923076923077 0.052734375 0.5
18 0.763671875 0.5673076923076923 0.04296875 0.5
18 0.8203125 0.5865384615384616 0.048828125 0.5
18 0.876953125 0.5865384615384616 0.044921875 0.49038461538461536
18 0.935546875 0.6057692307692307 0.044921875 0.5