18 0.052734375 0.4 0.05859375 0.43333333333333335
18 0.107421875 0.4111111111111111 0.060546875 0.45555555555555555
18 0.16015625 0.4222222222222222 0.052734375 0.45555555555555555
18 0.216796875 0.4222222222222222 0.0625 0.4444444444444444
18 0.275390625 0.43333333333333335 0.060546875 0.4444444444444444
18 0.330078125 0.4444444444444444 0.05078125 0.4
18 0.38671875 0.45555555555555555 0.0546875 0.4444444444444444
18 0.44140625 0.4666666666666667 0.05859375 0.45555555555555555
18 0.5 0.4888888888888889 0.052734375 0.4444444444444444
18 0.55859375 0.5111111111111111 0.06640625 0.4444444444444444
18 0.615234375 0.5222222222222223 0.0546875 0.43333333333333335
18 0.728515625 0.5222222222222223 0.05859375 0.43333333333333335
18 0.669921875 0.5222222222222223 0.044921875 0.4444444444444444
18 0.791015625 0.5444444444444444 0.052734375 0.45555555555555555
18 0.966796875 0.5666666666666667 0.05859375 0.45555555555555555
18 0.84765625 0.5666666666666667 0.05859375 0.45555555555555555
18 0.90625 0.5666666666666667 0.052734375 0.4444444444444444