18 0.080078125 0.39344262295081966 0.0625 0.5327868852459017
18 0.12890625 0.39344262295081966 0.0546875 0.5573770491803278
18 0.1875 0.4098360655737705 0.0625 0.5327868852459017
18 0.23828125 0.4180327868852459 0.064453125 0.5573770491803278
18 0.291015625 0.4344262295081967 0.05859375 0.5491803278688525
18 0.34375 0.4426229508196721 0.05859375 0.5655737704918032
18 0.400390625 0.45901639344262296 0.056640625 0.5491803278688525
18 0.505859375 0.47540983606557374 0.0546875 0.5491803278688525
18 0.451171875 0.48360655737704916 0.056640625 0.5573770491803278
18 0.55859375 0.4918032786885246 0.056640625 0.5573770491803278
18 0.61328125 0.5081967213114754 0.0546875 0.5491803278688525
18 0.666015625 0.5327868852459017 0.056640625 0.5245901639344263
18 0.716796875 0.5491803278688525 0.04296875 0.5491803278688525
18 0.7734375 0.5573770491803278 0.0625 0.5245901639344263
18 0.828125 0.5737704918032787 0.05859375 0.4918032786885246
18 0.880859375 0.5819672131147541 0.056640625 0.5245901639344263
18 0.93359375 0.5901639344262295 0.046875 0.5491803278688525