18 0.046875 0.34146341463414637 0.044921875 0.4024390243902439
18 0.17578125 0.36585365853658536 0.037109375 0.4024390243902439
18 0.11328125 0.36585365853658536 0.08203125 0.4268292682926829
18 0.234375 0.4146341463414634 0.05078125 0.4268292682926829
18 0.294921875 0.4146341463414634 0.05078125 0.43902439024390244
18 0.345703125 0.45121951219512196 0.04296875 0.4024390243902439
18 0.40234375 0.47560975609756095 0.0546875 0.4024390243902439
18 0.4609375 0.47560975609756095 0.046875 0.4268292682926829
18 0.515625 0.5121951219512195 0.046875 0.4146341463414634
18 0.572265625 0.5121951219512195 0.048828125 0.4268292682926829
18 0.626953125 0.5365853658536586 0.044921875 0.4268292682926829
18 0.6875 0.5487804878048781 0.04296875 0.43902439024390244
18 0.73828125 0.5487804878048781 0.041015625 0.4268292682926829
18 0.796875 0.573170731707317 0.044921875 0.47560975609756095
18 0.8515625 0.6097560975609756 0.03125 0.45121951219512196
18 0.91015625 0.6097560975609756 0.04296875 0.47560975609756095
18 0.966796875 0.6097560975609756 0.05078125 0.4268292682926829