18 0.92578125 0.43548387096774194 0.0546875 0.6048387096774194
18 0.87890625 0.4435483870967742 0.0546875 0.6209677419354839
18 0.830078125 0.4435483870967742 0.052734375 0.6048387096774194
18 0.77734375 0.45161290322580644 0.052734375 0.5806451612903226
18 0.625 0.4596774193548387 0.0546875 0.6048387096774194
18 0.6796875 0.4596774193548387 0.0546875 0.6048387096774194
18 0.73046875 0.4596774193548387 0.05859375 0.6209677419354839
18 0.578125 0.47580645161290325 0.05859375 0.6048387096774194
18 0.521484375 0.49193548387096775 0.05859375 0.6048387096774194
18 0.46484375 0.49193548387096775 0.0625 0.6370967741935484
18 0.416015625 0.5080645161290323 0.05859375 0.6370967741935484
18 0.357421875 0.5080645161290323 0.056640625 0.6048387096774194
18 0.302734375 0.5241935483870968 0.0625 0.6209677419354839
18 0.2421875 0.532258064516129 0.0625 0.6209677419354839
18 0.126953125 0.5483870967741935 0.064453125 0.6532258064516129
18 0.1875 0.5483870967741935 0.05859375 0.6532258064516129
18 0.0703125 0.5645161290322581 0.0703125 0.6290322580645161