18 0.068359375 0.3819444444444444 0.072265625 0.4930555555555556
18 0.12890625 0.4236111111111111 0.0546875 0.5138888888888888
18 0.1796875 0.4375 0.048828125 0.4791666666666667
18 0.232421875 0.4444444444444444 0.06640625 0.5
18 0.337890625 0.4652777777777778 0.05859375 0.4722222222222222
18 0.287109375 0.4722222222222222 0.048828125 0.4930555555555556
18 0.447265625 0.4930555555555556 0.05859375 0.4791666666666667
18 0.390625 0.5 0.0546875 0.5
18 0.5 0.5208333333333334 0.05859375 0.5277777777777778
18 0.5546875 0.5416666666666666 0.0625 0.5
18 0.607421875 0.5416666666666666 0.0625 0.5208333333333334
18 0.666015625 0.5555555555555556 0.0625 0.5138888888888888
18 0.716796875 0.5833333333333334 0.056640625 0.5277777777777778
18 0.7734375 0.5902777777777778 0.064453125 0.5277777777777778
18 0.822265625 0.6041666666666666 0.06640625 0.5208333333333334
18 0.87890625 0.6180555555555556 0.0625 0.5
18 0.931640625 0.6180555555555556 0.056640625 0.5