18 0.05859375 0.4411764705882353 0.052734375 0.5
18 0.109375 0.45588235294117646 0.056640625 0.4852941176470588
18 0.16796875 0.45588235294117646 0.060546875 0.4852941176470588
18 0.232421875 0.47058823529411764 0.056640625 0.47058823529411764
18 0.337890625 0.4852941176470588 0.046875 0.5147058823529411
18 0.287109375 0.5 0.052734375 0.5
18 0.396484375 0.5147058823529411 0.060546875 0.47058823529411764
18 0.453125 0.5147058823529411 0.048828125 0.4852941176470588
18 0.50390625 0.5294117647058824 0.052734375 0.5147058823529411
18 0.658203125 0.5441176470588235 0.046875 0.47058823529411764
18 0.556640625 0.5441176470588235 0.046875 0.45588235294117646
18 0.607421875 0.5588235294117647 0.052734375 0.47058823529411764
18 0.7109375 0.5588235294117647 0.052734375 0.5
18 0.81640625 0.5588235294117647 0.05859375 0.45588235294117646
18 0.76171875 0.5735294117647058 0.048828125 0.5
18 0.873046875 0.5735294117647058 0.046875 0.45588235294117646
18 0.92578125 0.5882352941176471 0.052734375 0.4852941176470588