18 0.29296875 0.31338028169014087 0.0703125 0.14788732394366197
18 0.34375 0.35563380281690143 0.0703125 0.15140845070422534
18 0.39453125 0.4014084507042254 0.056640625 0.14084507042253522
18 0.4453125 0.44014084507042256 0.0625 0.15140845070422534
18 0.5 0.4859154929577465 0.076171875 0.15140845070422534
18 0.55859375 0.5352112676056338 0.083984375 0.16549295774647887
18 0.619140625 0.5950704225352113 0.0625 0.16549295774647887
18 0.671875 0.6302816901408451 0.052734375 0.14084507042253522
18 0.7265625 0.6830985915492958 0.068359375 0.14788732394366197
18 0.7734375 0.7253521126760564 0.0625 0.15140845070422534
18 0.822265625 0.7676056338028169 0.064453125 0.15492957746478872
18 0.876953125 0.8098591549295775 0.05859375 0.15140845070422534
18 0.931640625 0.8556338028169014 0.05859375 0.15492957746478872
18 0.0703125 0.11971830985915492 0.072265625 0.15845070422535212
18 0.13671875 0.16901408450704225 0.0859375 0.15140845070422534
18 0.1953125 0.22887323943661972 0.056640625 0.13028169014084506
18 0.244140625 0.2711267605633803 0.0703125 0.15140845070422534