18 0.091796875 0.33766233766233766 0.0546875 0.4155844155844156
18 0.142578125 0.35714285714285715 0.052734375 0.44805194805194803
18 0.1953125 0.37662337662337664 0.052734375 0.44155844155844154
18 0.24609375 0.38961038961038963 0.0546875 0.44155844155844154
18 0.298828125 0.4155844155844156 0.0546875 0.43506493506493504
18 0.3515625 0.43506493506493504 0.05078125 0.44155844155844154
18 0.40625 0.4675324675324675 0.052734375 0.42207792207792205
18 0.45703125 0.4805194805194805 0.052734375 0.45454545454545453
18 0.5078125 0.4935064935064935 0.05078125 0.44155844155844154
18 0.5625 0.525974025974026 0.0546875 0.45454545454545453
18 0.6171875 0.5324675324675324 0.052734375 0.45454545454545453
18 0.66796875 0.564935064935065 0.0546875 0.44805194805194803
18 0.720703125 0.5909090909090909 0.0546875 0.44155844155844154
18 0.775390625 0.6103896103896104 0.05859375 0.43506493506493504
18 0.826171875 0.6363636363636364 0.064453125 0.44805194805194803
18 0.880859375 0.6428571428571429 0.060546875 0.42207792207792205
18 0.9375 0.6818181818181818 0.064453125 0.45454545454545453