18 0.595703125 0.5307692307692308 0.05078125 0.4153846153846154
18 0.65234375 0.5538461538461539 0.05078125 0.38461538461538464
18 0.7109375 0.5769230769230769 0.052734375 0.38461538461538464
18 0.767578125 0.5923076923076923 0.05078125 0.3769230769230769
18 0.826171875 0.6307692307692307 0.0546875 0.38461538461538464
18 0.8828125 0.6461538461538462 0.0546875 0.3923076923076923
18 0.9453125 0.6846153846153846 0.05859375 0.3923076923076923
18 0.064453125 0.3076923076923077 0.0546875 0.38461538461538464
18 0.11328125 0.33076923076923076 0.05078125 0.36923076923076925
18 0.169921875 0.35384615384615387 0.05078125 0.38461538461538464
18 0.21875 0.36923076923076925 0.0546875 0.3769230769230769
18 0.26953125 0.3923076923076923 0.05078125 0.38461538461538464
18 0.322265625 0.4153846153846154 0.05078125 0.3923076923076923
18 0.375 0.43846153846153846 0.04296875 0.38461538461538464
18 0.427734375 0.46923076923076923 0.044921875 0.4
18 0.486328125 0.4846153846153846 0.052734375 0.3769230769230769
18 0.541015625 0.5230769230769231 0.05078125 0.4153846153846154