18 0.1015625 0.4727272727272727 0.064453125 0.5636363636363636
18 0.1484375 0.4727272727272727 0.04296875 0.5818181818181818
18 0.25 0.4818181818181818 0.052734375 0.5909090909090909
18 0.203125 0.5 0.0546875 0.5909090909090909
18 0.3046875 0.5 0.052734375 0.5909090909090909
18 0.357421875 0.509090909090909 0.052734375 0.6090909090909091
18 0.40625 0.509090909090909 0.0546875 0.6090909090909091
18 0.45703125 0.509090909090909 0.052734375 0.5909090909090909
18 0.556640625 0.509090909090909 0.052734375 0.5909090909090909
18 0.814453125 0.509090909090909 0.048828125 0.5636363636363636
18 0.5078125 0.5181818181818182 0.0546875 0.5818181818181818
18 0.611328125 0.5181818181818182 0.0546875 0.5818181818181818
18 0.66015625 0.5181818181818182 0.052734375 0.5818181818181818
18 0.7109375 0.5181818181818182 0.052734375 0.5818181818181818
18 0.919921875 0.5363636363636364 0.05859375 0.5818181818181818
18 0.763671875 0.5454545454545454 0.052734375 0.6181818181818182
18 0.8671875 0.5454545454545454 0.0546875 0.5909090909090909