18 0.0859375 0.42727272727272725 0.091796875 0.4727272727272727
18 0.150390625 0.44545454545454544 0.060546875 0.44545454545454544
18 0.314453125 0.45454545454545453 0.05078125 0.4909090909090909
18 0.2109375 0.4636363636363636 0.064453125 0.5
18 0.263671875 0.4727272727272727 0.052734375 0.4636363636363636
18 0.41796875 0.4818181818181818 0.05078125 0.509090909090909
18 0.3671875 0.4909090909090909 0.052734375 0.4636363636363636
18 0.470703125 0.4909090909090909 0.052734375 0.4636363636363636
18 0.525390625 0.5 0.05859375 0.4727272727272727
18 0.625 0.5 0.052734375 0.44545454545454544
18 0.671875 0.509090909090909 0.05078125 0.4909090909090909
18 0.57421875 0.5181818181818182 0.044921875 0.4636363636363636
18 0.720703125 0.5181818181818182 0.05078125 0.4636363636363636
18 0.775390625 0.5272727272727272 0.056640625 0.44545454545454544
18 0.828125 0.5363636363636364 0.046875 0.44545454545454544
18 0.87890625 0.5363636363636364 0.05078125 0.44545454545454544
18 0.93359375 0.5545454545454546 0.056640625 0.4727272727272727