18 0.208984375 0.5 0.0546875 0.46875
18 0.080078125 0.5 0.08203125 0.484375
18 0.263671875 0.515625 0.052734375 0.46875
18 0.15625 0.515625 0.0546875 0.46875
18 0.314453125 0.53125 0.05078125 0.46875
18 0.361328125 0.53125 0.048828125 0.46875
18 0.408203125 0.53125 0.044921875 0.453125
18 0.462890625 0.546875 0.046875 0.4375
18 0.56640625 0.546875 0.0546875 0.4375
18 0.513671875 0.546875 0.044921875 0.453125
18 0.625 0.546875 0.0546875 0.453125
18 0.677734375 0.5625 0.04296875 0.453125
18 0.78125 0.5625 0.044921875 0.453125
18 0.73046875 0.578125 0.044921875 0.4375
18 0.833984375 0.578125 0.029296875 0.453125
18 0.884765625 0.59375 0.044921875 0.46875
18 0.9375 0.59375 0.041015625 0.453125