18 0.0703125 0.4270833333333333 0.05859375 0.59375
18 0.123046875 0.4270833333333333 0.056640625 0.59375
18 0.228515625 0.4479166666666667 0.0546875 0.6041666666666666
18 0.330078125 0.4479166666666667 0.05859375 0.6354166666666666
18 0.177734375 0.4479166666666667 0.0546875 0.6354166666666666
18 0.27734375 0.4479166666666667 0.05078125 0.625
18 0.4921875 0.4583333333333333 0.0546875 0.6458333333333334
18 0.54296875 0.4583333333333333 0.0546875 0.6458333333333334
18 0.59765625 0.4583333333333333 0.056640625 0.6458333333333334
18 0.384765625 0.46875 0.056640625 0.65625
18 0.4375 0.46875 0.0546875 0.6770833333333334
18 0.650390625 0.46875 0.0546875 0.6354166666666666
18 0.70703125 0.46875 0.056640625 0.6458333333333334
18 0.759765625 0.4791666666666667 0.0546875 0.65625
18 0.87109375 0.4895833333333333 0.052734375 0.625
18 0.814453125 0.5 0.052734375 0.6666666666666666
18 0.927734375 0.5 0.0546875 0.6458333333333334