18 0.92578125 0.3203125 0.060546875 0.3828125
18 0.875 0.3359375 0.05859375 0.3984375
18 0.826171875 0.359375 0.044921875 0.3984375
18 0.78125 0.375 0.056640625 0.375
18 0.728515625 0.3984375 0.056640625 0.40625
18 0.673828125 0.4140625 0.060546875 0.3984375
18 0.6171875 0.4453125 0.052734375 0.3984375
18 0.552734375 0.46875 0.072265625 0.4140625
18 0.4921875 0.5078125 0.05859375 0.40625
18 0.435546875 0.5234375 0.056640625 0.40625
18 0.38671875 0.5546875 0.041015625 0.421875
18 0.34375 0.5625 0.048828125 0.4140625
18 0.296875 0.59375 0.0625 0.421875
18 0.236328125 0.609375 0.06640625 0.40625
18 0.177734375 0.640625 0.06640625 0.4140625
18 0.1171875 0.6640625 0.060546875 0.421875
18 0.06640625 0.6875 0.05859375 0.40625