18 0.595703125 0.547945205479452 0.05859375 0.3904109589041096
18 0.658203125 0.589041095890411 0.02734375 0.410958904109589
18 0.708984375 0.6027397260273972 0.052734375 0.3835616438356164
18 0.765625 0.636986301369863 0.052734375 0.3767123287671233
18 0.822265625 0.6643835616438356 0.05078125 0.3904109589041096
18 0.87890625 0.6986301369863014 0.0546875 0.3904109589041096
18 0.939453125 0.7328767123287672 0.05078125 0.3904109589041096
18 0.068359375 0.2945205479452055 0.064453125 0.3904109589041096
18 0.119140625 0.3287671232876712 0.05078125 0.3835616438356164
18 0.171875 0.3493150684931507 0.046875 0.3698630136986301
18 0.224609375 0.3767123287671233 0.0546875 0.3767123287671233
18 0.2734375 0.4041095890410959 0.0546875 0.3767123287671233
18 0.326171875 0.4178082191780822 0.0546875 0.3698630136986301
18 0.384765625 0.4520547945205479 0.03125 0.363013698630137
18 0.42578125 0.4794520547945205 0.052734375 0.3561643835616438
18 0.486328125 0.5068493150684932 0.056640625 0.3904109589041096
18 0.54296875 0.5205479452054794 0.060546875 0.363013698630137