18 0.0859375 0.42 0.0546875 0.49
18 0.189453125 0.43 0.052734375 0.52
18 0.134765625 0.44 0.052734375 0.49
18 0.23828125 0.44 0.05078125 0.52
18 0.291015625 0.46 0.046875 0.56
18 0.34375 0.47 0.0546875 0.53
18 0.44140625 0.47 0.044921875 0.53
18 0.39453125 0.48 0.05078125 0.54
18 0.498046875 0.48 0.052734375 0.54
18 0.55078125 0.49 0.0546875 0.53
18 0.60546875 0.5 0.046875 0.51
18 0.65625 0.52 0.052734375 0.52
18 0.708984375 0.52 0.05078125 0.54
18 0.759765625 0.54 0.052734375 0.53
18 0.814453125 0.55 0.05078125 0.51
18 0.923828125 0.55 0.0625 0.56
18 0.8671875 0.56 0.052734375 0.53