18 0.845703125 0.675 0.052734375 0.3375
18 0.89453125 0.6875 0.052734375 0.33125
18 0.9453125 0.69375 0.056640625 0.3375
18 0.08203125 0.33125 0.076171875 0.4375
18 0.146484375 0.36875 0.05859375 0.425
18 0.20703125 0.39375 0.05859375 0.4125
18 0.265625 0.4125 0.05859375 0.4125
18 0.32421875 0.45 0.060546875 0.40625
18 0.3828125 0.4875 0.0625 0.4125
18 0.435546875 0.5125 0.05078125 0.39375
18 0.486328125 0.54375 0.048828125 0.38125
18 0.5390625 0.5625 0.0546875 0.3625
18 0.59375 0.58125 0.0546875 0.375
18 0.646484375 0.60625 0.052734375 0.3625
18 0.69921875 0.63125 0.0546875 0.3625
18 0.748046875 0.64375 0.044921875 0.35625
18 0.794921875 0.66875 0.048828125 0.34375