18 0.9296875 0.38028169014084506 0.05859375 0.5704225352112676
18 0.876953125 0.4084507042253521 0.0546875 0.5845070422535211
18 0.828125 0.4154929577464789 0.0546875 0.5985915492957746
18 0.775390625 0.43661971830985913 0.0546875 0.5985915492957746
18 0.67578125 0.44366197183098594 0.064453125 0.5845070422535211
18 0.728515625 0.44366197183098594 0.064453125 0.5845070422535211
18 0.625 0.4647887323943662 0.05078125 0.5845070422535211
18 0.572265625 0.4788732394366197 0.064453125 0.6056338028169014
18 0.51953125 0.4859154929577465 0.064453125 0.5985915492957746
18 0.462890625 0.49295774647887325 0.060546875 0.5985915492957746
18 0.416015625 0.5211267605633803 0.05859375 0.6197183098591549
18 0.359375 0.528169014084507 0.060546875 0.5985915492957746
18 0.244140625 0.5422535211267606 0.060546875 0.5985915492957746
18 0.30078125 0.5422535211267606 0.060546875 0.5985915492957746
18 0.19140625 0.5563380281690141 0.05859375 0.5985915492957746
18 0.12890625 0.5774647887323944 0.05859375 0.6197183098591549
18 0.07421875 0.5845070422535211 0.064453125 0.5845070422535211