18 0.46484375 0.483695652173913 0.05078125 0.2826086956521739
18 0.521484375 0.5108695652173914 0.0546875 0.24456521739130435
18 0.58203125 0.5489130434782609 0.052734375 0.27717391304347827
18 0.638671875 0.592391304347826 0.05078125 0.2554347826086957
18 0.6953125 0.625 0.048828125 0.266304347826087
18 0.75 0.6630434782608695 0.056640625 0.266304347826087
18 0.8125 0.7065217391304348 0.056640625 0.2717391304347826
18 0.876953125 0.7445652173913043 0.05859375 0.28804347826086957
18 0.943359375 0.7880434782608695 0.060546875 0.29347826086956524
18 0.048828125 0.20108695652173914 0.04296875 0.22826086956521738
18 0.103515625 0.23369565217391305 0.060546875 0.22826086956521738
18 0.1640625 0.27717391304347827 0.04296875 0.22826086956521738
18 0.20703125 0.30978260869565216 0.04296875 0.2554347826086957
18 0.259765625 0.33152173913043476 0.044921875 0.266304347826087
18 0.30859375 0.3695652173913043 0.052734375 0.266304347826087
18 0.357421875 0.391304347826087 0.05078125 0.2554347826086957
18 0.41015625 0.42934782608695654 0.04296875 0.24456521739130435