18 0.921875 0.40476190476190477 0.0546875 0.47619047619047616
18 0.869140625 0.40476190476190477 0.06640625 0.4444444444444444
18 0.81640625 0.42063492063492064 0.05859375 0.46825396825396826
18 0.767578125 0.42063492063492064 0.046875 0.47619047619047616
18 0.712890625 0.4444444444444444 0.052734375 0.5
18 0.611328125 0.4523809523809524 0.052734375 0.5
18 0.666015625 0.4603174603174603 0.060546875 0.5079365079365079
18 0.560546875 0.49206349206349204 0.064453125 0.5238095238095238
18 0.458984375 0.5079365079365079 0.072265625 0.5317460317460317
18 0.5078125 0.5079365079365079 0.052734375 0.5238095238095238
18 0.404296875 0.5238095238095238 0.0546875 0.49206349206349204
18 0.34765625 0.5476190476190477 0.046875 0.5
18 0.236328125 0.5634920634920635 0.046875 0.46825396825396826
18 0.291015625 0.5634920634920635 0.05859375 0.5
18 0.125 0.5793650793650794 0.04296875 0.47619047619047616
18 0.18359375 0.5793650793650794 0.044921875 0.5079365079365079
18 0.0703125 0.5952380952380952 0.0546875 0.47619047619047616