18 0.783203125 0.4714285714285714 0.05078125 0.6142857142857143
18 0.880859375 0.4857142857142857 0.04296875 0.6
18 0.060546875 0.4857142857142857 0.060546875 0.6571428571428571
18 0.42578125 0.4857142857142857 0.041015625 0.6
18 0.4765625 0.4857142857142857 0.041015625 0.6
18 0.83203125 0.4857142857142857 0.0390625 0.6
18 0.181640625 0.5 0.072265625 0.6285714285714286
18 0.681640625 0.5 0.04296875 0.5857142857142857
18 0.73046875 0.5 0.046875 0.5857142857142857
18 0.119140625 0.5 0.060546875 0.6857142857142857
18 0.529296875 0.5 0.052734375 0.6
18 0.580078125 0.5 0.052734375 0.5428571428571428
18 0.630859375 0.5 0.041015625 0.6142857142857143
18 0.931640625 0.5 0.044921875 0.6142857142857143
18 0.373046875 0.5142857142857142 0.056640625 0.6428571428571429
18 0.265625 0.5142857142857142 0.060546875 0.6285714285714286
18 0.318359375 0.5285714285714286 0.041015625 0.6142857142857143