18 0.921875 0.40350877192982454 0.05859375 0.5614035087719298
18 0.861328125 0.4298245614035088 0.05859375 0.5701754385964912
18 0.806640625 0.43859649122807015 0.05859375 0.5701754385964912
18 0.751953125 0.4473684210526316 0.060546875 0.5789473684210527
18 0.69921875 0.45614035087719296 0.05859375 0.5877192982456141
18 0.58984375 0.47368421052631576 0.0625 0.5526315789473685
18 0.642578125 0.47368421052631576 0.05859375 0.5789473684210527
18 0.482421875 0.5087719298245614 0.052734375 0.5877192982456141
18 0.5390625 0.5087719298245614 0.052734375 0.5877192982456141
18 0.380859375 0.5175438596491229 0.056640625 0.5350877192982456
18 0.4296875 0.5175438596491229 0.056640625 0.5263157894736842
18 0.326171875 0.5263157894736842 0.056640625 0.5263157894736842
18 0.115234375 0.5526315789473685 0.044921875 0.49122807017543857
18 0.22265625 0.5526315789473685 0.046875 0.5614035087719298
18 0.26953125 0.5526315789473685 0.048828125 0.5789473684210527
18 0.169921875 0.5701754385964912 0.046875 0.5701754385964912
18 0.064453125 0.5877192982456141 0.0546875 0.5263157894736842