18 0.94921875 0.3977272727272727 0.0625 0.5681818181818182
18 0.888671875 0.42045454545454547 0.0625 0.5909090909090909
18 0.787109375 0.4431818181818182 0.052734375 0.5795454545454546
18 0.837890625 0.4431818181818182 0.060546875 0.5909090909090909
18 0.734375 0.4659090909090909 0.0625 0.6136363636363636
18 0.689453125 0.48863636363636365 0.041015625 0.6363636363636364
18 0.640625 0.5 0.0703125 0.6136363636363636
18 0.57421875 0.5113636363636364 0.076171875 0.625
18 0.513671875 0.5227272727272727 0.0546875 0.625
18 0.28515625 0.5340909090909091 0.056640625 0.625
18 0.224609375 0.5340909090909091 0.0625 0.6022727272727273
18 0.458984375 0.5340909090909091 0.0625 0.6022727272727273
18 0.404296875 0.5454545454545454 0.05859375 0.625
18 0.166015625 0.5568181818181818 0.068359375 0.6022727272727273
18 0.34375 0.5568181818181818 0.06640625 0.6363636363636364
18 0.1015625 0.5568181818181818 0.05859375 0.5795454545454546
18 0.048828125 0.5681818181818182 0.05078125 0.6022727272727273