18 0.07421875 0.4672131147540984 0.07421875 0.6475409836065574
18 0.302734375 0.47540983606557374 0.064453125 0.6557377049180327
18 0.130859375 0.47540983606557374 0.060546875 0.6557377049180327
18 0.2421875 0.47540983606557374 0.060546875 0.6557377049180327
18 0.359375 0.48360655737704916 0.0625 0.6475409836065574
18 0.41015625 0.48360655737704916 0.064453125 0.6475409836065574
18 0.466796875 0.48360655737704916 0.064453125 0.6475409836065574
18 0.515625 0.48360655737704916 0.064453125 0.6475409836065574
18 0.57421875 0.48360655737704916 0.0703125 0.6721311475409836
18 0.1875 0.48360655737704916 0.0546875 0.6475409836065574
18 0.623046875 0.4918032786885246 0.064453125 0.6557377049180327
18 0.6796875 0.4918032786885246 0.068359375 0.6311475409836066
18 0.728515625 0.4918032786885246 0.0546875 0.6721311475409836
18 0.78125 0.4918032786885246 0.064453125 0.6721311475409836
18 0.927734375 0.4918032786885246 0.060546875 0.6721311475409836
18 0.826171875 0.5 0.056640625 0.6557377049180327
18 0.876953125 0.5 0.064453125 0.6557377049180327