18 0.23828125 0.4745762711864407 0.060546875 0.652542372881356
18 0.078125 0.4830508474576271 0.0625 0.6610169491525424
18 0.1328125 0.4915254237288136 0.05859375 0.6440677966101694
18 0.1875 0.4915254237288136 0.06640625 0.6779661016949152
18 0.357421875 0.4915254237288136 0.0625 0.6864406779661016
18 0.298828125 0.5 0.06640625 0.6440677966101694
18 0.673828125 0.5 0.056640625 0.6440677966101694
18 0.720703125 0.5 0.044921875 0.6610169491525424
18 0.40234375 0.5 0.048828125 0.6864406779661016
18 0.447265625 0.5 0.0625 0.6694915254237288
18 0.5625 0.5 0.064453125 0.6694915254237288
18 0.76171875 0.5 0.052734375 0.6186440677966102
18 0.619140625 0.5084745762711864 0.0625 0.6779661016949152
18 0.81640625 0.5084745762711864 0.060546875 0.652542372881356
18 0.501953125 0.5169491525423728 0.064453125 0.6779661016949152
18 0.873046875 0.5169491525423728 0.0546875 0.652542372881356
18 0.927734375 0.5254237288135594 0.0625 0.635593220338983