18 0.076171875 0.40425531914893614 0.06640625 0.4148936170212766
18 0.14453125 0.425531914893617 0.087890625 0.425531914893617
18 0.271484375 0.44680851063829785 0.06640625 0.44680851063829785
18 0.212890625 0.44680851063829785 0.060546875 0.44680851063829785
18 0.326171875 0.46808510638297873 0.05078125 0.4148936170212766
18 0.373046875 0.48936170212765956 0.056640625 0.425531914893617
18 0.416015625 0.48936170212765956 0.041015625 0.425531914893617
18 0.46484375 0.5106382978723404 0.052734375 0.4148936170212766
18 0.51953125 0.5106382978723404 0.06640625 0.4148936170212766
18 0.58203125 0.5319148936170213 0.06640625 0.39361702127659576
18 0.634765625 0.5425531914893617 0.05078125 0.39361702127659576
18 0.685546875 0.5531914893617021 0.056640625 0.4148936170212766
18 0.73046875 0.5531914893617021 0.04296875 0.39361702127659576
18 0.779296875 0.574468085106383 0.04296875 0.3829787234042553
18 0.828125 0.574468085106383 0.052734375 0.4148936170212766
18 0.87890625 0.5957446808510638 0.052734375 0.3829787234042553
18 0.9296875 0.6170212765957447 0.05078125 0.425531914893617