18 0.9296875 0.421875 0.056640625 0.5703125
18 0.8828125 0.421875 0.05078125 0.578125
18 0.833984375 0.4296875 0.0546875 0.59375
18 0.783203125 0.4453125 0.056640625 0.6015625
18 0.732421875 0.453125 0.0546875 0.625
18 0.681640625 0.46875 0.056640625 0.609375
18 0.625 0.4765625 0.048828125 0.625
18 0.578125 0.484375 0.0625 0.640625
18 0.5234375 0.5 0.0625 0.6015625
18 0.46875 0.5078125 0.064453125 0.625
18 0.4140625 0.515625 0.0625 0.6328125
18 0.359375 0.5234375 0.05859375 0.609375
18 0.30078125 0.5390625 0.0625 0.640625
18 0.244140625 0.5390625 0.0625 0.625
18 0.1875 0.546875 0.05859375 0.6328125
18 0.06640625 0.5703125 0.06640625 0.625
18 0.125 0.5703125 0.06640625 0.640625