18 0.07421875 0.30303030303030304 0.0546875 0.3939393939393939
18 0.123046875 0.3181818181818182 0.05859375 0.36363636363636365
18 0.17578125 0.3409090909090909 0.05078125 0.3712121212121212
18 0.2265625 0.3712121212121212 0.052734375 0.36363636363636365
18 0.279296875 0.38636363636363635 0.052734375 0.3560606060606061
18 0.333984375 0.4166666666666667 0.052734375 0.3712121212121212
18 0.38671875 0.44696969696969696 0.05859375 0.3712121212121212
18 0.443359375 0.4772727272727273 0.05859375 0.3939393939393939
18 0.498046875 0.48484848484848486 0.05859375 0.3939393939393939
18 0.552734375 0.5151515151515151 0.0546875 0.4015151515151515
18 0.60546875 0.5303030303030303 0.052734375 0.3939393939393939
18 0.66015625 0.5681818181818182 0.060546875 0.38636363636363635
18 0.716796875 0.5833333333333334 0.0546875 0.3939393939393939
18 0.771484375 0.6136363636363636 0.0546875 0.3939393939393939
18 0.83203125 0.6287878787878788 0.068359375 0.38636363636363635
18 0.888671875 0.6590909090909091 0.060546875 0.3712121212121212
18 0.943359375 0.6893939393939394 0.05859375 0.3939393939393939