18 0.55859375 0.4636363636363636 0.05859375 0.6181818181818182
18 0.0859375 0.4636363636363636 0.060546875 0.6454545454545455
18 0.244140625 0.4636363636363636 0.0546875 0.6454545454545455
18 0.34765625 0.4727272727272727 0.05859375 0.6545454545454545
18 0.453125 0.4727272727272727 0.05859375 0.6272727272727273
18 0.505859375 0.4727272727272727 0.060546875 0.6545454545454545
18 0.138671875 0.4727272727272727 0.0546875 0.6272727272727273
18 0.193359375 0.4727272727272727 0.05859375 0.6
18 0.40234375 0.4818181818181818 0.060546875 0.6181818181818182
18 0.767578125 0.4818181818181818 0.060546875 0.6454545454545455
18 0.296875 0.4818181818181818 0.05859375 0.6454545454545455
18 0.611328125 0.4818181818181818 0.0546875 0.6454545454545455
18 0.71484375 0.4818181818181818 0.0546875 0.6545454545454545
18 0.8203125 0.4818181818181818 0.0546875 0.6545454545454545
18 0.662109375 0.4909090909090909 0.0546875 0.6454545454545455
18 0.87109375 0.5 0.05859375 0.6545454545454545
18 0.921875 0.509090909090909 0.0546875 0.6727272727272727