18 0.056640625 0.37272727272727274 0.0703125 0.45454545454545453
18 0.103515625 0.39090909090909093 0.060546875 0.44545454545454544
18 0.19921875 0.4 0.0703125 0.4818181818181818
18 0.15234375 0.4 0.052734375 0.44545454545454544
18 0.248046875 0.42727272727272725 0.06640625 0.4727272727272727
18 0.30078125 0.44545454545454544 0.052734375 0.4909090909090909
18 0.357421875 0.44545454545454544 0.04296875 0.4727272727272727
18 0.40625 0.4636363636363636 0.060546875 0.4818181818181818
18 0.45703125 0.4818181818181818 0.068359375 0.5181818181818182
18 0.513671875 0.4818181818181818 0.078125 0.5181818181818182
18 0.568359375 0.5 0.0703125 0.5
18 0.625 0.5181818181818182 0.0625 0.5181818181818182
18 0.69140625 0.5181818181818182 0.0703125 0.5272727272727272
18 0.75 0.5363636363636364 0.060546875 0.5272727272727272
18 0.810546875 0.5545454545454546 0.056640625 0.5363636363636364
18 0.875 0.5727272727272728 0.064453125 0.5454545454545454
18 0.947265625 0.5727272727272728 0.0703125 0.5818181818181818