18 0.501953125 0.4673913043478261 0.056640625 0.6304347826086957
18 0.603515625 0.4673913043478261 0.052734375 0.6304347826086957
18 0.658203125 0.4673913043478261 0.05078125 0.6304347826086957
18 0.76171875 0.4673913043478261 0.052734375 0.6304347826086957
18 0.814453125 0.4673913043478261 0.060546875 0.5978260869565217
18 0.138671875 0.4673913043478261 0.052734375 0.6521739130434783
18 0.29296875 0.4673913043478261 0.05078125 0.6413043478260869
18 0.3984375 0.4673913043478261 0.05859375 0.6413043478260869
18 0.552734375 0.4673913043478261 0.056640625 0.6413043478260869
18 0.708984375 0.4673913043478261 0.052734375 0.6195652173913043
18 0.8671875 0.4673913043478261 0.060546875 0.5869565217391305
18 0.19140625 0.4673913043478261 0.056640625 0.6413043478260869
18 0.244140625 0.4673913043478261 0.056640625 0.6413043478260869
18 0.919921875 0.4782608695652174 0.060546875 0.5978260869565217
18 0.447265625 0.4891304347826087 0.052734375 0.6195652173913043
18 0.087890625 0.4891304347826087 0.056640625 0.6413043478260869
18 0.34765625 0.4891304347826087 0.060546875 0.6521739130434783