18 0.0859375 0.4076923076923077 0.05859375 0.5307692307692308
18 0.142578125 0.4230769230769231 0.052734375 0.5307692307692308
18 0.189453125 0.4307692307692308 0.052734375 0.5153846153846153
18 0.244140625 0.43846153846153846 0.0546875 0.5384615384615384
18 0.296875 0.4461538461538462 0.0546875 0.5307692307692308
18 0.34765625 0.45384615384615384 0.0546875 0.5384615384615384
18 0.400390625 0.46153846153846156 0.052734375 0.5307692307692308
18 0.458984375 0.46923076923076923 0.0546875 0.5307692307692308
18 0.5078125 0.4846153846153846 0.0546875 0.5307692307692308
18 0.61328125 0.5 0.05859375 0.5307692307692308
18 0.560546875 0.5076923076923077 0.05859375 0.5384615384615384
18 0.6640625 0.5153846153846153 0.05859375 0.5384615384615384
18 0.71484375 0.5230769230769231 0.046875 0.5307692307692308
18 0.771484375 0.5384615384615384 0.05859375 0.5538461538461539
18 0.826171875 0.5384615384615384 0.0546875 0.5153846153846153
18 0.875 0.5615384615384615 0.05859375 0.5153846153846153
18 0.931640625 0.5692307692307692 0.05859375 0.5307692307692308