18 0.849609375 0.4533333333333333 0.05078125 0.47333333333333333
18 0.90234375 0.46 0.05078125 0.46
18 0.796875 0.4666666666666667 0.04296875 0.5
18 0.744140625 0.4866666666666667 0.046875 0.4866666666666667
18 0.494140625 0.49333333333333335 0.05078125 0.47333333333333333
18 0.603515625 0.49333333333333335 0.05078125 0.5
18 0.65625 0.49333333333333335 0.046875 0.5
18 0.548828125 0.5 0.046875 0.4866666666666667
18 0.400390625 0.5066666666666667 0.05078125 0.47333333333333333
18 0.443359375 0.5066666666666667 0.05859375 0.5
18 0.70703125 0.5066666666666667 0.03515625 0.5
18 0.244140625 0.52 0.04296875 0.44666666666666666
18 0.294921875 0.52 0.05078125 0.47333333333333333
18 0.353515625 0.52 0.0546875 0.47333333333333333
18 0.193359375 0.5266666666666666 0.0546875 0.46
18 0.138671875 0.5466666666666666 0.046875 0.5
18 0.0859375 0.5533333333333333 0.0546875 0.4866666666666667