18 0.09375 0.5392156862745098 0.052734375 0.4019607843137255
18 0.24609375 0.5392156862745098 0.052734375 0.4019607843137255
18 0.14453125 0.5490196078431373 0.048828125 0.4215686274509804
18 0.193359375 0.5490196078431373 0.048828125 0.4215686274509804
18 0.29296875 0.5490196078431373 0.048828125 0.4215686274509804
18 0.341796875 0.5490196078431373 0.048828125 0.4215686274509804
18 0.388671875 0.5490196078431373 0.04296875 0.4215686274509804
18 0.439453125 0.5490196078431373 0.04296875 0.4215686274509804
18 0.490234375 0.5588235294117647 0.048828125 0.4019607843137255
18 0.54296875 0.5588235294117647 0.048828125 0.4411764705882353
18 0.689453125 0.5686274509803921 0.052734375 0.4215686274509804
18 0.7890625 0.5686274509803921 0.04296875 0.4215686274509804
18 0.837890625 0.5686274509803921 0.052734375 0.4215686274509804
18 0.88671875 0.5686274509803921 0.04296875 0.4215686274509804
18 0.587890625 0.5784313725490197 0.048828125 0.4411764705882353
18 0.642578125 0.5784313725490197 0.048828125 0.4411764705882353
18 0.736328125 0.5784313725490197 0.0390625 0.4019607843137255