18 0.939453125 0.3977272727272727 0.05078125 0.48863636363636365
18 0.892578125 0.4090909090909091 0.046875 0.48863636363636365
18 0.849609375 0.42045454545454547 0.0390625 0.4772727272727273
18 0.806640625 0.4318181818181818 0.048828125 0.4772727272727273
18 0.76171875 0.45454545454545453 0.046875 0.48863636363636365
18 0.705078125 0.45454545454545453 0.078125 0.4772727272727273
18 0.6484375 0.4659090909090909 0.0390625 0.48863636363636365
18 0.583984375 0.4772727272727273 0.09375 0.4772727272727273
18 0.51953125 0.5113636363636364 0.048828125 0.5113636363636364
18 0.46484375 0.5227272727272727 0.06640625 0.5113636363636364
18 0.345703125 0.5454545454545454 0.076171875 0.5113636363636364
18 0.408203125 0.5454545454545454 0.05859375 0.5113636363636364
18 0.283203125 0.5568181818181818 0.046875 0.5113636363636364
18 0.234375 0.5795454545454546 0.048828125 0.5340909090909091
18 0.177734375 0.6022727272727273 0.0625 0.5113636363636364
18 0.12109375 0.6022727272727273 0.05859375 0.5113636363636364
18 0.05859375 0.625 0.07421875 0.5227272727272727