18 0.470703125 0.484375 0.052734375 0.3984375
18 0.533203125 0.5 0.0703125 0.390625
18 0.59765625 0.5234375 0.05859375 0.390625
18 0.658203125 0.5546875 0.0625 0.390625
18 0.71484375 0.5703125 0.052734375 0.375
18 0.771484375 0.6015625 0.05859375 0.3828125
18 0.830078125 0.6015625 0.060546875 0.390625
18 0.884765625 0.6171875 0.056640625 0.390625
18 0.943359375 0.640625 0.0625 0.390625
18 0.05078125 0.3203125 0.04296875 0.359375
18 0.103515625 0.328125 0.0546875 0.359375
18 0.158203125 0.34375 0.052734375 0.3671875
18 0.2109375 0.390625 0.056640625 0.3828125
18 0.263671875 0.3984375 0.0546875 0.3828125
18 0.31640625 0.421875 0.060546875 0.390625
18 0.3671875 0.4375 0.041015625 0.390625
18 0.4140625 0.4609375 0.0546875 0.4140625