18 0.9375 0.3790322580645161 0.064453125 0.4838709677419355
18 0.873046875 0.3870967741935484 0.05859375 0.49193548387096775
18 0.82421875 0.4032258064516129 0.05859375 0.4596774193548387
18 0.767578125 0.41935483870967744 0.0546875 0.49193548387096775
18 0.708984375 0.43548387096774194 0.05859375 0.43548387096774194
18 0.65234375 0.45161290322580644 0.060546875 0.43548387096774194
18 0.595703125 0.47580645161290325 0.064453125 0.45161290322580644
18 0.5390625 0.4838709677419355 0.0625 0.4596774193548387
18 0.48046875 0.5 0.060546875 0.46774193548387094
18 0.42578125 0.5161290322580645 0.0625 0.46774193548387094
18 0.373046875 0.532258064516129 0.03515625 0.4596774193548387
18 0.3203125 0.5483870967741935 0.060546875 0.46774193548387094
18 0.255859375 0.5645161290322581 0.05078125 0.4838709677419355
18 0.20703125 0.5725806451612904 0.05859375 0.43548387096774194
18 0.154296875 0.5887096774193549 0.0546875 0.46774193548387094
18 0.1015625 0.6129032258064516 0.052734375 0.43548387096774194
18 0.046875 0.6209677419354839 0.05859375 0.45161290322580644