18 0.939453125 0.6885245901639344 0.060546875 0.36065573770491804
18 0.064453125 0.27049180327868855 0.064453125 0.36065573770491804
18 0.123046875 0.29508196721311475 0.0546875 0.3360655737704918
18 0.171875 0.3360655737704918 0.044921875 0.3524590163934426
18 0.2265625 0.36065573770491804 0.05859375 0.36065573770491804
18 0.2734375 0.3770491803278688 0.037109375 0.36065573770491804
18 0.31640625 0.4098360655737705 0.052734375 0.36065573770491804
18 0.3671875 0.4180327868852459 0.04296875 0.3442622950819672
18 0.41796875 0.45081967213114754 0.0546875 0.32786885245901637
18 0.47265625 0.47540983606557374 0.056640625 0.3360655737704918
18 0.533203125 0.5163934426229508 0.056640625 0.3524590163934426
18 0.58984375 0.5245901639344263 0.05078125 0.3524590163934426
18 0.650390625 0.5491803278688525 0.05859375 0.36065573770491804
18 0.708984375 0.5983606557377049 0.052734375 0.3524590163934426
18 0.763671875 0.6147540983606558 0.05859375 0.3524590163934426
18 0.822265625 0.639344262295082 0.052734375 0.3524590163934426
18 0.880859375 0.6557377049180327 0.052734375 0.3442622950819672