18 0.80078125 0.68359375 0.076171875 0.28125
18 0.86328125 0.7109375 0.076171875 0.26953125
18 0.916015625 0.7421875 0.07421875 0.28125
18 0.05078125 0.21484375 0.083984375 0.30078125
18 0.1015625 0.2421875 0.080078125 0.27734375
18 0.158203125 0.265625 0.0703125 0.26171875
18 0.20703125 0.30078125 0.083984375 0.26171875
18 0.26171875 0.33984375 0.083984375 0.26953125
18 0.322265625 0.375 0.076171875 0.26953125
18 0.3671875 0.3984375 0.064453125 0.26953125
18 0.4140625 0.4296875 0.064453125 0.27734375
18 0.462890625 0.46484375 0.080078125 0.28125
18 0.517578125 0.5 0.099609375 0.27734375
18 0.576171875 0.52734375 0.0859375 0.27734375
18 0.634765625 0.5625 0.080078125 0.25
18 0.6875 0.6171875 0.076171875 0.2890625
18 0.748046875 0.640625 0.0859375 0.27734375