18 0.087890625 0.4264705882352941 0.0546875 0.5073529411764706
18 0.150390625 0.4411764705882353 0.060546875 0.47058823529411764
18 0.193359375 0.4411764705882353 0.044921875 0.47058823529411764
18 0.24609375 0.45588235294117646 0.060546875 0.49264705882352944
18 0.3046875 0.4632352941176471 0.064453125 0.47058823529411764
18 0.359375 0.4632352941176471 0.0546875 0.47058823529411764
18 0.40625 0.47058823529411764 0.0546875 0.49264705882352944
18 0.529296875 0.47794117647058826 0.048828125 0.47058823529411764
18 0.46875 0.49264705882352944 0.0703125 0.49264705882352944
18 0.57421875 0.5 0.0390625 0.47058823529411764
18 0.623046875 0.5 0.0546875 0.5073529411764706
18 0.685546875 0.5 0.060546875 0.5073529411764706
18 0.736328125 0.5 0.0390625 0.5073529411764706
18 0.78125 0.5220588235294118 0.048828125 0.47058823529411764
18 0.830078125 0.5294117647058824 0.0546875 0.49264705882352944
18 0.92578125 0.5294117647058824 0.044921875 0.49264705882352944
18 0.876953125 0.5367647058823529 0.048828125 0.47058823529411764