18 0.927734375 0.31690140845070425 0.046875 0.352112676056338
18 0.884765625 0.33098591549295775 0.046875 0.352112676056338
18 0.84375 0.34507042253521125 0.04296875 0.352112676056338
18 0.798828125 0.3591549295774648 0.0546875 0.352112676056338
18 0.755859375 0.3873239436619718 0.046875 0.3380281690140845
18 0.7109375 0.4014084507042254 0.05078125 0.3380281690140845
18 0.662109375 0.4225352112676056 0.05859375 0.352112676056338
18 0.609375 0.43661971830985913 0.0546875 0.352112676056338
18 0.5625 0.45774647887323944 0.046875 0.3873239436619718
18 0.505859375 0.4859154929577465 0.072265625 0.3873239436619718
18 0.44140625 0.5140845070422535 0.0546875 0.3873239436619718
18 0.376953125 0.5492957746478874 0.064453125 0.3873239436619718
18 0.326171875 0.5563380281690141 0.05078125 0.36619718309859156
18 0.27734375 0.5704225352112676 0.0546875 0.36619718309859156
18 0.216796875 0.5845070422535211 0.0546875 0.36619718309859156
18 0.16015625 0.6126760563380281 0.064453125 0.3873239436619718
18 0.091796875 0.6549295774647887 0.072265625 0.4154929577464789