18 0.095703125 0.49107142857142855 0.064453125 0.49107142857142855
18 0.162109375 0.49107142857142855 0.05859375 0.49107142857142855
18 0.21484375 0.49107142857142855 0.04296875 0.4375
18 0.267578125 0.49107142857142855 0.052734375 0.49107142857142855
18 0.4296875 0.49107142857142855 0.064453125 0.49107142857142855
18 0.494140625 0.49107142857142855 0.064453125 0.4642857142857143
18 0.546875 0.5 0.04296875 0.4642857142857143
18 0.595703125 0.5 0.052734375 0.4642857142857143
18 0.654296875 0.5 0.064453125 0.4642857142857143
18 0.701171875 0.5 0.037109375 0.4642857142857143
18 0.74609375 0.5 0.052734375 0.4642857142857143
18 0.31640625 0.5 0.052734375 0.5089285714285714
18 0.369140625 0.5 0.064453125 0.4642857142857143
18 0.794921875 0.5089285714285714 0.052734375 0.4375
18 0.9296875 0.5089285714285714 0.052734375 0.4375
18 0.837890625 0.5267857142857143 0.052734375 0.4642857142857143
18 0.8828125 0.5267857142857143 0.046875 0.4642857142857143