18 0.81640625 0.4307692307692308 0.048828125 0.4153846153846154
18 0.861328125 0.43846153846153846 0.048828125 0.3923076923076923
18 0.908203125 0.4461538461538462 0.0546875 0.4153846153846154
18 0.728515625 0.46153846153846156 0.0546875 0.43846153846153846
18 0.77734375 0.46153846153846156 0.048828125 0.3923076923076923
18 0.583984375 0.4846153846153846 0.0546875 0.43846153846153846
18 0.63671875 0.4846153846153846 0.060546875 0.43846153846153846
18 0.68359375 0.4846153846153846 0.0546875 0.43846153846153846
18 0.5390625 0.4846153846153846 0.0546875 0.3923076923076923
18 0.482421875 0.49230769230769234 0.06640625 0.4153846153846154
18 0.423828125 0.5076923076923077 0.060546875 0.43846153846153846
18 0.36328125 0.5153846153846153 0.06640625 0.4153846153846154
18 0.30859375 0.5307692307692308 0.0546875 0.43846153846153846
18 0.259765625 0.5384615384615384 0.060546875 0.4153846153846154
18 0.08984375 0.5461538461538461 0.06640625 0.43846153846153846
18 0.212890625 0.5461538461538461 0.044921875 0.43846153846153846
18 0.15625 0.5615384615384615 0.06640625 0.46153846153846156