18 0.865234375 0.4479166666666667 0.06640625 0.5104166666666666
18 0.802734375 0.4583333333333333 0.05859375 0.5208333333333334
18 0.9296875 0.4583333333333333 0.060546875 0.5208333333333334
18 0.744140625 0.46875 0.068359375 0.5104166666666666
18 0.619140625 0.4791666666666667 0.0546875 0.5208333333333334
18 0.498046875 0.4895833333333333 0.076171875 0.5208333333333334
18 0.5625 0.4895833333333333 0.05859375 0.53125
18 0.6796875 0.4895833333333333 0.064453125 0.5520833333333334
18 0.203125 0.4895833333333333 0.05078125 0.4791666666666667
18 0.2578125 0.5 0.052734375 0.4895833333333333
18 0.099609375 0.5 0.056640625 0.46875
18 0.15234375 0.5 0.048828125 0.4583333333333333
18 0.306640625 0.5 0.0390625 0.5104166666666666
18 0.349609375 0.5104166666666666 0.037109375 0.53125
18 0.390625 0.5104166666666666 0.05078125 0.53125
18 0.44140625 0.5104166666666666 0.044921875 0.53125
18 0.05078125 0.5208333333333334 0.048828125 0.4895833333333333