18 0.451171875 0.47540983606557374 0.052734375 0.30327868852459017
18 0.50390625 0.5 0.04296875 0.26229508196721313
18 0.556640625 0.5409836065573771 0.05859375 0.29508196721311475
18 0.61328125 0.5737704918032787 0.05078125 0.29508196721311475
18 0.666015625 0.6229508196721312 0.04296875 0.27049180327868855
18 0.724609375 0.6475409836065574 0.0703125 0.28688524590163933
18 0.779296875 0.6885245901639344 0.041015625 0.29508196721311475
18 0.830078125 0.7131147540983607 0.044921875 0.29508196721311475
18 0.88671875 0.7377049180327869 0.0546875 0.319672131147541
18 0.94140625 0.7459016393442623 0.048828125 0.3114754098360656
18 0.056640625 0.2540983606557377 0.046875 0.2786885245901639
18 0.119140625 0.2786885245901639 0.068359375 0.2786885245901639
18 0.18359375 0.3360655737704918 0.048828125 0.27049180327868855
18 0.236328125 0.36065573770491804 0.0546875 0.28688524590163933
18 0.29296875 0.38524590163934425 0.052734375 0.28688524590163933
18 0.345703125 0.4180327868852459 0.048828125 0.2786885245901639
18 0.396484375 0.4426229508196721 0.05078125 0.3114754098360656