18 0.48828125 0.5119047619047619 0.064453125 0.2976190476190476
18 0.556640625 0.5476190476190477 0.07421875 0.27380952380952384
18 0.6171875 0.5833333333333334 0.044921875 0.2619047619047619
18 0.669921875 0.6130952380952381 0.0546875 0.27976190476190477
18 0.720703125 0.6488095238095238 0.046875 0.2857142857142857
18 0.775390625 0.6904761904761905 0.046875 0.27380952380952384
18 0.828125 0.7083333333333334 0.0625 0.2857142857142857
18 0.888671875 0.7380952380952381 0.05078125 0.27380952380952384
18 0.939453125 0.7797619047619048 0.056640625 0.2619047619047619
18 0.056640625 0.19047619047619047 0.05859375 0.23214285714285715
18 0.125 0.2261904761904762 0.087890625 0.25
18 0.185546875 0.2857142857142857 0.0546875 0.25
18 0.2421875 0.30952380952380953 0.0625 0.27380952380952384
18 0.294921875 0.36904761904761907 0.044921875 0.25
18 0.341796875 0.3869047619047619 0.052734375 0.23809523809523808
18 0.38671875 0.4226190476190476 0.0390625 0.25
18 0.43359375 0.4642857142857143 0.056640625 0.27380952380952384