18 0.060546875 0.40625 0.06640625 0.5
18 0.123046875 0.40625 0.056640625 0.4895833333333333
18 0.228515625 0.4375 0.060546875 0.4895833333333333
18 0.28125 0.4583333333333333 0.0625 0.5208333333333334
18 0.17578125 0.4583333333333333 0.0546875 0.5416666666666666
18 0.33984375 0.46875 0.064453125 0.5208333333333334
18 0.447265625 0.46875 0.0625 0.5416666666666666
18 0.50390625 0.4791666666666667 0.060546875 0.5625
18 0.392578125 0.4791666666666667 0.064453125 0.5625
18 0.556640625 0.4895833333333333 0.0625 0.53125
18 0.66796875 0.5 0.0625 0.5208333333333334
18 0.615234375 0.5104166666666666 0.052734375 0.5416666666666666
18 0.82421875 0.5208333333333334 0.060546875 0.5104166666666666
18 0.71875 0.53125 0.05859375 0.5
18 0.771484375 0.5416666666666666 0.0625 0.5625
18 0.93359375 0.5520833333333334 0.064453125 0.5104166666666666
18 0.8828125 0.5625 0.064453125 0.53125