18 0.068359375 0.3780487804878049 0.060546875 0.524390243902439
18 0.12109375 0.39634146341463417 0.052734375 0.4878048780487805
18 0.18359375 0.4024390243902439 0.068359375 0.524390243902439
18 0.240234375 0.42073170731707316 0.052734375 0.5121951219512195
18 0.298828125 0.4451219512195122 0.060546875 0.5121951219512195
18 0.357421875 0.4634146341463415 0.064453125 0.524390243902439
18 0.416015625 0.4695121951219512 0.068359375 0.5121951219512195
18 0.470703125 0.4878048780487805 0.044921875 0.5
18 0.51953125 0.5060975609756098 0.056640625 0.5
18 0.580078125 0.5121951219512195 0.068359375 0.5
18 0.63671875 0.5304878048780488 0.056640625 0.4878048780487805
18 0.69140625 0.5365853658536586 0.056640625 0.5
18 0.787109375 0.5609756097560976 0.056640625 0.5
18 0.736328125 0.5670731707317073 0.041015625 0.4878048780487805
18 0.833984375 0.5853658536585366 0.060546875 0.47560975609756095
18 0.88671875 0.5914634146341463 0.056640625 0.5121951219512195
18 0.9375 0.6036585365853658 0.060546875 0.5121951219512195