18 0.912109375 0.4014084507042254 0.056640625 0.3873239436619718
18 0.791015625 0.4225352112676056 0.056640625 0.3873239436619718
18 0.830078125 0.4225352112676056 0.056640625 0.3873239436619718
18 0.876953125 0.4225352112676056 0.0625 0.3873239436619718
18 0.70703125 0.43661971830985913 0.056640625 0.4154929577464789
18 0.75 0.45774647887323944 0.05078125 0.4154929577464789
18 0.611328125 0.45774647887323944 0.0703125 0.4154929577464789
18 0.662109375 0.47183098591549294 0.056640625 0.3873239436619718
18 0.556640625 0.47183098591549294 0.0625 0.43661971830985913
18 0.51171875 0.4788732394366197 0.05078125 0.45774647887323944
18 0.455078125 0.5070422535211268 0.0625 0.4154929577464789
18 0.337890625 0.5140845070422535 0.0625 0.43661971830985913
18 0.400390625 0.5140845070422535 0.0703125 0.43661971830985913
18 0.212890625 0.528169014084507 0.0703125 0.45774647887323944
18 0.28125 0.5422535211267606 0.0625 0.43661971830985913
18 0.087890625 0.5633802816901409 0.076171875 0.43661971830985913
18 0.15625 0.5633802816901409 0.056640625 0.43661971830985913