18 0.896484375 0.6346153846153846 0.056640625 0.5096153846153846
18 0.947265625 0.6346153846153846 0.052734375 0.49038461538461536
18 0.08984375 0.40384615384615385 0.07421875 0.5
18 0.14453125 0.4326923076923077 0.056640625 0.5192307692307693
18 0.193359375 0.4519230769230769 0.0546875 0.5192307692307693
18 0.25 0.47115384615384615 0.060546875 0.5096153846153846
18 0.3046875 0.49038461538461536 0.056640625 0.5288461538461539
18 0.357421875 0.49038461538461536 0.0546875 0.49038461538461536
18 0.41796875 0.5 0.064453125 0.5
18 0.46484375 0.5192307692307693 0.0546875 0.4807692307692308
18 0.517578125 0.5192307692307693 0.056640625 0.5192307692307693
18 0.5703125 0.5288461538461539 0.05859375 0.47115384615384615
18 0.626953125 0.5480769230769231 0.060546875 0.49038461538461536
18 0.681640625 0.5576923076923077 0.056640625 0.47115384615384615
18 0.73046875 0.5769230769230769 0.056640625 0.5192307692307693
18 0.78515625 0.5961538461538461 0.056640625 0.49038461538461536
18 0.83984375 0.6057692307692307 0.0546875 0.5384615384615384