18 0.935546875 0.3541666666666667 0.04296875 0.4270833333333333
18 0.888671875 0.375 0.052734375 0.4270833333333333
18 0.83984375 0.3958333333333333 0.048828125 0.4166666666666667
18 0.791015625 0.3958333333333333 0.04296875 0.40625
18 0.748046875 0.4270833333333333 0.052734375 0.4375
18 0.697265625 0.4375 0.048828125 0.4270833333333333
18 0.650390625 0.4479166666666667 0.048828125 0.3854166666666667
18 0.603515625 0.46875 0.048828125 0.4166666666666667
18 0.548828125 0.4895833333333333 0.064453125 0.4166666666666667
18 0.48828125 0.5 0.060546875 0.4166666666666667
18 0.43359375 0.5104166666666666 0.041015625 0.40625
18 0.38671875 0.53125 0.0546875 0.40625
18 0.33203125 0.53125 0.0625 0.4166666666666667
18 0.26953125 0.5729166666666666 0.0625 0.3854166666666667
18 0.212890625 0.5833333333333334 0.060546875 0.4166666666666667
18 0.138671875 0.5833333333333334 0.0859375 0.40625
18 0.072265625 0.6041666666666666 0.060546875 0.4166666666666667