18 0.9453125 0.35185185185185186 0.05859375 0.43209876543209874
18 0.888671875 0.37037037037037035 0.052734375 0.43209876543209874
18 0.841796875 0.3888888888888889 0.05078125 0.4382716049382716
18 0.79296875 0.41358024691358025 0.04296875 0.43209876543209874
18 0.75 0.42592592592592593 0.05859375 0.42592592592592593
18 0.70703125 0.4382716049382716 0.05859375 0.41358024691358025
18 0.65625 0.47530864197530864 0.06640625 0.4567901234567901
18 0.578125 0.49382716049382713 0.091796875 0.43209876543209874
18 0.50390625 0.5185185185185185 0.087890625 0.4074074074074074
18 0.447265625 0.5370370370370371 0.060546875 0.41358024691358025
18 0.390625 0.5617283950617284 0.052734375 0.3888888888888889
18 0.341796875 0.5802469135802469 0.064453125 0.42592592592592593
18 0.296875 0.5987654320987654 0.07421875 0.41358024691358025
18 0.23828125 0.6172839506172839 0.056640625 0.4012345679012346
18 0.19140625 0.6296296296296297 0.072265625 0.4074074074074074
18 0.134765625 0.6604938271604939 0.07421875 0.36419753086419754
18 0.080078125 0.6728395061728395 0.068359375 0.3888888888888889