18 0.9375 0.4019607843137255 0.048828125 0.5098039215686274
18 0.82421875 0.4215686274509804 0.052734375 0.5098039215686274
18 0.87890625 0.4215686274509804 0.05078125 0.5098039215686274
18 0.765625 0.4411764705882353 0.046875 0.5098039215686274
18 0.712890625 0.46078431372549017 0.046875 0.5
18 0.65625 0.4803921568627451 0.05078125 0.5098039215686274
18 0.6015625 0.49019607843137253 0.052734375 0.5196078431372549
18 0.548828125 0.5 0.05078125 0.5098039215686274
18 0.49609375 0.5098039215686274 0.048828125 0.5098039215686274
18 0.392578125 0.5196078431372549 0.03125 0.5098039215686274
18 0.4453125 0.5196078431372549 0.05078125 0.5098039215686274
18 0.33984375 0.5294117647058824 0.046875 0.5098039215686274
18 0.232421875 0.5392156862745098 0.046875 0.5196078431372549
18 0.28515625 0.5490196078431373 0.048828125 0.5
18 0.1796875 0.5490196078431373 0.046875 0.5196078431372549
18 0.076171875 0.5588235294117647 0.046875 0.5196078431372549
18 0.12890625 0.5686274509803921 0.04296875 0.5588235294117647