18 0.3125 0.5616438356164384 0.060546875 0.3972602739726027
18 0.2578125 0.5753424657534246 0.05859375 0.4041095890410959
18 0.203125 0.6095890410958904 0.060546875 0.3904109589041096
18 0.150390625 0.6301369863013698 0.056640625 0.4041095890410959
18 0.095703125 0.6506849315068494 0.0546875 0.4246575342465753
18 0.041015625 0.6643835616438356 0.060546875 0.4315068493150685
18 0.9453125 0.2876712328767123 0.0625 0.4315068493150685
18 0.892578125 0.3424657534246575 0.0703125 0.4726027397260274
18 0.83203125 0.3561643835616438 0.06640625 0.4383561643835616
18 0.771484375 0.3767123287671233 0.06640625 0.4452054794520548
18 0.712890625 0.4041095890410959 0.064453125 0.4315068493150685
18 0.65234375 0.4315068493150685 0.068359375 0.4315068493150685
18 0.59375 0.4452054794520548 0.07421875 0.4178082191780822
18 0.537109375 0.4794520547945205 0.072265625 0.4041095890410959
18 0.478515625 0.5 0.06640625 0.4315068493150685
18 0.419921875 0.5205479452054794 0.068359375 0.410958904109589
18 0.37109375 0.541095890410959 0.04296875 0.3972602739726027