18 0.705078125 0.6339285714285714 0.041015625 0.30357142857142855
18 0.75390625 0.6607142857142857 0.04296875 0.30357142857142855
18 0.80859375 0.6875 0.048828125 0.2857142857142857
18 0.859375 0.7232142857142857 0.04296875 0.2857142857142857
18 0.912109375 0.75 0.044921875 0.29464285714285715
18 0.96484375 0.7946428571428571 0.044921875 0.29464285714285715
18 0.0703125 0.23214285714285715 0.052734375 0.33035714285714285
18 0.142578125 0.26785714285714285 0.0703125 0.3392857142857143
18 0.203125 0.33035714285714285 0.04296875 0.2857142857142857
18 0.2578125 0.35714285714285715 0.05078125 0.29464285714285715
18 0.31640625 0.39285714285714285 0.048828125 0.33035714285714285
18 0.369140625 0.42857142857142855 0.04296875 0.3125
18 0.423828125 0.45535714285714285 0.052734375 0.3125
18 0.48046875 0.48214285714285715 0.052734375 0.29464285714285715
18 0.53125 0.5178571428571429 0.04296875 0.2857142857142857
18 0.58984375 0.5446428571428571 0.060546875 0.33035714285714285
18 0.65234375 0.5892857142857143 0.052734375 0.3125