18 0.9453125 0.7547169811320755 0.0546875 0.3018867924528302
18 0.06640625 0.29245283018867924 0.0703125 0.2830188679245283
18 0.12890625 0.32075471698113206 0.0859375 0.29245283018867924
18 0.19921875 0.3584905660377358 0.064453125 0.3018867924528302
18 0.251953125 0.3867924528301887 0.0625 0.29245283018867924
18 0.30078125 0.41509433962264153 0.05078125 0.2830188679245283
18 0.3515625 0.4528301886792453 0.0546875 0.27358490566037735
18 0.3984375 0.46226415094339623 0.044921875 0.2830188679245283
18 0.447265625 0.49056603773584906 0.05078125 0.2641509433962264
18 0.50390625 0.5188679245283019 0.064453125 0.3018867924528302
18 0.564453125 0.5377358490566038 0.060546875 0.29245283018867924
18 0.623046875 0.5754716981132075 0.064453125 0.27358490566037735
18 0.6796875 0.6037735849056604 0.052734375 0.2641509433962264
18 0.73046875 0.6320754716981132 0.05078125 0.2830188679245283
18 0.78515625 0.6698113207547169 0.0546875 0.2641509433962264
18 0.8359375 0.6981132075471698 0.052734375 0.27358490566037735
18 0.890625 0.7169811320754716 0.0546875 0.3018867924528302