18 0.462890625 0.4785714285714286 0.05078125 0.2642857142857143
18 0.515625 0.5285714285714286 0.044921875 0.2642857142857143
18 0.57421875 0.55 0.06640625 0.2642857142857143
18 0.634765625 0.5928571428571429 0.048828125 0.24285714285714285
18 0.69140625 0.6428571428571429 0.033203125 0.2571428571428571
18 0.7421875 0.6714285714285714 0.046875 0.24285714285714285
18 0.794921875 0.7071428571428572 0.046875 0.24285714285714285
18 0.845703125 0.7285714285714285 0.04296875 0.2571428571428571
18 0.89453125 0.7571428571428571 0.048828125 0.2642857142857143
18 0.947265625 0.8 0.044921875 0.25
18 0.060546875 0.20714285714285716 0.05078125 0.2642857142857143
18 0.126953125 0.25 0.078125 0.2571428571428571
18 0.19140625 0.30714285714285716 0.041015625 0.24285714285714285
18 0.24609375 0.34285714285714286 0.0546875 0.2571428571428571
18 0.3046875 0.37857142857142856 0.048828125 0.2642857142857143
18 0.35546875 0.42142857142857143 0.04296875 0.2642857142857143
18 0.408203125 0.44285714285714284 0.052734375 0.2571428571428571