18 0.923828125 0.34558823529411764 0.052734375 0.4852941176470588
18 0.8046875 0.3897058823529412 0.05078125 0.45588235294117646
18 0.861328125 0.3897058823529412 0.05078125 0.4852941176470588
18 0.748046875 0.4117647058823529 0.05859375 0.4852941176470588
18 0.6875 0.41911764705882354 0.048828125 0.47058823529411764
18 0.58203125 0.45588235294117646 0.0546875 0.4632352941176471
18 0.63671875 0.45588235294117646 0.0546875 0.4632352941176471
18 0.52734375 0.47794117647058826 0.0546875 0.4117647058823529
18 0.4140625 0.49264705882352944 0.052734375 0.41911764705882354
18 0.46875 0.5 0.05078125 0.4264705882352941
18 0.357421875 0.5220588235294118 0.046875 0.4485294117647059
18 0.310546875 0.5514705882352942 0.04296875 0.41911764705882354
18 0.2578125 0.5808823529411765 0.05078125 0.4411764705882353
18 0.154296875 0.5955882352941176 0.0546875 0.4411764705882353
18 0.205078125 0.6029411764705882 0.05078125 0.4632352941176471
18 0.1015625 0.625 0.048828125 0.4264705882352941
18 0.05078125 0.6397058823529411 0.052734375 0.4264705882352941