18 0.578125 0.4605263157894737 0.0703125 0.618421052631579
18 0.875 0.4605263157894737 0.044921875 0.618421052631579
18 0.693359375 0.47368421052631576 0.046875 0.6052631578947368
18 0.783203125 0.47368421052631576 0.046875 0.6052631578947368
18 0.830078125 0.47368421052631576 0.046875 0.6052631578947368
18 0.92578125 0.47368421052631576 0.048828125 0.6052631578947368
18 0.263671875 0.47368421052631576 0.076171875 0.5921052631578947
18 0.419921875 0.47368421052631576 0.046875 0.5921052631578947
18 0.51953125 0.47368421052631576 0.046875 0.5921052631578947
18 0.64453125 0.47368421052631576 0.0546875 0.618421052631579
18 0.736328125 0.47368421052631576 0.048828125 0.5921052631578947
18 0.201171875 0.4868421052631579 0.052734375 0.5789473684210527
18 0.330078125 0.4868421052631579 0.052734375 0.5789473684210527
18 0.375 0.4868421052631579 0.048828125 0.5789473684210527
18 0.138671875 0.4868421052631579 0.080078125 0.5789473684210527
18 0.47265625 0.4868421052631579 0.0546875 0.618421052631579
18 0.072265625 0.4868421052631579 0.0625 0.5921052631578947