18 0.076171875 0.3793103448275862 0.064453125 0.47413793103448276
18 0.126953125 0.3879310344827586 0.05078125 0.47413793103448276
18 0.23046875 0.4051724137931034 0.056640625 0.4482758620689655
18 0.1796875 0.4051724137931034 0.0546875 0.4827586206896552
18 0.28125 0.4224137931034483 0.0546875 0.46551724137931033
18 0.337890625 0.4482758620689655 0.068359375 0.45689655172413796
18 0.388671875 0.4482758620689655 0.05078125 0.47413793103448276
18 0.44140625 0.45689655172413796 0.060546875 0.4827586206896552
18 0.4921875 0.49137931034482757 0.0625 0.46551724137931033
18 0.548828125 0.49137931034482757 0.06640625 0.5
18 0.603515625 0.5 0.060546875 0.4827586206896552
18 0.65625 0.5 0.064453125 0.49137931034482757
18 0.7109375 0.5431034482758621 0.06640625 0.5086206896551724
18 0.76953125 0.5431034482758621 0.060546875 0.4827586206896552
18 0.82421875 0.5603448275862069 0.06640625 0.5086206896551724
18 0.8828125 0.5775862068965517 0.060546875 0.5
18 0.9375 0.5948275862068966 0.06640625 0.5086206896551724