18 0.064453125 0.4117647058823529 0.056640625 0.45098039215686275
18 0.12109375 0.43137254901960786 0.05859375 0.47058823529411764
18 0.173828125 0.4411764705882353 0.056640625 0.46078431372549017
18 0.23046875 0.46078431372549017 0.05859375 0.45098039215686275
18 0.28515625 0.46078431372549017 0.056640625 0.47058823529411764
18 0.337890625 0.47058823529411764 0.05859375 0.4411764705882353
18 0.392578125 0.49019607843137253 0.05859375 0.45098039215686275
18 0.447265625 0.49019607843137253 0.056640625 0.45098039215686275
18 0.501953125 0.5098039215686274 0.060546875 0.45098039215686275
18 0.556640625 0.5196078431372549 0.056640625 0.4411764705882353
18 0.611328125 0.5294117647058824 0.0546875 0.4215686274509804
18 0.666015625 0.5392156862745098 0.056640625 0.43137254901960786
18 0.71484375 0.5490196078431373 0.037109375 0.43137254901960786
18 0.7734375 0.5686274509803921 0.0546875 0.45098039215686275
18 0.828125 0.5686274509803921 0.05859375 0.45098039215686275
18 0.884765625 0.5784313725490197 0.05859375 0.43137254901960786
18 0.94140625 0.6078431372549019 0.0546875 0.45098039215686275