18 0.05859375 0.4 0.05078125 0.5
18 0.130859375 0.4142857142857143 0.078125 0.5285714285714286
18 0.201171875 0.44285714285714284 0.044921875 0.4857142857142857
18 0.251953125 0.44285714285714284 0.0390625 0.4857142857142857
18 0.3046875 0.4714285714285714 0.046875 0.5
18 0.4140625 0.4857142857142857 0.048828125 0.5142857142857142
18 0.359375 0.4857142857142857 0.046875 0.4857142857142857
18 0.47265625 0.5 0.048828125 0.4857142857142857
18 0.52734375 0.5285714285714286 0.041015625 0.4714285714285714
18 0.58203125 0.5285714285714286 0.05078125 0.5
18 0.63671875 0.5428571428571428 0.05078125 0.5142857142857142
18 0.7421875 0.5571428571428572 0.044921875 0.4857142857142857
18 0.69140625 0.5714285714285714 0.044921875 0.5
18 0.794921875 0.5714285714285714 0.048828125 0.5
18 0.845703125 0.5857142857142857 0.044921875 0.4714285714285714
18 0.896484375 0.6 0.048828125 0.5
18 0.94921875 0.6142857142857143 0.046875 0.4714285714285714