18 0.08203125 0.3157894736842105 0.05078125 0.38596491228070173
18 0.134765625 0.3333333333333333 0.052734375 0.38596491228070173
18 0.1875 0.35964912280701755 0.052734375 0.3684210526315789
18 0.240234375 0.38596491228070173 0.05078125 0.35964912280701755
18 0.291015625 0.39473684210526316 0.05078125 0.38596491228070173
18 0.34375 0.41228070175438597 0.05078125 0.3684210526315789
18 0.396484375 0.4473684210526316 0.052734375 0.40350877192982454
18 0.44921875 0.47368421052631576 0.0546875 0.39473684210526316
18 0.5 0.49122807017543857 0.056640625 0.39473684210526316
18 0.55078125 0.5087719298245614 0.0546875 0.43859649122807015
18 0.609375 0.5526315789473685 0.052734375 0.39473684210526316
18 0.662109375 0.5614035087719298 0.05859375 0.41228070175438597
18 0.712890625 0.5964912280701754 0.037109375 0.38596491228070173
18 0.76953125 0.6052631578947368 0.0546875 0.38596491228070173
18 0.822265625 0.631578947368421 0.0546875 0.38596491228070173
18 0.876953125 0.6491228070175439 0.056640625 0.39473684210526316
18 0.93359375 0.6578947368421053 0.0546875 0.40350877192982454