18 0.67578125 0.5 0.03515625 0.55
18 0.623046875 0.5166666666666667 0.05078125 0.5333333333333333
18 0.77734375 0.5166666666666667 0.046875 0.5666666666666667
18 0.41015625 0.5166666666666667 0.05078125 0.5833333333333334
18 0.0625 0.5166666666666667 0.052734375 0.5166666666666667
18 0.939453125 0.5166666666666667 0.048828125 0.55
18 0.251953125 0.5333333333333333 0.056640625 0.5333333333333333
18 0.30859375 0.5333333333333333 0.05078125 0.5666666666666667
18 0.361328125 0.5333333333333333 0.041015625 0.5333333333333333
18 0.46484375 0.5333333333333333 0.05078125 0.5666666666666667
18 0.5703125 0.5333333333333333 0.0546875 0.5333333333333333
18 0.728515625 0.5333333333333333 0.04296875 0.5333333333333333
18 0.83203125 0.5333333333333333 0.048828125 0.5333333333333333
18 0.884765625 0.5333333333333333 0.05078125 0.5666666666666667
18 0.1328125 0.5333333333333333 0.068359375 0.5333333333333333
18 0.517578125 0.5333333333333333 0.04296875 0.55
18 0.197265625 0.5333333333333333 0.04296875 0.5333333333333333