18 0.71484375 0.625 0.0625 0.390625
18 0.76953125 0.640625 0.064453125 0.3828125
18 0.826171875 0.6484375 0.0625 0.3828125
18 0.884765625 0.6953125 0.06640625 0.390625
18 0.947265625 0.71875 0.08203125 0.375
18 0.044921875 0.34375 0.060546875 0.3828125
18 0.095703125 0.359375 0.0625 0.3671875
18 0.1484375 0.375 0.064453125 0.3828125
18 0.205078125 0.3984375 0.06640625 0.3828125
18 0.255859375 0.421875 0.06640625 0.3828125
18 0.314453125 0.4609375 0.064453125 0.3828125
18 0.365234375 0.4765625 0.046875 0.4140625
18 0.408203125 0.5 0.060546875 0.4140625
18 0.470703125 0.5 0.072265625 0.390625
18 0.533203125 0.546875 0.080078125 0.421875
18 0.603515625 0.5625 0.072265625 0.3828125
18 0.658203125 0.59375 0.07421875 0.3828125