18 0.1015625 0.3352941176470588 0.06640625 0.3588235294117647
18 0.154296875 0.3588235294117647 0.060546875 0.35294117647058826
18 0.205078125 0.38823529411764707 0.05078125 0.37058823529411766
18 0.255859375 0.4176470588235294 0.05859375 0.38823529411764707
18 0.310546875 0.4411764705882353 0.0546875 0.3764705882352941
18 0.36328125 0.4588235294117647 0.0546875 0.3941176470588235
18 0.412109375 0.4823529411764706 0.0546875 0.38823529411764707
18 0.46484375 0.5 0.04296875 0.38823529411764707
18 0.517578125 0.5235294117647059 0.0546875 0.3588235294117647
18 0.568359375 0.5529411764705883 0.05078125 0.37058823529411766
18 0.62109375 0.5647058823529412 0.05078125 0.3764705882352941
18 0.669921875 0.5941176470588235 0.05078125 0.37058823529411766
18 0.71875 0.6176470588235294 0.05078125 0.37058823529411766
18 0.76953125 0.6470588235294118 0.0546875 0.37058823529411766
18 0.8203125 0.6705882352941176 0.048828125 0.3588235294117647
18 0.869140625 0.6882352941176471 0.048828125 0.3588235294117647
18 0.91796875 0.7235294117647059 0.05078125 0.37058823529411766