18 0.15625 0.66 0.048828125 0.37333333333333335
18 0.10546875 0.6733333333333333 0.046875 0.37333333333333335
18 0.0546875 0.6866666666666666 0.05859375 0.38
18 0.927734375 0.32 0.060546875 0.43333333333333335
18 0.869140625 0.34 0.0546875 0.41333333333333333
18 0.80859375 0.38 0.056640625 0.42
18 0.75 0.4066666666666667 0.056640625 0.42
18 0.693359375 0.42 0.05859375 0.4066666666666667
18 0.634765625 0.4533333333333333 0.056640625 0.4
18 0.580078125 0.47333333333333333 0.0546875 0.38
18 0.521484375 0.49333333333333335 0.0625 0.3933333333333333
18 0.46484375 0.52 0.052734375 0.4066666666666667
18 0.41015625 0.5333333333333333 0.052734375 0.38666666666666666
18 0.361328125 0.5533333333333333 0.04296875 0.37333333333333335
18 0.30859375 0.5733333333333334 0.05078125 0.37333333333333335
18 0.259765625 0.6133333333333333 0.052734375 0.3933333333333333
18 0.20703125 0.64 0.052734375 0.38666666666666666