18 0.068359375 0.35555555555555557 0.0859375 0.4222222222222222
18 0.13671875 0.37777777777777777 0.052734375 0.3888888888888889
18 0.19921875 0.4111111111111111 0.080078125 0.4444444444444444
18 0.265625 0.4444444444444444 0.048828125 0.4111111111111111
18 0.31640625 0.4666666666666667 0.052734375 0.4111111111111111
18 0.3671875 0.4666666666666667 0.05078125 0.37777777777777777
18 0.416015625 0.5 0.044921875 0.4111111111111111
18 0.462890625 0.5222222222222223 0.052734375 0.4111111111111111
18 0.568359375 0.5333333333333333 0.05078125 0.4
18 0.515625 0.5333333333333333 0.05078125 0.4222222222222222
18 0.6328125 0.5666666666666667 0.072265625 0.4111111111111111
18 0.6953125 0.5777777777777777 0.05078125 0.36666666666666664
18 0.74609375 0.5888888888888889 0.052734375 0.4111111111111111
18 0.798828125 0.6 0.05078125 0.3888888888888889
18 0.84765625 0.6222222222222222 0.046875 0.36666666666666664
18 0.8984375 0.6333333333333333 0.0546875 0.35555555555555557
18 0.955078125 0.6333333333333333 0.048828125 0.35555555555555557