18 0.529296875 0.5104166666666666 0.08984375 0.3125
18 0.5859375 0.5572916666666666 0.078125 0.3177083333333333
18 0.638671875 0.6041666666666666 0.076171875 0.3125
18 0.69921875 0.6302083333333334 0.07421875 0.2916666666666667
18 0.7578125 0.6666666666666666 0.072265625 0.296875
18 0.818359375 0.7083333333333334 0.068359375 0.3020833333333333
18 0.876953125 0.734375 0.080078125 0.3072916666666667
18 0.93359375 0.7916666666666666 0.072265625 0.296875
18 0.05078125 0.19270833333333334 0.07421875 0.296875
18 0.1015625 0.22916666666666666 0.05859375 0.265625
18 0.150390625 0.265625 0.052734375 0.2760416666666667
18 0.203125 0.2916666666666667 0.064453125 0.2708333333333333
18 0.251953125 0.34375 0.068359375 0.3020833333333333
18 0.30859375 0.3645833333333333 0.060546875 0.28125
18 0.36328125 0.4010416666666667 0.056640625 0.2864583333333333
18 0.4140625 0.4375 0.076171875 0.2916666666666667
18 0.466796875 0.4739583333333333 0.072265625 0.2916666666666667