18 0.93359375 0.26506024096385544 0.048828125 0.3132530120481928
18 0.880859375 0.2891566265060241 0.05078125 0.30120481927710846
18 0.830078125 0.3192771084337349 0.05078125 0.30120481927710846
18 0.779296875 0.3493975903614458 0.05078125 0.3192771084337349
18 0.72265625 0.3855421686746988 0.05078125 0.3433734939759036
18 0.669921875 0.40963855421686746 0.05078125 0.3132530120481928
18 0.61328125 0.43373493975903615 0.05078125 0.30120481927710846
18 0.5625 0.463855421686747 0.048828125 0.3192771084337349
18 0.5078125 0.4879518072289157 0.048828125 0.3313253012048193
18 0.455078125 0.5120481927710844 0.048828125 0.30120481927710846
18 0.400390625 0.5481927710843374 0.05078125 0.3132530120481928
18 0.34375 0.5783132530120482 0.048828125 0.3132530120481928
18 0.2890625 0.608433734939759 0.05078125 0.3313253012048193
18 0.23046875 0.6385542168674698 0.048828125 0.3192771084337349
18 0.17578125 0.6746987951807228 0.05078125 0.3192771084337349
18 0.1171875 0.6987951807228916 0.05078125 0.3192771084337349
18 0.0625 0.7168674698795181 0.0546875 0.3132530120481928