18 0.0703125 0.4375 0.080078125 0.578125
18 0.13671875 0.4375 0.06640625 0.59375
18 0.236328125 0.453125 0.044921875 0.53125
18 0.19140625 0.453125 0.048828125 0.59375
18 0.2890625 0.46875 0.07421875 0.59375
18 0.345703125 0.484375 0.052734375 0.53125
18 0.556640625 0.484375 0.076171875 0.59375
18 0.38671875 0.5 0.041015625 0.515625
18 0.4375 0.5 0.06640625 0.5
18 0.494140625 0.5 0.060546875 0.578125
18 0.625 0.5 0.05859375 0.578125
18 0.677734375 0.515625 0.052734375 0.578125
18 0.8828125 0.53125 0.056640625 0.5625
18 0.728515625 0.546875 0.0546875 0.59375
18 0.9375 0.546875 0.056640625 0.546875
18 0.77734375 0.546875 0.05078125 0.578125
18 0.830078125 0.546875 0.05078125 0.578125