18 0.732421875 0.5901639344262295 0.05859375 0.39344262295081966
18 0.791015625 0.6311475409836066 0.060546875 0.4098360655737705
18 0.849609375 0.6475409836065574 0.05859375 0.39344262295081966
18 0.8984375 0.6639344262295082 0.044921875 0.4098360655737705
18 0.951171875 0.6885245901639344 0.05859375 0.4098360655737705
18 0.037109375 0.319672131147541 0.044921875 0.4098360655737705
18 0.09375 0.3360655737704918 0.052734375 0.38524590163934425
18 0.1484375 0.36065573770491804 0.052734375 0.4098360655737705
18 0.19921875 0.3770491803278688 0.0625 0.4098360655737705
18 0.25390625 0.4098360655737705 0.048828125 0.39344262295081966
18 0.314453125 0.4262295081967213 0.05859375 0.4180327868852459
18 0.3671875 0.4672131147540984 0.05859375 0.4262295081967213
18 0.421875 0.48360655737704916 0.05859375 0.4262295081967213
18 0.478515625 0.5081967213114754 0.0625 0.4098360655737705
18 0.544921875 0.5327868852459017 0.072265625 0.4262295081967213
18 0.61328125 0.5409836065573771 0.056640625 0.4098360655737705
18 0.67578125 0.5737704918032787 0.0625 0.4098360655737705