18 0.216796875 0.4915254237288136 0.0546875 0.5847457627118644
18 0.0625 0.4915254237288136 0.046875 0.6016949152542372
18 0.115234375 0.4915254237288136 0.046875 0.5847457627118644
18 0.1640625 0.5084745762711864 0.0390625 0.576271186440678
18 0.2734375 0.5084745762711864 0.046875 0.5932203389830508
18 0.37890625 0.5084745762711864 0.0390625 0.6101694915254238
18 0.328125 0.5169491525423728 0.048828125 0.6016949152542372
18 0.41796875 0.5169491525423728 0.046875 0.6186440677966102
18 0.47265625 0.5254237288135594 0.056640625 0.6186440677966102
18 0.53515625 0.5254237288135594 0.060546875 0.635593220338983
18 0.58984375 0.5254237288135594 0.05078125 0.6271186440677966
18 0.646484375 0.5254237288135594 0.052734375 0.6271186440677966
18 0.703125 0.5338983050847458 0.0546875 0.6271186440677966
18 0.765625 0.5338983050847458 0.052734375 0.6440677966101694
18 0.826171875 0.5338983050847458 0.0625 0.6440677966101694
18 0.890625 0.5508474576271186 0.0546875 0.652542372881356
18 0.953125 0.5508474576271186 0.0625 0.652542372881356