18 0.0703125 0.5 0.052734375 0.5568181818181818
18 0.28515625 0.5 0.05078125 0.5681818181818182
18 0.609375 0.5 0.046875 0.5681818181818182
18 0.822265625 0.5 0.04296875 0.5681818181818182
18 0.876953125 0.5 0.0546875 0.5681818181818182
18 0.126953125 0.5 0.05078125 0.5681818181818182
18 0.1796875 0.5113636363636364 0.05078125 0.5568181818181818
18 0.232421875 0.5113636363636364 0.048828125 0.5340909090909091
18 0.5 0.5113636363636364 0.052734375 0.5568181818181818
18 0.7734375 0.5113636363636364 0.05859375 0.5568181818181818
18 0.931640625 0.5113636363636364 0.04296875 0.5795454545454546
18 0.33984375 0.5113636363636364 0.052734375 0.5795454545454546
18 0.392578125 0.5113636363636364 0.044921875 0.5795454545454546
18 0.443359375 0.5113636363636364 0.048828125 0.5681818181818182
18 0.556640625 0.5113636363636364 0.056640625 0.5681818181818182
18 0.66015625 0.5113636363636364 0.05078125 0.5681818181818182
18 0.71484375 0.5113636363636364 0.0546875 0.5681818181818182