18 0.92578125 0.4772727272727273 0.05078125 0.6704545454545454
18 0.57421875 0.48863636363636365 0.048828125 0.6477272727272727
18 0.865234375 0.48863636363636365 0.05078125 0.6590909090909091
18 0.3046875 0.5 0.044921875 0.6363636363636364
18 0.357421875 0.5 0.03125 0.6136363636363636
18 0.201171875 0.5 0.048828125 0.625
18 0.05078125 0.5 0.04296875 0.5909090909090909
18 0.6875 0.5 0.046875 0.6477272727272727
18 0.802734375 0.5 0.0546875 0.6818181818181818
18 0.25390625 0.5113636363636364 0.052734375 0.6136363636363636
18 0.51953125 0.5113636363636364 0.05078125 0.6136363636363636
18 0.630859375 0.5113636363636364 0.0546875 0.6363636363636364
18 0.744140625 0.5113636363636364 0.052734375 0.6704545454545454
18 0.1015625 0.5113636363636364 0.04296875 0.5568181818181818
18 0.41015625 0.5113636363636364 0.046875 0.6022727272727273
18 0.150390625 0.5113636363636364 0.041015625 0.5795454545454546
18 0.462890625 0.5227272727272727 0.046875 0.6477272727272727