18 0.076171875 0.4166666666666667 0.06640625 0.5277777777777778
18 0.1328125 0.4375 0.060546875 0.5208333333333334
18 0.181640625 0.4444444444444444 0.052734375 0.5069444444444444
18 0.23046875 0.4444444444444444 0.064453125 0.5
18 0.287109375 0.4513888888888889 0.076171875 0.5069444444444444
18 0.50390625 0.4652777777777778 0.06640625 0.4861111111111111
18 0.345703125 0.4652777777777778 0.05859375 0.5
18 0.44921875 0.4722222222222222 0.05859375 0.5069444444444444
18 0.396484375 0.4791666666666667 0.064453125 0.5208333333333334
18 0.55859375 0.4861111111111111 0.06640625 0.5
18 0.611328125 0.5 0.05859375 0.4791666666666667
18 0.6640625 0.5138888888888888 0.064453125 0.4861111111111111
18 0.716796875 0.5138888888888888 0.064453125 0.5069444444444444
18 0.771484375 0.5277777777777778 0.0546875 0.5069444444444444
18 0.82421875 0.5416666666666666 0.060546875 0.5
18 0.869140625 0.5416666666666666 0.046875 0.5
18 0.912109375 0.5416666666666666 0.060546875 0.5