18 0.916015625 0.3157894736842105 0.056640625 0.3881578947368421
18 0.865234375 0.34210526315789475 0.0546875 0.3881578947368421
18 0.806640625 0.3684210526315789 0.05859375 0.40131578947368424
18 0.76171875 0.3815789473684211 0.064453125 0.375
18 0.720703125 0.39473684210526316 0.0546875 0.375
18 0.681640625 0.4144736842105263 0.05078125 0.39473684210526316
18 0.6328125 0.4342105263157895 0.068359375 0.40789473684210525
18 0.5703125 0.46710526315789475 0.08984375 0.40131578947368424
18 0.513671875 0.47368421052631576 0.056640625 0.39473684210526316
18 0.466796875 0.5131578947368421 0.076171875 0.40131578947368424
18 0.41796875 0.5263157894736842 0.056640625 0.40789473684210525
18 0.375 0.5263157894736842 0.05859375 0.42105263157894735
18 0.3203125 0.5723684210526315 0.08203125 0.42105263157894735
18 0.26171875 0.5855263157894737 0.080078125 0.45394736842105265
18 0.19140625 0.6118421052631579 0.068359375 0.42105263157894735
18 0.12890625 0.625 0.07421875 0.4473684210526316
18 0.08203125 0.6578947368421053 0.080078125 0.40789473684210525