18 0.94140625 0.4024390243902439 0.068359375 0.5487804878048781
18 0.875 0.4146341463414634 0.064453125 0.5365853658536586
18 0.8125 0.43902439024390244 0.064453125 0.5365853658536586
18 0.75 0.4634146341463415 0.056640625 0.524390243902439
18 0.69140625 0.4634146341463415 0.060546875 0.5365853658536586
18 0.576171875 0.47560975609756095 0.0625 0.4878048780487805
18 0.513671875 0.4878048780487805 0.060546875 0.4878048780487805
18 0.634765625 0.4878048780487805 0.056640625 0.5
18 0.404296875 0.5121951219512195 0.033203125 0.45121951219512196
18 0.455078125 0.524390243902439 0.05859375 0.47560975609756095
18 0.306640625 0.5365853658536586 0.05078125 0.4634146341463415
18 0.35546875 0.5365853658536586 0.046875 0.4634146341463415
18 0.2578125 0.5609756097560976 0.05078125 0.4634146341463415
18 0.208984375 0.5609756097560976 0.05078125 0.45121951219512196
18 0.109375 0.5853658536585366 0.072265625 0.43902439024390244
18 0.166015625 0.5853658536585366 0.044921875 0.4268292682926829
18 0.05078125 0.6097560975609756 0.056640625 0.43902439024390244