18 0.046875 0.27205882352941174 0.048828125 0.3897058823529412
18 0.09765625 0.3014705882352941 0.048828125 0.36764705882352944
18 0.1484375 0.3161764705882353 0.044921875 0.36764705882352944
18 0.203125 0.34558823529411764 0.05078125 0.3897058823529412
18 0.255859375 0.375 0.048828125 0.40441176470588236
18 0.310546875 0.3897058823529412 0.05078125 0.4117647058823529
18 0.365234375 0.4117647058823529 0.046875 0.40441176470588236
18 0.419921875 0.4338235294117647 0.05859375 0.4117647058823529
18 0.4765625 0.4632352941176471 0.0546875 0.39705882352941174
18 0.53515625 0.5 0.0625 0.3897058823529412
18 0.591796875 0.5220588235294118 0.0546875 0.4117647058823529
18 0.6484375 0.5514705882352942 0.05859375 0.4117647058823529
18 0.703125 0.5588235294117647 0.048828125 0.40441176470588236
18 0.759765625 0.5808823529411765 0.05859375 0.4117647058823529
18 0.822265625 0.6176470588235294 0.05859375 0.4117647058823529
18 0.880859375 0.6544117647058824 0.056640625 0.4264705882352941
18 0.94140625 0.6764705882352942 0.0625 0.41911764705882354