18 0.603515625 0.47115384615384615 0.056640625 0.6730769230769231
18 0.810546875 0.47115384615384615 0.0546875 0.6442307692307693
18 0.859375 0.47115384615384615 0.052734375 0.6730769230769231
18 0.91015625 0.47115384615384615 0.0546875 0.6442307692307693
18 0.755859375 0.4807692307692308 0.052734375 0.6826923076923077
18 0.552734375 0.4807692307692308 0.056640625 0.6730769230769231
18 0.654296875 0.4807692307692308 0.056640625 0.6730769230769231
18 0.705078125 0.4807692307692308 0.052734375 0.6730769230769231
18 0.50390625 0.49038461538461536 0.060546875 0.6826923076923077
18 0.294921875 0.5 0.056640625 0.6826923076923077
18 0.451171875 0.5 0.0546875 0.6826923076923077
18 0.13671875 0.5 0.0546875 0.6538461538461539
18 0.244140625 0.5 0.056640625 0.6538461538461539
18 0.345703125 0.5096153846153846 0.056640625 0.6730769230769231
18 0.3984375 0.5096153846153846 0.056640625 0.6730769230769231
18 0.1875 0.5096153846153846 0.056640625 0.6538461538461539
18 0.083984375 0.5192307692307693 0.0625 0.6730769230769231