18 0.359375 0.38823529411764707 0.05078125 0.24705882352941178
18 0.416015625 0.4294117647058823 0.05078125 0.23529411764705882
18 0.46875 0.47058823529411764 0.0546875 0.2647058823529412
18 0.521484375 0.5058823529411764 0.06640625 0.2411764705882353
18 0.58203125 0.5470588235294118 0.06640625 0.2411764705882353
18 0.630859375 0.5882352941176471 0.046875 0.2411764705882353
18 0.6875 0.6352941176470588 0.05859375 0.2529411764705882
18 0.75 0.6705882352941176 0.05859375 0.2529411764705882
18 0.8046875 0.7176470588235294 0.05078125 0.24705882352941178
18 0.86328125 0.7647058823529411 0.056640625 0.2529411764705882
18 0.927734375 0.8 0.0625 0.25882352941176473
18 0.05078125 0.17058823529411765 0.0546875 0.2235294117647059
18 0.103515625 0.2 0.044921875 0.24705882352941178
18 0.154296875 0.24705882352941178 0.048828125 0.24705882352941178
18 0.19921875 0.2823529411764706 0.052734375 0.2647058823529412
18 0.2578125 0.3235294117647059 0.056640625 0.25882352941176473
18 0.30859375 0.35294117647058826 0.04296875 0.2529411764705882