18 0.91015625 0.4264705882352941 0.0546875 0.45588235294117646
18 0.857421875 0.4411764705882353 0.048828125 0.5
18 0.759765625 0.47058823529411764 0.048828125 0.45588235294117646
18 0.80859375 0.47058823529411764 0.048828125 0.45588235294117646
18 0.7109375 0.47058823529411764 0.044921875 0.4411764705882353
18 0.66015625 0.47058823529411764 0.05078125 0.47058823529411764
18 0.609375 0.5 0.046875 0.4264705882352941
18 0.55859375 0.5294117647058824 0.046875 0.4852941176470588
18 0.25390625 0.5294117647058824 0.048828125 0.47058823529411764
18 0.357421875 0.5294117647058824 0.046875 0.47058823529411764
18 0.41015625 0.5294117647058824 0.0546875 0.47058823529411764
18 0.462890625 0.5294117647058824 0.048828125 0.47058823529411764
18 0.51171875 0.5294117647058824 0.044921875 0.47058823529411764
18 0.306640625 0.5441176470588235 0.05078125 0.47058823529411764
18 0.1953125 0.5735294117647058 0.0625 0.4411764705882353
18 0.08203125 0.5735294117647058 0.0546875 0.47058823529411764
18 0.13671875 0.5735294117647058 0.048828125 0.47058823529411764