18 0.9375 0.38461538461538464 0.05078125 0.3557692307692308
18 0.876953125 0.3942307692307692 0.05078125 0.3557692307692308
18 0.818359375 0.4230769230769231 0.052734375 0.36538461538461536
18 0.763671875 0.4230769230769231 0.046875 0.38461538461538464
18 0.708984375 0.4423076923076923 0.046875 0.3557692307692308
18 0.65234375 0.46153846153846156 0.046875 0.36538461538461536
18 0.599609375 0.49038461538461536 0.044921875 0.38461538461538464
18 0.53515625 0.5 0.0625 0.38461538461538464
18 0.478515625 0.5480769230769231 0.044921875 0.3557692307692308
18 0.43359375 0.5576923076923077 0.041015625 0.36538461538461536
18 0.37890625 0.5865384615384616 0.041015625 0.36538461538461536
18 0.330078125 0.5961538461538461 0.044921875 0.36538461538461536
18 0.28125 0.6153846153846154 0.044921875 0.36538461538461536
18 0.23046875 0.6346153846153846 0.044921875 0.3557692307692308
18 0.1796875 0.6538461538461539 0.044921875 0.3557692307692308
18 0.123046875 0.6826923076923077 0.06640625 0.3557692307692308
18 0.06640625 0.6923076923076923 0.05078125 0.3269230769230769