18 0.935546875 0.31343283582089554 0.052734375 0.3880597014925373
18 0.88671875 0.3283582089552239 0.052734375 0.3880597014925373
18 0.83984375 0.34328358208955223 0.056640625 0.3880597014925373
18 0.7890625 0.3656716417910448 0.052734375 0.40298507462686567
18 0.7421875 0.3805970149253731 0.046875 0.40298507462686567
18 0.693359375 0.40298507462686567 0.056640625 0.40298507462686567
18 0.646484375 0.4253731343283582 0.052734375 0.3880597014925373
18 0.59765625 0.43283582089552236 0.052734375 0.40298507462686567
18 0.546875 0.4701492537313433 0.0390625 0.417910447761194
18 0.494140625 0.47761194029850745 0.064453125 0.43283582089552236
18 0.439453125 0.5 0.04296875 0.417910447761194
18 0.38671875 0.5149253731343284 0.060546875 0.417910447761194
18 0.328125 0.5373134328358209 0.064453125 0.43283582089552236
18 0.26953125 0.5597014925373134 0.068359375 0.417910447761194
18 0.20703125 0.582089552238806 0.064453125 0.44776119402985076
18 0.134765625 0.6119402985074627 0.091796875 0.44776119402985076
18 0.056640625 0.6343283582089553 0.064453125 0.43283582089552236