18 0.0703125 0.3387096774193548 0.0625 0.3870967741935484
18 0.130859375 0.3629032258064516 0.07421875 0.43548387096774194
18 0.197265625 0.3951612903225806 0.078125 0.43548387096774194
18 0.25390625 0.3951612903225806 0.05859375 0.4032258064516129
18 0.31640625 0.43548387096774194 0.08203125 0.45161290322580644
18 0.43359375 0.45161290322580644 0.0625 0.4032258064516129
18 0.384765625 0.45161290322580644 0.05859375 0.3870967741935484
18 0.478515625 0.47580645161290325 0.05078125 0.43548387096774194
18 0.53125 0.49193548387096775 0.05078125 0.4032258064516129
18 0.58203125 0.49193548387096775 0.05859375 0.4032258064516129
18 0.63671875 0.5080645161290323 0.05078125 0.43548387096774194
18 0.689453125 0.5161290322580645 0.05078125 0.3870967741935484
18 0.734375 0.532258064516129 0.0625 0.3870967741935484
18 0.78515625 0.532258064516129 0.0546875 0.41935483870967744
18 0.833984375 0.5483870967741935 0.0546875 0.41935483870967744
18 0.927734375 0.5645161290322581 0.0546875 0.45161290322580644
18 0.880859375 0.5725806451612904 0.046875 0.4032258064516129