18 0.0546875 0.35833333333333334 0.06640625 0.49166666666666664
18 0.125 0.38333333333333336 0.078125 0.5083333333333333
18 0.1953125 0.4083333333333333 0.05859375 0.49166666666666664
18 0.244140625 0.43333333333333335 0.044921875 0.475
18 0.298828125 0.44166666666666665 0.0625 0.49166666666666664
18 0.35546875 0.45 0.0546875 0.5083333333333333
18 0.4140625 0.4666666666666667 0.06640625 0.525
18 0.470703125 0.4666666666666667 0.052734375 0.49166666666666664
18 0.517578125 0.49166666666666664 0.0546875 0.5083333333333333
18 0.57421875 0.5 0.0625 0.525
18 0.630859375 0.525 0.0546875 0.49166666666666664
18 0.681640625 0.5416666666666666 0.037109375 0.5083333333333333
18 0.734375 0.55 0.052734375 0.525
18 0.787109375 0.55 0.052734375 0.525
18 0.8359375 0.5583333333333333 0.052734375 0.5083333333333333
18 0.94140625 0.5583333333333333 0.0546875 0.5416666666666666
18 0.888671875 0.575 0.0546875 0.5083333333333333