18 0.9453125 0.5178571428571429 0.056640625 0.4732142857142857
18 0.345703125 0.5178571428571429 0.056640625 0.4732142857142857
18 0.4609375 0.5178571428571429 0.06640625 0.4732142857142857
18 0.5703125 0.5357142857142857 0.056640625 0.5
18 0.23046875 0.5357142857142857 0.056640625 0.5
18 0.2890625 0.5357142857142857 0.056640625 0.5
18 0.03515625 0.5357142857142857 0.0625 0.44642857142857145
18 0.62109375 0.5446428571428571 0.056640625 0.4732142857142857
18 0.673828125 0.5446428571428571 0.056640625 0.4732142857142857
18 0.73046875 0.5446428571428571 0.056640625 0.5178571428571429
18 0.837890625 0.5446428571428571 0.05078125 0.4732142857142857
18 0.88671875 0.5446428571428571 0.056640625 0.4732142857142857
18 0.10546875 0.5446428571428571 0.078125 0.4732142857142857
18 0.173828125 0.5446428571428571 0.056640625 0.4732142857142857
18 0.515625 0.5446428571428571 0.05078125 0.4732142857142857
18 0.783203125 0.5535714285714286 0.056640625 0.5
18 0.400390625 0.5535714285714286 0.041015625 0.5