18 0.068359375 0.38311688311688313 0.060546875 0.42207792207792205
18 0.123046875 0.38311688311688313 0.0546875 0.3961038961038961
18 0.181640625 0.4090909090909091 0.0703125 0.4155844155844156
18 0.244140625 0.42207792207792205 0.060546875 0.42207792207792205
18 0.298828125 0.44805194805194803 0.060546875 0.38961038961038963
18 0.35546875 0.461038961038961 0.0625 0.38311688311688313
18 0.41796875 0.4805194805194805 0.060546875 0.38311688311688313
18 0.46875 0.5064935064935064 0.044921875 0.38311688311688313
18 0.521484375 0.5194805194805194 0.0546875 0.3961038961038961
18 0.580078125 0.5454545454545454 0.06640625 0.4090909090909091
18 0.638671875 0.5584415584415584 0.052734375 0.4155844155844156
18 0.689453125 0.5844155844155844 0.05859375 0.4155844155844156
18 0.7421875 0.5974025974025974 0.0546875 0.3961038961038961
18 0.79296875 0.6233766233766234 0.052734375 0.38961038961038963
18 0.845703125 0.6428571428571429 0.052734375 0.3961038961038961
18 0.8984375 0.6493506493506493 0.052734375 0.38311688311688313
18 0.951171875 0.6688311688311688 0.052734375 0.38961038961038963