18 0.06640625 0.40384615384615385 0.056640625 0.49038461538461536
18 0.166015625 0.41346153846153844 0.056640625 0.5096153846153846
18 0.115234375 0.4230769230769231 0.05859375 0.49038461538461536
18 0.21484375 0.4326923076923077 0.0546875 0.49038461538461536
18 0.26171875 0.4326923076923077 0.048828125 0.5192307692307693
18 0.314453125 0.4423076923076923 0.06640625 0.5
18 0.3671875 0.46153846153846156 0.0546875 0.5096153846153846
18 0.416015625 0.47115384615384615 0.052734375 0.5288461538461539
18 0.470703125 0.4807692307692308 0.060546875 0.5192307692307693
18 0.529296875 0.4807692307692308 0.0703125 0.5192307692307693
18 0.580078125 0.5 0.052734375 0.5192307692307693
18 0.63671875 0.5096153846153846 0.064453125 0.5384615384615384
18 0.751953125 0.5288461538461539 0.0625 0.5192307692307693
18 0.6953125 0.5288461538461539 0.05859375 0.5096153846153846
18 0.8125 0.5384615384615384 0.060546875 0.5288461538461539
18 0.869140625 0.5480769230769231 0.06640625 0.5480769230769231
18 0.935546875 0.5576923076923077 0.0703125 0.5288461538461539