18 0.078125 0.41044776119402987 0.056640625 0.5373134328358209
18 0.134765625 0.417910447761194 0.052734375 0.4925373134328358
18 0.18359375 0.43283582089552236 0.05078125 0.5
18 0.240234375 0.44029850746268656 0.060546875 0.4925373134328358
18 0.29296875 0.4626865671641791 0.0546875 0.5
18 0.345703125 0.4701492537313433 0.052734375 0.5
18 0.396484375 0.48507462686567165 0.052734375 0.5149253731343284
18 0.453125 0.4925373134328358 0.056640625 0.5074626865671642
18 0.5 0.5074626865671642 0.05078125 0.5074626865671642
18 0.55859375 0.5223880597014925 0.0625 0.5
18 0.607421875 0.5447761194029851 0.041015625 0.5074626865671642
18 0.66015625 0.5597014925373134 0.0546875 0.5149253731343284
18 0.712890625 0.5746268656716418 0.0625 0.5149253731343284
18 0.767578125 0.582089552238806 0.060546875 0.5149253731343284
18 0.81640625 0.5895522388059702 0.060546875 0.5223880597014925
18 0.869140625 0.6119402985074627 0.0546875 0.5447761194029851
18 0.921875 0.6194029850746269 0.060546875 0.5074626865671642