18 0.90234375 0.43023255813953487 0.05078125 0.5581395348837209
18 0.798828125 0.45348837209302323 0.052734375 0.5581395348837209
18 0.8515625 0.45348837209302323 0.052734375 0.5581395348837209
18 0.74609375 0.45348837209302323 0.046875 0.5697674418604651
18 0.951171875 0.45348837209302323 0.046875 0.5813953488372093
18 0.65625 0.46511627906976744 0.052734375 0.5930232558139535
18 0.703125 0.46511627906976744 0.03515625 0.5813953488372093
18 0.59375 0.47674418604651164 0.068359375 0.5813953488372093
18 0.53125 0.4883720930232558 0.05078125 0.5930232558139535
18 0.4765625 0.4883720930232558 0.0546875 0.6046511627906976
18 0.421875 0.5 0.064453125 0.6162790697674418
18 0.357421875 0.5 0.06640625 0.6162790697674418
18 0.296875 0.5116279069767442 0.05859375 0.6162790697674418
18 0.10546875 0.5116279069767442 0.064453125 0.6627906976744186
18 0.236328125 0.5232558139534884 0.0625 0.627906976744186
18 0.048828125 0.5232558139534884 0.0546875 0.627906976744186
18 0.171875 0.5348837209302325 0.0625 0.6395348837209303