18 0.9375 0.3879310344827586 0.0546875 0.5172413793103449
18 0.875 0.4051724137931034 0.060546875 0.5344827586206896
18 0.81640625 0.41379310344827586 0.0546875 0.5086206896551724
18 0.759765625 0.4224137931034483 0.0546875 0.49137931034482757
18 0.701171875 0.4482758620689655 0.05078125 0.49137931034482757
18 0.640625 0.45689655172413796 0.05078125 0.47413793103448276
18 0.5859375 0.49137931034482757 0.05859375 0.4827586206896552
18 0.52734375 0.49137931034482757 0.06640625 0.49137931034482757
18 0.47265625 0.5258620689655172 0.05078125 0.5172413793103449
18 0.36328125 0.5258620689655172 0.033203125 0.4827586206896552
18 0.41796875 0.5431034482758621 0.0546875 0.49137931034482757
18 0.30859375 0.5603448275862069 0.046875 0.47413793103448276
18 0.255859375 0.5775862068965517 0.05078125 0.49137931034482757
18 0.1484375 0.5862068965517241 0.048828125 0.45689655172413796
18 0.203125 0.5862068965517241 0.05859375 0.47413793103448276
18 0.095703125 0.6206896551724138 0.046875 0.4827586206896552
18 0.044921875 0.6206896551724138 0.052734375 0.4396551724137931