18 0.05859375 0.3023255813953488 0.046875 0.4069767441860465
18 0.1328125 0.32558139534883723 0.078125 0.3953488372093023
18 0.19921875 0.3488372093023256 0.0390625 0.4069767441860465
18 0.2578125 0.4186046511627907 0.048828125 0.4418604651162791
18 0.314453125 0.4418604651162791 0.048828125 0.3953488372093023
18 0.36328125 0.46511627906976744 0.0390625 0.38372093023255816
18 0.416015625 0.4883720930232558 0.052734375 0.4418604651162791
18 0.470703125 0.5 0.046875 0.3953488372093023
18 0.5234375 0.5232558139534884 0.03515625 0.4186046511627907
18 0.572265625 0.5465116279069767 0.048828125 0.4186046511627907
18 0.623046875 0.5930232558139535 0.052734375 0.4418604651162791
18 0.67578125 0.6046511627906976 0.041015625 0.4069767441860465
18 0.728515625 0.627906976744186 0.0390625 0.38372093023255816
18 0.78515625 0.6395348837209303 0.048828125 0.4186046511627907
18 0.83984375 0.6511627906976745 0.03515625 0.37209302325581395
18 0.88671875 0.6744186046511628 0.044921875 0.3953488372093023
18 0.943359375 0.686046511627907 0.05078125 0.4186046511627907