18 0.611328125 0.5625 0.072265625 0.3
18 0.67578125 0.5875 0.0546875 0.29375
18 0.728515625 0.625 0.060546875 0.29375
18 0.783203125 0.65625 0.060546875 0.29375
18 0.8359375 0.6875 0.052734375 0.3
18 0.89453125 0.71875 0.052734375 0.3
18 0.94921875 0.74375 0.0625 0.2875
18 0.068359375 0.25 0.080078125 0.34375
18 0.130859375 0.28125 0.060546875 0.3375
18 0.189453125 0.3125 0.06640625 0.2875
18 0.248046875 0.35625 0.044921875 0.29375
18 0.296875 0.375 0.05078125 0.28125
18 0.34765625 0.4 0.0625 0.3
18 0.400390625 0.4375 0.0546875 0.2875
18 0.453125 0.475 0.0546875 0.2875
18 0.50390625 0.49375 0.0546875 0.29375
18 0.556640625 0.53125 0.048828125 0.3