18 0.072265625 0.2426470588235294 0.056640625 0.27941176470588236
18 0.13671875 0.2867647058823529 0.083984375 0.3088235294117647
18 0.203125 0.3161764705882353 0.056640625 0.2867647058823529
18 0.259765625 0.35294117647058826 0.060546875 0.3014705882352941
18 0.310546875 0.3897058823529412 0.046875 0.25735294117647056
18 0.357421875 0.4117647058823529 0.05078125 0.2647058823529412
18 0.404296875 0.4411764705882353 0.037109375 0.27941176470588236
18 0.451171875 0.47794117647058826 0.05078125 0.2867647058823529
18 0.5078125 0.5 0.060546875 0.27941176470588236
18 0.576171875 0.5514705882352942 0.07421875 0.3088235294117647
18 0.63671875 0.5735294117647058 0.048828125 0.25735294117647056
18 0.685546875 0.5955882352941176 0.0546875 0.27941176470588236
18 0.734375 0.625 0.05078125 0.27941176470588236
18 0.78515625 0.6617647058823529 0.0546875 0.2647058823529412
18 0.8359375 0.6911764705882353 0.0546875 0.3014705882352941
18 0.884765625 0.7205882352941176 0.0546875 0.27941176470588236
18 0.9375 0.75 0.048828125 0.27941176470588236