18 0.9296875 0.39166666666666666 0.060546875 0.6083333333333333
18 0.87890625 0.4083333333333333 0.068359375 0.6166666666666667
18 0.73046875 0.4166666666666667 0.0625 0.6583333333333333
18 0.77734375 0.425 0.05859375 0.6666666666666666
18 0.828125 0.425 0.060546875 0.675
18 0.681640625 0.44166666666666665 0.072265625 0.6666666666666666
18 0.57421875 0.4583333333333333 0.08203125 0.6833333333333333
18 0.462890625 0.4666666666666667 0.068359375 0.6583333333333333
18 0.623046875 0.4666666666666667 0.05859375 0.6333333333333333
18 0.521484375 0.4666666666666667 0.0703125 0.65
18 0.36328125 0.475 0.068359375 0.6583333333333333
18 0.41796875 0.49166666666666664 0.0625 0.6833333333333333
18 0.251953125 0.49166666666666664 0.06640625 0.6583333333333333
18 0.30859375 0.5 0.0625 0.675
18 0.14453125 0.5083333333333333 0.0703125 0.65
18 0.201171875 0.5083333333333333 0.078125 0.6666666666666666
18 0.083984375 0.5166666666666667 0.0859375 0.6833333333333333