18 0.927734375 0.4 0.05078125 0.48
18 0.87890625 0.42 0.046875 0.47
18 0.720703125 0.43 0.05078125 0.46
18 0.826171875 0.43 0.0546875 0.48
18 0.771484375 0.44 0.052734375 0.49
18 0.666015625 0.46 0.05859375 0.5
18 0.609375 0.47 0.052734375 0.49
18 0.548828125 0.48 0.068359375 0.49
18 0.494140625 0.49 0.04296875 0.5
18 0.400390625 0.5 0.041015625 0.55
18 0.447265625 0.5 0.052734375 0.49
18 0.2890625 0.52 0.056640625 0.51
18 0.349609375 0.52 0.0625 0.51
18 0.234375 0.54 0.060546875 0.5
18 0.060546875 0.54 0.0546875 0.52
18 0.111328125 0.55 0.05859375 0.52
18 0.171875 0.55 0.0625 0.5