18 0.501953125 0.4945054945054945 0.05859375 0.2802197802197802
18 0.44140625 0.532967032967033 0.072265625 0.2802197802197802
18 0.392578125 0.5714285714285714 0.05078125 0.29120879120879123
18 0.33984375 0.6043956043956044 0.076171875 0.27472527472527475
18 0.27734375 0.6428571428571429 0.072265625 0.29120879120879123
18 0.220703125 0.6648351648351648 0.072265625 0.27472527472527475
18 0.15625 0.7032967032967034 0.06640625 0.27472527472527475
18 0.09765625 0.7417582417582418 0.068359375 0.25274725274725274
18 0.048828125 0.7857142857142857 0.06640625 0.2692307692307692
18 0.97265625 0.19230769230769232 0.048828125 0.26373626373626374
18 0.923828125 0.22527472527472528 0.076171875 0.2692307692307692
18 0.861328125 0.2692307692307692 0.06640625 0.24725274725274726
18 0.810546875 0.3076923076923077 0.068359375 0.2857142857142857
18 0.751953125 0.32967032967032966 0.0625 0.25274725274725274
18 0.6953125 0.3791208791208791 0.076171875 0.2692307692307692
18 0.6328125 0.42857142857142855 0.068359375 0.29120879120879123
18 0.56640625 0.45604395604395603 0.087890625 0.2692307692307692