18 0.087890625 0.4186046511627907 0.056640625 0.37209302325581395
18 0.154296875 0.43023255813953487 0.087890625 0.3953488372093023
18 0.224609375 0.4418604651162791 0.056640625 0.3953488372093023
18 0.3203125 0.45348837209302323 0.0625 0.3953488372093023
18 0.271484375 0.46511627906976744 0.0390625 0.4069767441860465
18 0.373046875 0.46511627906976744 0.0546875 0.3953488372093023
18 0.41796875 0.47674418604651164 0.041015625 0.3953488372093023
18 0.474609375 0.4883720930232558 0.068359375 0.4069767441860465
18 0.533203125 0.4883720930232558 0.06640625 0.3953488372093023
18 0.59375 0.5116279069767442 0.0625 0.4069767441860465
18 0.646484375 0.5232558139534884 0.048828125 0.37209302325581395
18 0.7421875 0.5348837209302325 0.048828125 0.36046511627906974
18 0.6953125 0.5465116279069767 0.044921875 0.37209302325581395
18 0.7890625 0.5465116279069767 0.046875 0.37209302325581395
18 0.837890625 0.5465116279069767 0.052734375 0.37209302325581395
18 0.884765625 0.5581395348837209 0.0546875 0.43023255813953487
18 0.931640625 0.5581395348837209 0.04296875 0.3953488372093023