18 0.416015625 0.43478260869565216 0.083984375 0.2
18 0.466796875 0.47391304347826085 0.08984375 0.21304347826086956
18 0.517578125 0.5130434782608696 0.09375 0.2
18 0.572265625 0.5521739130434783 0.08984375 0.2217391304347826
18 0.62890625 0.6 0.08203125 0.21304347826086956
18 0.69140625 0.6304347826086957 0.072265625 0.21739130434782608
18 0.7421875 0.6739130434782609 0.076171875 0.21304347826086956
18 0.80078125 0.7130434782608696 0.076171875 0.20434782608695654
18 0.861328125 0.7608695652173914 0.0625 0.23043478260869565
18 0.916015625 0.8043478260869565 0.080078125 0.21739130434782608
18 0.06640625 0.16956521739130434 0.09765625 0.20434782608695654
18 0.119140625 0.20434782608695654 0.078125 0.1782608695652174
18 0.16796875 0.24782608695652175 0.080078125 0.17391304347826086
18 0.21484375 0.2782608695652174 0.09375 0.19130434782608696
18 0.259765625 0.3217391304347826 0.087890625 0.2
18 0.318359375 0.3565217391304348 0.07421875 0.19130434782608696
18 0.3671875 0.4043478260869565 0.076171875 0.1826086956521739