18 0.052734375 0.3125 0.0546875 0.421875
18 0.10546875 0.328125 0.048828125 0.40625
18 0.154296875 0.359375 0.048828125 0.4296875
18 0.20703125 0.375 0.0546875 0.4296875
18 0.255859375 0.40625 0.052734375 0.46875
18 0.310546875 0.40625 0.0546875 0.4453125
18 0.36328125 0.4375 0.0390625 0.453125
18 0.412109375 0.4609375 0.056640625 0.453125
18 0.466796875 0.4921875 0.0546875 0.4609375
18 0.5234375 0.5 0.06640625 0.421875
18 0.580078125 0.515625 0.0625 0.4453125
18 0.63671875 0.5390625 0.0390625 0.4296875
18 0.69140625 0.5546875 0.05859375 0.4453125
18 0.75 0.6015625 0.052734375 0.4453125
18 0.810546875 0.6015625 0.05859375 0.4453125
18 0.8671875 0.6328125 0.05859375 0.453125
18 0.927734375 0.6484375 0.0625 0.4609375