18 0.888671875 0.45 0.0625 0.42857142857142855
18 0.8359375 0.45714285714285713 0.0546875 0.4642857142857143
18 0.8046875 0.4642857142857143 0.0390625 0.4642857142857143
18 0.7578125 0.4642857142857143 0.0546875 0.4642857142857143
18 0.58203125 0.4785714285714286 0.0546875 0.4928571428571429
18 0.681640625 0.4785714285714286 0.0625 0.4928571428571429
18 0.724609375 0.4785714285714286 0.0390625 0.4928571428571429
18 0.53515625 0.5071428571428571 0.0546875 0.4928571428571429
18 0.626953125 0.5071428571428571 0.0625 0.4928571428571429
18 0.3203125 0.5214285714285715 0.0703125 0.5214285714285715
18 0.427734375 0.5214285714285715 0.0625 0.4642857142857143
18 0.482421875 0.5214285714285715 0.0625 0.4642857142857143
18 0.380859375 0.5285714285714286 0.0625 0.4928571428571429
18 0.2734375 0.5357142857142857 0.0703125 0.55
18 0.220703125 0.55 0.0625 0.5214285714285715
18 0.1171875 0.5642857142857143 0.0625 0.4928571428571429
18 0.173828125 0.5642857142857143 0.0625 0.55