18 0.09375 0.43506493506493504 0.0703125 0.44805194805194803
18 0.140625 0.43506493506493504 0.0703125 0.44805194805194803
18 0.189453125 0.44805194805194803 0.076171875 0.42857142857142855
18 0.240234375 0.474025974025974 0.0703125 0.44805194805194803
18 0.287109375 0.487012987012987 0.0703125 0.4675324675324675
18 0.34375 0.487012987012987 0.064453125 0.4675324675324675
18 0.384765625 0.487012987012987 0.052734375 0.4675324675324675
18 0.421875 0.5064935064935064 0.05859375 0.4675324675324675
18 0.478515625 0.525974025974026 0.064453125 0.4675324675324675
18 0.53515625 0.525974025974026 0.0703125 0.5064935064935064
18 0.59375 0.5454545454545454 0.0703125 0.4675324675324675
18 0.654296875 0.5454545454545454 0.064453125 0.4675324675324675
18 0.7578125 0.5454545454545454 0.05859375 0.4675324675324675
18 0.701171875 0.551948051948052 0.064453125 0.44805194805194803
18 0.861328125 0.564935064935065 0.064453125 0.5064935064935064
18 0.919921875 0.564935064935065 0.064453125 0.4675324675324675
18 0.80859375 0.5714285714285714 0.064453125 0.487012987012987