18 0.23828125 0.3047619047619048 0.0546875 0.18095238095238095
18 0.296875 0.3333333333333333 0.048828125 0.1619047619047619
18 0.341796875 0.38095238095238093 0.046875 0.15714285714285714
18 0.392578125 0.4095238095238095 0.05859375 0.1761904761904762
18 0.4453125 0.44761904761904764 0.0546875 0.16666666666666666
18 0.494140625 0.49047619047619045 0.048828125 0.15714285714285714
18 0.548828125 0.5285714285714286 0.05859375 0.17142857142857143
18 0.603515625 0.5714285714285714 0.056640625 0.18571428571428572
18 0.658203125 0.6190476190476191 0.03515625 0.1619047619047619
18 0.7109375 0.6571428571428571 0.044921875 0.15714285714285714
18 0.767578125 0.7047619047619048 0.033203125 0.15714285714285714
18 0.8203125 0.7476190476190476 0.052734375 0.1619047619047619
18 0.876953125 0.7904761904761904 0.05078125 0.1619047619047619
18 0.93359375 0.8333333333333334 0.048828125 0.1619047619047619
18 0.072265625 0.1523809523809524 0.052734375 0.1619047619047619
18 0.13671875 0.2 0.06640625 0.18571428571428572
18 0.189453125 0.24761904761904763 0.04296875 0.1523809523809524