18 0.58203125 0.55 0.06640625 0.34
18 0.64453125 0.59 0.048828125 0.32
18 0.6953125 0.62 0.04296875 0.31
18 0.748046875 0.65 0.046875 0.3
18 0.796875 0.67 0.04296875 0.32
18 0.84765625 0.7 0.04296875 0.31
18 0.8984375 0.72 0.044921875 0.31
18 0.94921875 0.73 0.046875 0.29
18 0.0546875 0.25 0.05078125 0.32
18 0.12890625 0.28 0.076171875 0.33
18 0.197265625 0.34 0.044921875 0.29
18 0.248046875 0.36 0.048828125 0.35
18 0.302734375 0.39 0.046875 0.34
18 0.359375 0.42 0.044921875 0.34
18 0.4140625 0.46 0.048828125 0.32
18 0.466796875 0.48 0.04296875 0.33
18 0.51953125 0.51 0.048828125 0.32