18 0.080078125 0.3673469387755102 0.056640625 0.5408163265306123
18 0.140625 0.3979591836734694 0.0546875 0.5408163265306123
18 0.193359375 0.40816326530612246 0.052734375 0.5408163265306123
18 0.25 0.42857142857142855 0.05859375 0.5306122448979592
18 0.310546875 0.4489795918367347 0.060546875 0.5204081632653061
18 0.3671875 0.46938775510204084 0.056640625 0.5306122448979592
18 0.421875 0.47959183673469385 0.056640625 0.5204081632653061
18 0.478515625 0.5 0.052734375 0.5
18 0.53515625 0.5 0.0546875 0.5
18 0.58984375 0.5204081632653061 0.0625 0.5
18 0.642578125 0.5306122448979592 0.0546875 0.4897959183673469
18 0.6953125 0.5612244897959183 0.0546875 0.5
18 0.751953125 0.5714285714285714 0.056640625 0.5
18 0.802734375 0.5816326530612245 0.0546875 0.5
18 0.857421875 0.5918367346938775 0.05078125 0.5
18 0.91015625 0.6224489795918368 0.0546875 0.47959183673469385
18 0.96484375 0.6224489795918368 0.05078125 0.5