18 0.923828125 0.3611111111111111 0.05859375 0.4074074074074074
18 0.865234375 0.37962962962962965 0.052734375 0.4074074074074074
18 0.8125 0.4074074074074074 0.052734375 0.39814814814814814
18 0.759765625 0.4351851851851852 0.046875 0.42592592592592593
18 0.70703125 0.4537037037037037 0.048828125 0.4074074074074074
18 0.654296875 0.4722222222222222 0.05859375 0.4074074074074074
18 0.59765625 0.49074074074074076 0.052734375 0.4074074074074074
18 0.53515625 0.5092592592592593 0.068359375 0.3888888888888889
18 0.474609375 0.5462962962962963 0.0546875 0.4166666666666667
18 0.419921875 0.5648148148148148 0.048828125 0.4166666666666667
18 0.373046875 0.5740740740740741 0.037109375 0.4166666666666667
18 0.3359375 0.5925925925925926 0.03515625 0.4074074074074074
18 0.2890625 0.6111111111111112 0.048828125 0.4166666666666667
18 0.236328125 0.6388888888888888 0.052734375 0.3888888888888889
18 0.185546875 0.6574074074074074 0.0546875 0.4166666666666667
18 0.1328125 0.6666666666666666 0.0546875 0.39814814814814814
18 0.080078125 0.6851851851851852 0.0390625 0.4074074074074074