18 0.078125 0.23295454545454544 0.080078125 0.2840909090909091
18 0.1328125 0.26704545454545453 0.080078125 0.26136363636363635
18 0.17578125 0.3125 0.07421875 0.2784090909090909
18 0.236328125 0.32954545454545453 0.080078125 0.2840909090909091
18 0.294921875 0.35795454545454547 0.080078125 0.26136363636363635
18 0.345703125 0.3977272727272727 0.068359375 0.26136363636363635
18 0.38671875 0.4318181818181818 0.060546875 0.23295454545454544
18 0.427734375 0.4602272727272727 0.048828125 0.2784090909090909
18 0.46875 0.4659090909090909 0.076171875 0.2897727272727273
18 0.529296875 0.5170454545454546 0.06640625 0.2840909090909091
18 0.5859375 0.5568181818181818 0.08984375 0.30113636363636365
18 0.63671875 0.5909090909090909 0.068359375 0.2784090909090909
18 0.6953125 0.6022727272727273 0.068359375 0.2784090909090909
18 0.74609375 0.6420454545454546 0.068359375 0.2897727272727273
18 0.806640625 0.6704545454545454 0.064453125 0.26136363636363635
18 0.857421875 0.6818181818181818 0.064453125 0.2784090909090909
18 0.91015625 0.7215909090909091 0.06640625 0.2840909090909091