18 0.89453125 0.43333333333333335 0.05078125 0.35
18 0.802734375 0.45 0.046875 0.4
18 0.7578125 0.4666666666666667 0.048828125 0.3333333333333333
18 0.849609375 0.4666666666666667 0.046875 0.38333333333333336
18 0.6640625 0.48333333333333334 0.05078125 0.3333333333333333
18 0.708984375 0.48333333333333334 0.048828125 0.36666666666666664
18 0.61328125 0.48333333333333334 0.056640625 0.38333333333333336
18 0.44921875 0.5 0.05859375 0.38333333333333336
18 0.5 0.5 0.046875 0.35
18 0.5546875 0.5 0.064453125 0.35
18 0.30859375 0.5166666666666667 0.048828125 0.35
18 0.400390625 0.5166666666666667 0.05078125 0.4166666666666667
18 0.255859375 0.5333333333333333 0.060546875 0.38333333333333336
18 0.3515625 0.55 0.05078125 0.4
18 0.2109375 0.55 0.044921875 0.35
18 0.162109375 0.55 0.05859375 0.35
18 0.1015625 0.5666666666666667 0.0703125 0.36666666666666664