18 0.64453125 0.5743243243243243 0.052734375 0.22972972972972974
18 0.6953125 0.6081081081081081 0.041015625 0.20270270270270271
18 0.748046875 0.6486486486486487 0.044921875 0.22297297297297297
18 0.798828125 0.668918918918919 0.04296875 0.21621621621621623
18 0.849609375 0.7094594594594594 0.044921875 0.22297297297297297
18 0.904296875 0.7364864864864865 0.029296875 0.23648648648648649
18 0.953125 0.777027027027027 0.044921875 0.22972972972972974
18 0.064453125 0.22297297297297297 0.052734375 0.23648648648648649
18 0.138671875 0.25675675675675674 0.068359375 0.25
18 0.203125 0.30405405405405406 0.044921875 0.20945945945945946
18 0.255859375 0.34459459459459457 0.05078125 0.22297297297297297
18 0.318359375 0.3716216216216216 0.052734375 0.22297297297297297
18 0.37109375 0.40540540540540543 0.04296875 0.19594594594594594
18 0.42578125 0.4391891891891892 0.05078125 0.23648648648648649
18 0.48046875 0.47297297297297297 0.0546875 0.25
18 0.53515625 0.5067567567567568 0.044921875 0.21621621621621623
18 0.587890625 0.5472972972972973 0.052734375 0.23648648648648649