18 0.5625 0.5425531914893617 0.072265625 0.2925531914893617
18 0.62109375 0.601063829787234 0.044921875 0.2393617021276596
18 0.669921875 0.6382978723404256 0.052734375 0.2553191489361702
18 0.720703125 0.6648936170212766 0.0546875 0.2978723404255319
18 0.77734375 0.7340425531914894 0.052734375 0.2712765957446808
18 0.830078125 0.7712765957446809 0.056640625 0.23404255319148937
18 0.880859375 0.8031914893617021 0.052734375 0.23404255319148937
18 0.939453125 0.8297872340425532 0.0625 0.2553191489361702
18 0.0546875 0.18617021276595744 0.060546875 0.26063829787234044
18 0.1171875 0.22340425531914893 0.080078125 0.2712765957446808
18 0.1796875 0.2765957446808511 0.052734375 0.2872340425531915
18 0.23046875 0.30319148936170215 0.052734375 0.23404255319148937
18 0.28125 0.324468085106383 0.0625 0.2553191489361702
18 0.337890625 0.3829787234042553 0.05078125 0.25
18 0.384765625 0.4148936170212766 0.044921875 0.24468085106382978
18 0.4375 0.46808510638297873 0.0625 0.2765957446808511
18 0.5 0.5106382978723404 0.064453125 0.2553191489361702