18 0.0625 0.4431818181818182 0.0546875 0.6136363636363636
18 0.169921875 0.45454545454545453 0.0546875 0.5909090909090909
18 0.22265625 0.4659090909090909 0.05078125 0.5795454545454546
18 0.275390625 0.4659090909090909 0.046875 0.6136363636363636
18 0.4375 0.4659090909090909 0.0546875 0.5909090909090909
18 0.1171875 0.4659090909090909 0.046875 0.6136363636363636
18 0.328125 0.4772727272727273 0.052734375 0.6136363636363636
18 0.384765625 0.4772727272727273 0.033203125 0.5909090909090909
18 0.490234375 0.4772727272727273 0.0546875 0.6022727272727273
18 0.65234375 0.4772727272727273 0.041015625 0.625
18 0.70703125 0.4772727272727273 0.048828125 0.6022727272727273
18 0.54296875 0.48863636363636365 0.052734375 0.5681818181818182
18 0.59765625 0.48863636363636365 0.0546875 0.5681818181818182
18 0.873046875 0.5 0.05078125 0.625
18 0.818359375 0.5113636363636364 0.046875 0.6136363636363636
18 0.759765625 0.5113636363636364 0.044921875 0.5909090909090909
18 0.935546875 0.5227272727272727 0.056640625 0.6363636363636364