18 0.060546875 0.40540540540540543 0.064453125 0.47297297297297297
18 0.12890625 0.4189189189189189 0.09375 0.4864864864864865
18 0.205078125 0.43243243243243246 0.064453125 0.47297297297297297
18 0.26171875 0.47297297297297297 0.05859375 0.4594594594594595
18 0.310546875 0.4864864864864865 0.048828125 0.44594594594594594
18 0.361328125 0.5135135135135135 0.0546875 0.43243243243243246
18 0.408203125 0.5135135135135135 0.0390625 0.47297297297297297
18 0.45703125 0.527027027027027 0.048828125 0.4189189189189189
18 0.513671875 0.527027027027027 0.0625 0.44594594594594594
18 0.572265625 0.5405405405405406 0.0546875 0.43243243243243246
18 0.6328125 0.5540540540540541 0.0625 0.40540540540540543
18 0.685546875 0.581081081081081 0.052734375 0.43243243243243246
18 0.73828125 0.581081081081081 0.052734375 0.40540540540540543
18 0.7890625 0.5945945945945946 0.05078125 0.3918918918918919
18 0.83984375 0.6081081081081081 0.052734375 0.4189189189189189
18 0.88671875 0.6216216216216216 0.0390625 0.4189189189189189
18 0.935546875 0.6351351351351351 0.052734375 0.4189189189189189