18 0.05859375 0.3235294117647059 0.0625 0.4019607843137255
18 0.125 0.35294117647058826 0.09375 0.39215686274509803
18 0.1953125 0.38235294117647056 0.0625 0.39215686274509803
18 0.23828125 0.4019607843137255 0.05078125 0.3627450980392157
18 0.291015625 0.43137254901960786 0.0625 0.39215686274509803
18 0.34375 0.46078431372549017 0.046875 0.3627450980392157
18 0.388671875 0.47058823529411764 0.046875 0.3627450980392157
18 0.447265625 0.4803921568627451 0.0625 0.39215686274509803
18 0.501953125 0.5 0.056640625 0.39215686274509803
18 0.56640625 0.5294117647058824 0.07421875 0.4019607843137255
18 0.630859375 0.5490196078431373 0.05859375 0.38235294117647056
18 0.681640625 0.5784313725490197 0.05078125 0.3627450980392157
18 0.73046875 0.5980392156862745 0.056640625 0.3627450980392157
18 0.78125 0.6274509803921569 0.05078125 0.46078431372549017
18 0.947265625 0.6568627450980392 0.06640625 0.4117647058823529
18 0.8359375 0.6666666666666666 0.064453125 0.4215686274509804
18 0.890625 0.6666666666666666 0.0546875 0.4019607843137255