18 0.93359375 0.4318181818181818 0.05859375 0.6363636363636364
18 0.720703125 0.4431818181818182 0.04296875 0.5909090909090909
18 0.76953125 0.4431818181818182 0.0546875 0.6022727272727273
18 0.875 0.4431818181818182 0.060546875 0.5681818181818182
18 0.818359375 0.4431818181818182 0.052734375 0.5909090909090909
18 0.671875 0.4659090909090909 0.060546875 0.5909090909090909
18 0.615234375 0.4772727272727273 0.056640625 0.5909090909090909
18 0.43359375 0.48863636363636365 0.0546875 0.625
18 0.546875 0.48863636363636365 0.072265625 0.5681818181818182
18 0.384765625 0.48863636363636365 0.0390625 0.6590909090909091
18 0.48828125 0.5 0.048828125 0.5909090909090909
18 0.34375 0.5 0.0390625 0.6136363636363636
18 0.29296875 0.5113636363636364 0.05859375 0.6022727272727273
18 0.234375 0.5227272727272727 0.05859375 0.6136363636363636
18 0.169921875 0.5227272727272727 0.064453125 0.6136363636363636
18 0.111328125 0.5340909090909091 0.064453125 0.625
18 0.056640625 0.5340909090909091 0.052734375 0.6363636363636364