18 0.380859375 0.40625 0.05078125 0.18359375
18 0.416015625 0.4296875 0.0703125 0.1953125
18 0.470703125 0.48046875 0.0703125 0.19140625
18 0.53515625 0.52734375 0.09765625 0.2265625
18 0.595703125 0.5703125 0.07421875 0.2109375
18 0.65234375 0.625 0.08203125 0.203125
18 0.705078125 0.65625 0.068359375 0.19921875
18 0.763671875 0.703125 0.0703125 0.1875
18 0.822265625 0.75390625 0.083984375 0.2109375
18 0.8828125 0.7890625 0.048828125 0.203125
18 0.923828125 0.82421875 0.08203125 0.19921875
18 0.068359375 0.1796875 0.044921875 0.19921875
18 0.1328125 0.19921875 0.06640625 0.1953125
18 0.1796875 0.2421875 0.06640625 0.19921875
18 0.22265625 0.28515625 0.076171875 0.203125
18 0.26953125 0.3203125 0.0703125 0.1875
18 0.32421875 0.37109375 0.08203125 0.19921875