18 0.619140625 0.5714285714285714 0.052734375 0.3482142857142857
18 0.671875 0.6160714285714286 0.041015625 0.30357142857142855
18 0.7265625 0.6428571428571429 0.041015625 0.2857142857142857
18 0.783203125 0.6696428571428571 0.044921875 0.30357142857142855
18 0.833984375 0.6964285714285714 0.044921875 0.30357142857142855
18 0.890625 0.7321428571428571 0.04296875 0.2857142857142857
18 0.9453125 0.75 0.046875 0.3125
18 0.0625 0.25892857142857145 0.05078125 0.30357142857142855
18 0.1328125 0.2857142857142857 0.068359375 0.32142857142857145
18 0.19140625 0.33035714285714285 0.037109375 0.2767857142857143
18 0.2421875 0.35714285714285715 0.044921875 0.2857142857142857
18 0.30078125 0.4017857142857143 0.048828125 0.32142857142857145
18 0.3515625 0.41964285714285715 0.04296875 0.26785714285714285
18 0.404296875 0.45535714285714285 0.048828125 0.3392857142857143
18 0.458984375 0.48214285714285715 0.048828125 0.3392857142857143
18 0.51171875 0.5089285714285714 0.041015625 0.30357142857142855
18 0.564453125 0.5446428571428571 0.048828125 0.30357142857142855