18 0.0625 0.75 0.064453125 0.29545454545454547
18 0.951171875 0.24431818181818182 0.056640625 0.22727272727272727
18 0.908203125 0.26704545454545453 0.046875 0.21022727272727273
18 0.861328125 0.3068181818181818 0.044921875 0.21022727272727273
18 0.81640625 0.32386363636363635 0.052734375 0.21022727272727273
18 0.7734375 0.3522727272727273 0.0546875 0.25
18 0.724609375 0.375 0.046875 0.20454545454545456
18 0.673828125 0.4090909090909091 0.052734375 0.22727272727272727
18 0.6171875 0.4318181818181818 0.060546875 0.2215909090909091
18 0.564453125 0.4659090909090909 0.060546875 0.2556818181818182
18 0.513671875 0.4943181818181818 0.044921875 0.21022727272727273
18 0.4609375 0.5340909090909091 0.056640625 0.23863636363636365
18 0.404296875 0.5681818181818182 0.064453125 0.26136363636363635
18 0.345703125 0.5965909090909091 0.064453125 0.26136363636363635
18 0.283203125 0.6420454545454546 0.064453125 0.2840909090909091
18 0.2265625 0.6590909090909091 0.046875 0.23863636363636365
18 0.15625 0.7045454545454546 0.095703125 0.2840909090909091