18 0.953125 0.3125 0.056640625 0.40625
18 0.90234375 0.359375 0.052734375 0.421875
18 0.0546875 0.375 0.05859375 0.5
18 0.853515625 0.375 0.052734375 0.421875
18 0.806640625 0.40625 0.05859375 0.4375
18 0.1171875 0.40625 0.056640625 0.515625
18 0.169921875 0.4375 0.05078125 0.515625
18 0.75390625 0.4375 0.052734375 0.46875
18 0.234375 0.4375 0.0703125 0.515625
18 0.69921875 0.453125 0.0546875 0.453125
18 0.63671875 0.484375 0.060546875 0.4375
18 0.296875 0.5 0.05859375 0.5
18 0.359375 0.5 0.05859375 0.46875
18 0.412109375 0.515625 0.060546875 0.46875
18 0.46484375 0.515625 0.056640625 0.46875
18 0.513671875 0.515625 0.05859375 0.46875
18 0.576171875 0.515625 0.0703125 0.46875