18 0.1015625 0.6985294117647058 0.0625 0.3382352941176471
18 0.0546875 0.7352941176470589 0.05859375 0.3382352941176471
18 0.94140625 0.2647058823529412 0.05859375 0.34558823529411764
18 0.880859375 0.3014705882352941 0.05859375 0.33088235294117646
18 0.822265625 0.3235294117647059 0.05859375 0.33088235294117646
18 0.775390625 0.35294117647058826 0.04296875 0.34558823529411764
18 0.732421875 0.375 0.048828125 0.34558823529411764
18 0.685546875 0.4117647058823529 0.06640625 0.35294117647058826
18 0.625 0.4338235294117647 0.064453125 0.3382352941176471
18 0.5625 0.4632352941176471 0.08203125 0.3602941176470588
18 0.49609375 0.5 0.05859375 0.3382352941176471
18 0.4375 0.5367647058823529 0.05859375 0.3382352941176471
18 0.390625 0.5514705882352942 0.046875 0.34558823529411764
18 0.33984375 0.5955882352941176 0.068359375 0.35294117647058826
18 0.27734375 0.6176470588235294 0.060546875 0.33088235294117646
18 0.22265625 0.6470588235294118 0.0625 0.34558823529411764
18 0.16015625 0.6691176470588235 0.0625 0.34558823529411764