18 0.052734375 0.28125 0.0703125 0.2890625
18 0.125 0.3046875 0.08203125 0.328125
18 0.19140625 0.3515625 0.056640625 0.3359375
18 0.240234375 0.3828125 0.048828125 0.3046875
18 0.291015625 0.40625 0.068359375 0.3359375
18 0.34765625 0.4375 0.052734375 0.3046875
18 0.390625 0.453125 0.052734375 0.328125
18 0.447265625 0.484375 0.0625 0.328125
18 0.501953125 0.5 0.06640625 0.3203125
18 0.5703125 0.546875 0.078125 0.328125
18 0.630859375 0.6015625 0.0546875 0.3359375
18 0.677734375 0.609375 0.056640625 0.3203125
18 0.73046875 0.6328125 0.060546875 0.2890625
18 0.77734375 0.65625 0.0546875 0.3046875
18 0.826171875 0.6875 0.0625 0.296875
18 0.8828125 0.71875 0.052734375 0.296875
18 0.9375 0.7265625 0.0625 0.2734375