18 0.92578125 0.4166666666666667 0.05078125 0.4791666666666667
18 0.83203125 0.4375 0.05078125 0.4895833333333333
18 0.7734375 0.4479166666666667 0.052734375 0.4791666666666667
18 0.8828125 0.4479166666666667 0.0390625 0.5
18 0.673828125 0.4583333333333333 0.037109375 0.5
18 0.72265625 0.4583333333333333 0.05859375 0.5
18 0.626953125 0.4791666666666667 0.0546875 0.5
18 0.49609375 0.5104166666666666 0.05078125 0.4791666666666667
18 0.560546875 0.5104166666666666 0.068359375 0.5208333333333334
18 0.439453125 0.5208333333333334 0.052734375 0.5
18 0.390625 0.5208333333333334 0.041015625 0.53125
18 0.349609375 0.5416666666666666 0.037109375 0.5208333333333334
18 0.30078125 0.5520833333333334 0.0546875 0.5
18 0.244140625 0.5520833333333334 0.0546875 0.5208333333333334
18 0.18359375 0.5729166666666666 0.056640625 0.5208333333333334
18 0.072265625 0.5833333333333334 0.05078125 0.5208333333333334
18 0.12109375 0.5833333333333334 0.0625 0.5