18 0.294921875 0.2916666666666667 0.076171875 0.10416666666666667
18 0.33984375 0.3425925925925926 0.08984375 0.11574074074074074
18 0.3984375 0.37962962962962965 0.0859375 0.10648148148148148
18 0.4296875 0.4212962962962963 0.0859375 0.12731481481481483
18 0.4765625 0.46064814814814814 0.083984375 0.10648148148148148
18 0.52734375 0.5092592592592593 0.09765625 0.12037037037037036
18 0.583984375 0.5625 0.095703125 0.125
18 0.63671875 0.6064814814814815 0.083984375 0.10648148148148148
18 0.6796875 0.6435185185185185 0.09765625 0.11342592592592593
18 0.728515625 0.7037037037037037 0.087890625 0.10648148148148148
18 0.78125 0.7453703703703703 0.09375 0.11342592592592593
18 0.8203125 0.7847222222222222 0.0859375 0.11805555555555555
18 0.876953125 0.8333333333333334 0.1015625 0.12037037037037036
18 0.111328125 0.12962962962962962 0.078125 0.11805555555555555
18 0.162109375 0.16435185185185186 0.08984375 0.11805555555555555
18 0.2109375 0.19907407407407407 0.078125 0.10648148148148148
18 0.248046875 0.25 0.083984375 0.10648148148148148