18 0.060546875 0.4166666666666667 0.060546875 0.5
18 0.11328125 0.4375 0.0546875 0.5
18 0.166015625 0.4375 0.056640625 0.5208333333333334
18 0.216796875 0.4479166666666667 0.060546875 0.5208333333333334
18 0.2734375 0.46875 0.060546875 0.5416666666666666
18 0.32421875 0.4791666666666667 0.0546875 0.5208333333333334
18 0.376953125 0.4791666666666667 0.056640625 0.53125
18 0.43359375 0.4895833333333333 0.0625 0.5208333333333334
18 0.484375 0.5 0.0546875 0.5208333333333334
18 0.5390625 0.5104166666666666 0.0625 0.53125
18 0.65234375 0.5208333333333334 0.056640625 0.53125
18 0.59765625 0.5208333333333334 0.060546875 0.5208333333333334
18 0.708984375 0.5520833333333334 0.05078125 0.5520833333333334
18 0.822265625 0.5520833333333334 0.044921875 0.5625
18 0.765625 0.5625 0.05078125 0.5416666666666666
18 0.876953125 0.5833333333333334 0.0546875 0.5416666666666666
18 0.935546875 0.6041666666666666 0.05859375 0.5520833333333334