18 0.068359375 0.37037037037037035 0.0859375 0.5370370370370371
18 0.1328125 0.37037037037037035 0.072265625 0.5370370370370371
18 0.18359375 0.4074074074074074 0.0546875 0.5185185185185185
18 0.234375 0.4074074074074074 0.056640625 0.5185185185185185
18 0.28125 0.42592592592592593 0.056640625 0.5370370370370371
18 0.33203125 0.46296296296296297 0.060546875 0.5740740740740741
18 0.39453125 0.48148148148148145 0.072265625 0.5370370370370371
18 0.453125 0.48148148148148145 0.0546875 0.5370370370370371
18 0.505859375 0.48148148148148145 0.052734375 0.5370370370370371
18 0.568359375 0.48148148148148145 0.07421875 0.5555555555555556
18 0.6328125 0.5 0.064453125 0.5370370370370371
18 0.6875 0.5185185185185185 0.052734375 0.5370370370370371
18 0.732421875 0.5370370370370371 0.05859375 0.5555555555555556
18 0.84375 0.5555555555555556 0.06640625 0.5185185185185185
18 0.7890625 0.5555555555555556 0.068359375 0.5555555555555556
18 0.896484375 0.5555555555555556 0.068359375 0.5370370370370371
18 0.9453125 0.5925925925925926 0.0546875 0.5370370370370371