18 0.587890625 0.5515463917525774 0.080078125 0.30412371134020616
18 0.63671875 0.5824742268041238 0.07421875 0.29381443298969073
18 0.697265625 0.6237113402061856 0.080078125 0.31443298969072164
18 0.755859375 0.6494845360824743 0.0703125 0.31443298969072164
18 0.81640625 0.6855670103092784 0.068359375 0.30927835051546393
18 0.87109375 0.7010309278350515 0.083984375 0.31958762886597936
18 0.931640625 0.7525773195876289 0.076171875 0.31443298969072164
18 0.068359375 0.23711340206185566 0.08203125 0.36082474226804123
18 0.1171875 0.25773195876288657 0.0703125 0.36082474226804123
18 0.166015625 0.30412371134020616 0.078125 0.28865979381443296
18 0.21484375 0.3247422680412371 0.0859375 0.28350515463917525
18 0.267578125 0.3556701030927835 0.072265625 0.28865979381443296
18 0.32421875 0.3917525773195876 0.076171875 0.28865979381443296
18 0.384765625 0.4175257731958763 0.0703125 0.29381443298969073
18 0.4296875 0.4536082474226804 0.080078125 0.29381443298969073
18 0.478515625 0.4845360824742268 0.083984375 0.29896907216494845
18 0.533203125 0.5051546391752577 0.08203125 0.29381443298969073