18 0.09375 0.34615384615384615 0.05859375 0.4307692307692308
18 0.138671875 0.36923076923076925 0.052734375 0.4230769230769231
18 0.1953125 0.3769230769230769 0.0625 0.4307692307692308
18 0.24609375 0.4 0.05859375 0.4230769230769231
18 0.296875 0.4153846153846154 0.05859375 0.45384615384615384
18 0.349609375 0.4307692307692308 0.056640625 0.45384615384615384
18 0.400390625 0.46153846153846156 0.056640625 0.4307692307692308
18 0.453125 0.47692307692307695 0.0546875 0.45384615384615384
18 0.50390625 0.49230769230769234 0.056640625 0.45384615384615384
18 0.5546875 0.5153846153846153 0.0546875 0.45384615384615384
18 0.607421875 0.5384615384615384 0.056640625 0.4307692307692308
18 0.66015625 0.5615384615384615 0.0546875 0.45384615384615384
18 0.71484375 0.5846153846153846 0.0546875 0.4307692307692308
18 0.767578125 0.6 0.0546875 0.4307692307692308
18 0.8203125 0.6230769230769231 0.056640625 0.4307692307692308
18 0.873046875 0.6461538461538462 0.056640625 0.45384615384615384
18 0.931640625 0.6692307692307692 0.05859375 0.46923076923076923