18 0.923828125 0.27976190476190477 0.0703125 0.2976190476190476
18 0.873046875 0.31547619047619047 0.0546875 0.32142857142857145
18 0.822265625 0.3273809523809524 0.05859375 0.2916666666666667
18 0.771484375 0.36904761904761907 0.068359375 0.35714285714285715
18 0.724609375 0.39880952380952384 0.0625 0.34523809523809523
18 0.671875 0.40476190476190477 0.06640625 0.32142857142857145
18 0.623046875 0.44642857142857145 0.07421875 0.30357142857142855
18 0.560546875 0.48214285714285715 0.087890625 0.32142857142857145
18 0.51171875 0.5059523809523809 0.05859375 0.3273809523809524
18 0.462890625 0.5178571428571429 0.0625 0.3392857142857143
18 0.423828125 0.5595238095238095 0.052734375 0.3392857142857143
18 0.375 0.5773809523809523 0.083984375 0.3273809523809524
18 0.31640625 0.6130952380952381 0.078125 0.31547619047619047
18 0.263671875 0.6309523809523809 0.07421875 0.3392857142857143
18 0.201171875 0.6607142857142857 0.07421875 0.31547619047619047
18 0.146484375 0.6904761904761905 0.07421875 0.31547619047619047
18 0.1015625 0.7202380952380952 0.076171875 0.32142857142857145