18 0.654296875 0.5594059405940595 0.05859375 0.3811881188118812
18 0.7109375 0.5792079207920792 0.041015625 0.3811881188118812
18 0.75390625 0.6039603960396039 0.060546875 0.39603960396039606
18 0.8125 0.6287128712871287 0.068359375 0.3910891089108911
18 0.873046875 0.6633663366336634 0.06640625 0.41089108910891087
18 0.9375 0.6881188118811881 0.068359375 0.3910891089108911
18 0.05078125 0.26732673267326734 0.06640625 0.41089108910891087
18 0.1015625 0.29207920792079206 0.0546875 0.36633663366336633
18 0.15625 0.3217821782178218 0.052734375 0.37623762376237624
18 0.212890625 0.3415841584158416 0.0625 0.3712871287128713
18 0.267578125 0.3712871287128713 0.0625 0.3910891089108911
18 0.326171875 0.39603960396039606 0.05859375 0.3811881188118812
18 0.376953125 0.4207920792079208 0.0390625 0.3712871287128713
18 0.41796875 0.4504950495049505 0.05078125 0.3811881188118812
18 0.474609375 0.47029702970297027 0.06640625 0.3910891089108911
18 0.53515625 0.49504950495049505 0.07421875 0.400990099009901
18 0.591796875 0.5198019801980198 0.068359375 0.400990099009901