18 0.923828125 0.4166666666666667 0.080078125 0.49404761904761907
18 0.857421875 0.4226190476190476 0.07421875 0.5119047619047619
18 0.794921875 0.42857142857142855 0.068359375 0.49404761904761907
18 0.732421875 0.4583333333333333 0.068359375 0.49404761904761907
18 0.669921875 0.47619047619047616 0.05078125 0.49404761904761907
18 0.615234375 0.4880952380952381 0.0625 0.4583333333333333
18 0.560546875 0.49404761904761907 0.0625 0.4583333333333333
18 0.50390625 0.5119047619047619 0.0625 0.4583333333333333
18 0.447265625 0.5297619047619048 0.068359375 0.4583333333333333
18 0.396484375 0.5476190476190477 0.0625 0.4583333333333333
18 0.345703125 0.5535714285714286 0.0625 0.44047619047619047
18 0.298828125 0.5654761904761905 0.05078125 0.4226190476190476
18 0.251953125 0.5773809523809523 0.0625 0.40476190476190477
18 0.205078125 0.5892857142857143 0.0625 0.40476190476190477
18 0.162109375 0.6011904761904762 0.044921875 0.4226190476190476
18 0.11328125 0.6190476190476191 0.0625 0.3869047619047619
18 0.078125 0.625 0.05078125 0.40476190476190477