18 0.083984375 0.4523809523809524 0.064453125 0.5714285714285714
18 0.140625 0.46825396825396826 0.0546875 0.5873015873015873
18 0.185546875 0.47619047619047616 0.041015625 0.5714285714285714
18 0.3984375 0.47619047619047616 0.05078125 0.5714285714285714
18 0.5078125 0.48412698412698413 0.0546875 0.5873015873015873
18 0.228515625 0.48412698412698413 0.060546875 0.5873015873015873
18 0.287109375 0.48412698412698413 0.064453125 0.5873015873015873
18 0.345703125 0.48412698412698413 0.060546875 0.5555555555555556
18 0.455078125 0.48412698412698413 0.060546875 0.5555555555555556
18 0.609375 0.49206349206349204 0.041015625 0.5714285714285714
18 0.77734375 0.49206349206349204 0.064453125 0.5714285714285714
18 0.5625 0.5079365079365079 0.0703125 0.5873015873015873
18 0.720703125 0.5079365079365079 0.064453125 0.5555555555555556
18 0.66015625 0.5158730158730159 0.064453125 0.5714285714285714
18 0.830078125 0.5158730158730159 0.046875 0.5714285714285714
18 0.87109375 0.5158730158730159 0.064453125 0.5714285714285714
18 0.93359375 0.5238095238095238 0.064453125 0.5555555555555556