18 0.9140625 0.4189189189189189 0.060546875 0.5337837837837838
18 0.853515625 0.42567567567567566 0.060546875 0.5202702702702703
18 0.794921875 0.43243243243243246 0.052734375 0.5337837837837838
18 0.7421875 0.4391891891891892 0.056640625 0.5
18 0.69140625 0.46621621621621623 0.056640625 0.5
18 0.63671875 0.4797297297297297 0.052734375 0.5
18 0.580078125 0.49324324324324326 0.056640625 0.5
18 0.52734375 0.5067567567567568 0.056640625 0.5
18 0.478515625 0.5202702702702703 0.056640625 0.5202702702702703
18 0.423828125 0.527027027027027 0.052734375 0.5
18 0.375 0.5405405405405406 0.052734375 0.5
18 0.326171875 0.5608108108108109 0.052734375 0.5202702702702703
18 0.275390625 0.5675675675675675 0.046875 0.5
18 0.228515625 0.581081081081081 0.052734375 0.4864864864864865
18 0.177734375 0.5945945945945946 0.046875 0.4864864864864865
18 0.130859375 0.6013513513513513 0.052734375 0.5
18 0.0859375 0.6081081081081081 0.046875 0.4527027027027027