18 0.923828125 0.3352272727272727 0.056640625 0.30113636363636365
18 0.87890625 0.3465909090909091 0.05078125 0.30113636363636365
18 0.828125 0.375 0.05078125 0.3181818181818182
18 0.783203125 0.39204545454545453 0.05078125 0.2840909090909091
18 0.736328125 0.4034090909090909 0.05078125 0.30113636363636365
18 0.689453125 0.42613636363636365 0.05078125 0.3181818181818182
18 0.638671875 0.4431818181818182 0.0625 0.3181818181818182
18 0.58203125 0.4715909090909091 0.068359375 0.3181818181818182
18 0.525390625 0.4943181818181818 0.056640625 0.3181818181818182
18 0.470703125 0.5170454545454546 0.0625 0.3352272727272727
18 0.41015625 0.5454545454545454 0.068359375 0.3181818181818182
18 0.357421875 0.5625 0.056640625 0.3522727272727273
18 0.302734375 0.5795454545454546 0.0625 0.3522727272727273
18 0.25 0.6022727272727273 0.0625 0.3352272727272727
18 0.193359375 0.625 0.0625 0.3181818181818182
18 0.142578125 0.6420454545454546 0.056640625 0.3181818181818182
18 0.08203125 0.6647727272727273 0.0625 0.3352272727272727