18 0.0625 0.4307692307692308 0.076171875 0.5769230769230769
18 0.134765625 0.45384615384615384 0.064453125 0.5615384615384615
18 0.19921875 0.46153846153846156 0.060546875 0.5307692307692308
18 0.265625 0.46923076923076923 0.072265625 0.5461538461538461
18 0.39453125 0.4846153846153846 0.064453125 0.4846153846153846
18 0.33203125 0.4846153846153846 0.064453125 0.5153846153846153
18 0.53515625 0.5076923076923077 0.09765625 0.46923076923076923
18 0.458984375 0.5153846153846153 0.060546875 0.5153846153846153
18 0.611328125 0.5384615384615384 0.05859375 0.46923076923076923
18 0.705078125 0.5538461538461539 0.0546875 0.46923076923076923
18 0.75 0.5538461538461539 0.04296875 0.46923076923076923
18 0.66015625 0.5615384615384615 0.046875 0.46153846153846156
18 0.79296875 0.5769230769230769 0.04296875 0.46153846153846156
18 0.837890625 0.5846153846153846 0.05078125 0.46153846153846156
18 0.876953125 0.5923076923076923 0.046875 0.4461538461538462
18 0.919921875 0.5923076923076923 0.046875 0.4461538461538462
18 0.958984375 0.6 0.04296875 0.4307692307692308