18 0.9375 0.24752475247524752 0.052734375 0.25742574257425743
18 0.890625 0.2722772277227723 0.046875 0.25742574257425743
18 0.84765625 0.297029702970297 0.04296875 0.25742574257425743
18 0.8046875 0.32673267326732675 0.04296875 0.25742574257425743
18 0.76171875 0.35148514851485146 0.046875 0.27722772277227725
18 0.720703125 0.3712871287128713 0.052734375 0.25742574257425743
18 0.669921875 0.40594059405940597 0.046875 0.27722772277227725
18 0.625 0.43564356435643564 0.046875 0.26732673267326734
18 0.5703125 0.4504950495049505 0.052734375 0.25742574257425743
18 0.505859375 0.5 0.07421875 0.2871287128712871
18 0.4375 0.5346534653465347 0.060546875 0.2871287128712871
18 0.37890625 0.5742574257425742 0.052734375 0.27722772277227725
18 0.322265625 0.6039603960396039 0.060546875 0.2871287128712871
18 0.26171875 0.6336633663366337 0.056640625 0.27722772277227725
18 0.201171875 0.6782178217821783 0.056640625 0.27722772277227725
18 0.142578125 0.7029702970297029 0.056640625 0.2871287128712871
18 0.080078125 0.7326732673267327 0.056640625 0.30198019801980197