18 0.30078125 0.48214285714285715 0.056640625 0.6428571428571429
18 0.509765625 0.48214285714285715 0.056640625 0.6339285714285714
18 0.359375 0.49107142857142855 0.0546875 0.6785714285714286
18 0.40625 0.49107142857142855 0.037109375 0.6428571428571429
18 0.44921875 0.49107142857142855 0.0546875 0.6607142857142857
18 0.076171875 0.49107142857142855 0.060546875 0.6428571428571429
18 0.189453125 0.49107142857142855 0.052734375 0.6428571428571429
18 0.56640625 0.49107142857142855 0.052734375 0.6339285714285714
18 0.623046875 0.49107142857142855 0.05859375 0.6696428571428571
18 0.6796875 0.49107142857142855 0.060546875 0.6339285714285714
18 0.724609375 0.49107142857142855 0.033203125 0.6339285714285714
18 0.875 0.49107142857142855 0.048828125 0.6517857142857143
18 0.130859375 0.49107142857142855 0.056640625 0.6517857142857143
18 0.244140625 0.5 0.056640625 0.6607142857142857
18 0.822265625 0.5 0.052734375 0.6607142857142857
18 0.931640625 0.5 0.048828125 0.6428571428571429
18 0.767578125 0.5 0.048828125 0.6517857142857143