18 0.068359375 0.45555555555555555 0.060546875 0.5444444444444444
18 0.123046875 0.4666666666666667 0.05078125 0.5444444444444444
18 0.17578125 0.4888888888888889 0.056640625 0.5555555555555556
18 0.228515625 0.4888888888888889 0.056640625 0.5444444444444444
18 0.28125 0.5 0.048828125 0.5111111111111111
18 0.333984375 0.5 0.0546875 0.5444444444444444
18 0.384765625 0.5 0.046875 0.5444444444444444
18 0.654296875 0.5 0.05078125 0.5444444444444444
18 0.435546875 0.5111111111111111 0.044921875 0.5666666666666667
18 0.544921875 0.5222222222222223 0.052734375 0.5555555555555556
18 0.6015625 0.5222222222222223 0.0546875 0.5555555555555556
18 0.490234375 0.5222222222222223 0.05859375 0.5666666666666667
18 0.810546875 0.5222222222222223 0.056640625 0.5444444444444444
18 0.70703125 0.5333333333333333 0.048828125 0.5444444444444444
18 0.759765625 0.5444444444444444 0.048828125 0.5555555555555556
18 0.869140625 0.5444444444444444 0.052734375 0.5555555555555556
18 0.92578125 0.5444444444444444 0.05859375 0.5666666666666667