18 0.388671875 0.39814814814814814 0.064453125 0.14351851851851852
18 0.451171875 0.4444444444444444 0.048828125 0.13194444444444445
18 0.505859375 0.48842592592592593 0.046875 0.125
18 0.556640625 0.5208333333333334 0.0546875 0.13657407407407407
18 0.6171875 0.5671296296296297 0.048828125 0.13194444444444445
18 0.673828125 0.6111111111111112 0.0546875 0.13194444444444445
18 0.72265625 0.6574074074074074 0.048828125 0.13194444444444445
18 0.779296875 0.7013888888888888 0.048828125 0.125
18 0.8359375 0.7337962962962963 0.048828125 0.13194444444444445
18 0.8984375 0.7800925925925926 0.0625 0.13194444444444445
18 0.95703125 0.8194444444444444 0.052734375 0.13194444444444445
18 0.0625 0.1550925925925926 0.0625 0.125
18 0.12109375 0.19212962962962962 0.07421875 0.14814814814814814
18 0.181640625 0.24305555555555555 0.046875 0.13194444444444445
18 0.236328125 0.28935185185185186 0.0625 0.13657407407407407
18 0.294921875 0.3263888888888889 0.052734375 0.13194444444444445
18 0.34375 0.3680555555555556 0.048828125 0.12962962962962962