18 0.45703125 0.47093023255813954 0.064453125 0.2616279069767442
18 0.521484375 0.5 0.09375 0.28488372093023256
18 0.58203125 0.5465116279069767 0.072265625 0.29651162790697677
18 0.63671875 0.5930232558139535 0.060546875 0.29651162790697677
18 0.689453125 0.6337209302325582 0.076171875 0.28488372093023256
18 0.75 0.6744186046511628 0.068359375 0.3081395348837209
18 0.810546875 0.7034883720930233 0.064453125 0.28488372093023256
18 0.873046875 0.7616279069767442 0.08203125 0.31976744186046513
18 0.9375 0.7906976744186046 0.06640625 0.29651162790697677
18 0.060546875 0.19767441860465115 0.056640625 0.27906976744186046
18 0.1171875 0.23255813953488372 0.068359375 0.27906976744186046
18 0.1640625 0.26744186046511625 0.056640625 0.3023255813953488
18 0.203125 0.3023255813953488 0.0703125 0.3023255813953488
18 0.25390625 0.3372093023255814 0.072265625 0.3023255813953488
18 0.302734375 0.37790697674418605 0.08984375 0.3313953488372093
18 0.359375 0.4069767441860465 0.0625 0.27906976744186046
18 0.408203125 0.43023255813953487 0.0703125 0.28488372093023256