18 0.078125 0.32222222222222224 0.076171875 0.4222222222222222
18 0.150390625 0.35555555555555557 0.0859375 0.4666666666666667
18 0.220703125 0.4 0.056640625 0.43333333333333335
18 0.279296875 0.43333333333333335 0.060546875 0.43333333333333335
18 0.33203125 0.43333333333333335 0.0625 0.43333333333333335
18 0.3828125 0.45555555555555555 0.044921875 0.43333333333333335
18 0.4375 0.4666666666666667 0.0625 0.4111111111111111
18 0.48828125 0.4777777777777778 0.056640625 0.43333333333333335
18 0.541015625 0.4777777777777778 0.056640625 0.43333333333333335
18 0.59375 0.5 0.05859375 0.4
18 0.6484375 0.5222222222222223 0.0546875 0.4222222222222222
18 0.69921875 0.5666666666666667 0.046875 0.4
18 0.74609375 0.5777777777777777 0.05859375 0.4111111111111111
18 0.796875 0.5888888888888889 0.052734375 0.3888888888888889
18 0.845703125 0.6333333333333333 0.0546875 0.3888888888888889
18 0.89453125 0.6555555555555556 0.05859375 0.35555555555555557
18 0.943359375 0.6666666666666666 0.068359375 0.3888888888888889