18 0.2265625 0.4787234042553192 0.05078125 0.5531914893617021
18 0.275390625 0.4787234042553192 0.048828125 0.574468085106383
18 0.06640625 0.4787234042553192 0.064453125 0.5638297872340425
18 0.173828125 0.4787234042553192 0.05078125 0.5212765957446809
18 0.33203125 0.48936170212765956 0.05859375 0.574468085106383
18 0.59765625 0.48936170212765956 0.0546875 0.5531914893617021
18 0.654296875 0.48936170212765956 0.056640625 0.5531914893617021
18 0.123046875 0.48936170212765956 0.044921875 0.5531914893617021
18 0.388671875 0.48936170212765956 0.05078125 0.5851063829787234
18 0.4375 0.48936170212765956 0.044921875 0.5851063829787234
18 0.48828125 0.48936170212765956 0.056640625 0.5851063829787234
18 0.544921875 0.48936170212765956 0.05078125 0.5851063829787234
18 0.705078125 0.48936170212765956 0.041015625 0.5638297872340425
18 0.7578125 0.48936170212765956 0.05859375 0.5638297872340425
18 0.81640625 0.5 0.0546875 0.574468085106383
18 0.873046875 0.5 0.056640625 0.5638297872340425
18 0.935546875 0.5 0.0625 0.5425531914893617