18 0.31640625 0.3392857142857143 0.056640625 0.13392857142857142
18 0.361328125 0.3630952380952381 0.08203125 0.125
18 0.40625 0.4166666666666667 0.068359375 0.125
18 0.458984375 0.4642857142857143 0.06640625 0.125
18 0.50390625 0.5 0.0703125 0.12797619047619047
18 0.560546875 0.5476190476190477 0.056640625 0.12797619047619047
18 0.609375 0.5922619047619048 0.083984375 0.15178571428571427
18 0.666015625 0.6398809523809523 0.0703125 0.13392857142857142
18 0.71875 0.6815476190476191 0.072265625 0.13690476190476192
18 0.765625 0.7321428571428571 0.068359375 0.13392857142857142
18 0.818359375 0.7738095238095238 0.0703125 0.125
18 0.87109375 0.8154761904761905 0.0703125 0.12202380952380952
18 0.91796875 0.8630952380952381 0.068359375 0.125
18 0.1015625 0.13690476190476192 0.09375 0.15773809523809523
18 0.15234375 0.19345238095238096 0.07421875 0.14285714285714285
18 0.20703125 0.24107142857142858 0.076171875 0.14285714285714285
18 0.267578125 0.3005952380952381 0.0546875 0.12797619047619047