18 0.240234375 0.44 0.0703125 0.63
18 0.34375 0.45 0.068359375 0.65
18 0.4453125 0.45 0.0625 0.65
18 0.08203125 0.45 0.0703125 0.62
18 0.130859375 0.45 0.060546875 0.62
18 0.291015625 0.45 0.064453125 0.66
18 0.392578125 0.45 0.056640625 0.66
18 0.5 0.45 0.0625 0.66
18 0.55078125 0.45 0.0625 0.66
18 0.603515625 0.45 0.064453125 0.66
18 0.7109375 0.45 0.068359375 0.66
18 0.18359375 0.45 0.0625 0.63
18 0.65625 0.46 0.064453125 0.67
18 0.76171875 0.46 0.060546875 0.67
18 0.921875 0.46 0.060546875 0.65
18 0.81640625 0.47 0.060546875 0.66
18 0.8671875 0.48 0.0625 0.67