18 0.087890625 0.4537037037037037 0.05859375 0.6388888888888888
18 0.248046875 0.46296296296296297 0.052734375 0.6388888888888888
18 0.140625 0.46296296296296297 0.05078125 0.6203703703703703
18 0.298828125 0.46296296296296297 0.052734375 0.6481481481481481
18 0.193359375 0.46296296296296297 0.056640625 0.6481481481481481
18 0.349609375 0.4722222222222222 0.0546875 0.6296296296296297
18 0.40234375 0.4722222222222222 0.052734375 0.6481481481481481
18 0.453125 0.4722222222222222 0.048828125 0.6481481481481481
18 0.50390625 0.5 0.0546875 0.6481481481481481
18 0.556640625 0.5 0.052734375 0.6481481481481481
18 0.66015625 0.5 0.056640625 0.6296296296296297
18 0.607421875 0.5092592592592593 0.056640625 0.6388888888888888
18 0.708984375 0.5092592592592593 0.046875 0.6574074074074074
18 0.8671875 0.5185185185185185 0.0546875 0.6388888888888888
18 0.814453125 0.5185185185185185 0.0546875 0.6111111111111112
18 0.919921875 0.5185185185185185 0.060546875 0.6296296296296297
18 0.763671875 0.5277777777777778 0.0546875 0.6574074074074074