18 0.923828125 0.3953488372093023 0.056640625 0.5813953488372093
18 0.876953125 0.3953488372093023 0.0546875 0.5581395348837209
18 0.833984375 0.4069767441860465 0.056640625 0.5697674418604651
18 0.787109375 0.4186046511627907 0.05859375 0.5697674418604651
18 0.681640625 0.4418604651162791 0.0859375 0.6046511627906976
18 0.7421875 0.4418604651162791 0.056640625 0.6046511627906976
18 0.564453125 0.46511627906976744 0.099609375 0.6046511627906976
18 0.625 0.47674418604651164 0.0390625 0.6627906976744186
18 0.4921875 0.5 0.046875 0.6162790697674418
18 0.44140625 0.5116279069767442 0.068359375 0.6744186046511628
18 0.380859375 0.5348837209302325 0.05859375 0.6162790697674418
18 0.318359375 0.5465116279069767 0.072265625 0.686046511627907
18 0.263671875 0.5581395348837209 0.0546875 0.627906976744186
18 0.1015625 0.5581395348837209 0.056640625 0.6046511627906976
18 0.212890625 0.5697674418604651 0.0546875 0.6046511627906976
18 0.158203125 0.5697674418604651 0.068359375 0.627906976744186
18 0.041015625 0.5697674418604651 0.07421875 0.627906976744186