18 0.0859375 0.46078431372549017 0.06640625 0.47058823529411764
18 0.1328125 0.47058823529411764 0.05078125 0.46078431372549017
18 0.185546875 0.47058823529411764 0.064453125 0.49019607843137253
18 0.337890625 0.4803921568627451 0.0546875 0.47058823529411764
18 0.23828125 0.49019607843137253 0.056640625 0.49019607843137253
18 0.28515625 0.49019607843137253 0.0390625 0.47058823529411764
18 0.388671875 0.49019607843137253 0.056640625 0.5
18 0.4921875 0.5 0.056640625 0.49019607843137253
18 0.443359375 0.5098039215686274 0.04296875 0.49019607843137253
18 0.560546875 0.5196078431372549 0.080078125 0.5196078431372549
18 0.62109375 0.5490196078431373 0.052734375 0.5
18 0.67578125 0.5490196078431373 0.0546875 0.47058823529411764
18 0.77734375 0.5588235294117647 0.041015625 0.5
18 0.7265625 0.5686274509803921 0.056640625 0.5098039215686274
18 0.828125 0.5686274509803921 0.056640625 0.49019607843137253
18 0.880859375 0.5882352941176471 0.0546875 0.5
18 0.935546875 0.5882352941176471 0.060546875 0.49019607843137253