18 0.060546875 0.2971014492753623 0.052734375 0.34782608695652173
18 0.1171875 0.3188405797101449 0.05859375 0.3333333333333333
18 0.166015625 0.34782608695652173 0.052734375 0.34057971014492755
18 0.22265625 0.37681159420289856 0.056640625 0.34782608695652173
18 0.275390625 0.4057971014492754 0.056640625 0.34782608695652173
18 0.326171875 0.427536231884058 0.056640625 0.3333333333333333
18 0.3828125 0.4492753623188406 0.056640625 0.34057971014492755
18 0.4375 0.4782608695652174 0.056640625 0.34057971014492755
18 0.490234375 0.5 0.056640625 0.3333333333333333
18 0.546875 0.5217391304347826 0.064453125 0.3695652173913043
18 0.60546875 0.5579710144927537 0.060546875 0.3333333333333333
18 0.658203125 0.5797101449275363 0.064453125 0.36231884057971014
18 0.716796875 0.6014492753623188 0.0625 0.34782608695652173
18 0.771484375 0.6231884057971014 0.0390625 0.36231884057971014
18 0.83203125 0.6594202898550725 0.068359375 0.34057971014492755
18 0.892578125 0.6811594202898551 0.068359375 0.36231884057971014
18 0.947265625 0.7028985507246377 0.041015625 0.35507246376811596