18 0.634765625 0.5860215053763441 0.056640625 0.34408602150537637
18 0.693359375 0.6182795698924731 0.052734375 0.34408602150537637
18 0.74609375 0.6451612903225806 0.052734375 0.34946236559139787
18 0.8046875 0.6935483870967742 0.060546875 0.34408602150537637
18 0.8671875 0.7258064516129032 0.056640625 0.3548387096774194
18 0.927734375 0.7634408602150538 0.0703125 0.3548387096774194
18 0.07421875 0.25268817204301075 0.05078125 0.2956989247311828
18 0.119140625 0.2849462365591398 0.04296875 0.3333333333333333
18 0.16796875 0.3118279569892473 0.056640625 0.3225806451612903
18 0.21875 0.34408602150537637 0.05078125 0.3064516129032258
18 0.265625 0.3602150537634409 0.046875 0.3225806451612903
18 0.318359375 0.4032258064516129 0.052734375 0.3333333333333333
18 0.369140625 0.42473118279569894 0.05078125 0.3225806451612903
18 0.423828125 0.46236559139784944 0.05078125 0.3118279569892473
18 0.474609375 0.489247311827957 0.048828125 0.3279569892473118
18 0.52734375 0.5268817204301075 0.056640625 0.3548387096774194
18 0.58203125 0.553763440860215 0.05078125 0.34946236559139787