18 0.71484375 0.45454545454545453 0.052734375 0.5
18 0.826171875 0.45454545454545453 0.05859375 0.5340909090909091
18 0.87890625 0.45454545454545453 0.052734375 0.5113636363636364
18 0.93359375 0.45454545454545453 0.05078125 0.48863636363636365
18 0.60546875 0.4659090909090909 0.056640625 0.5113636363636364
18 0.771484375 0.4659090909090909 0.05859375 0.48863636363636365
18 0.66015625 0.4772727272727273 0.056640625 0.5
18 0.544921875 0.4772727272727273 0.064453125 0.5340909090909091
18 0.376953125 0.48863636363636365 0.0546875 0.5340909090909091
18 0.4296875 0.48863636363636365 0.05078125 0.5113636363636364
18 0.482421875 0.48863636363636365 0.05859375 0.5113636363636364
18 0.3203125 0.48863636363636365 0.056640625 0.5
18 0.265625 0.5 0.0546875 0.5
18 0.10546875 0.5 0.060546875 0.5227272727272727
18 0.16015625 0.5 0.056640625 0.5227272727272727
18 0.212890625 0.5113636363636364 0.052734375 0.5113636363636364
18 0.05859375 0.5113636363636364 0.048828125 0.5340909090909091