18 0.07421875 0.39655172413793105 0.052734375 0.43103448275862066
18 0.126953125 0.4051724137931034 0.052734375 0.43103448275862066
18 0.181640625 0.41379310344827586 0.046875 0.46551724137931033
18 0.234375 0.43103448275862066 0.052734375 0.47413793103448276
18 0.287109375 0.4482758620689655 0.0546875 0.46551724137931033
18 0.345703125 0.46551724137931033 0.0546875 0.45689655172413796
18 0.392578125 0.4827586206896552 0.046875 0.47413793103448276
18 0.447265625 0.4827586206896552 0.044921875 0.47413793103448276
18 0.505859375 0.49137931034482757 0.0546875 0.47413793103448276
18 0.55859375 0.5086206896551724 0.0546875 0.49137931034482757
18 0.61328125 0.5258620689655172 0.05078125 0.47413793103448276
18 0.66796875 0.5344827586206896 0.052734375 0.46551724137931033
18 0.72265625 0.5517241379310345 0.052734375 0.4482758620689655
18 0.77734375 0.5689655172413793 0.052734375 0.45689655172413796
18 0.83203125 0.5775862068965517 0.052734375 0.45689655172413796
18 0.890625 0.5862068965517241 0.056640625 0.45689655172413796
18 0.9453125 0.6120689655172413 0.056640625 0.4482758620689655