18 0.451171875 0.4827586206896552 0.0625 0.3879310344827586
18 0.400390625 0.4827586206896552 0.0703125 0.4482758620689655
18 0.505859375 0.5 0.064453125 0.43103448275862066
18 0.560546875 0.5258620689655172 0.06640625 0.4224137931034483
18 0.6171875 0.5603448275862069 0.052734375 0.4051724137931034
18 0.662109375 0.5775862068965517 0.072265625 0.41379310344827586
18 0.72265625 0.603448275862069 0.0703125 0.4224137931034483
18 0.81640625 0.646551724137931 0.056640625 0.3879310344827586
18 0.765625 0.6551724137931034 0.060546875 0.4224137931034483
18 0.865234375 0.6724137931034483 0.056640625 0.4051724137931034
18 0.91015625 0.6896551724137931 0.060546875 0.41379310344827586
18 0.95703125 0.7241379310344828 0.05859375 0.3879310344827586
18 0.076171875 0.31896551724137934 0.09375 0.45689655172413796
18 0.150390625 0.35344827586206895 0.0703125 0.47413793103448276
18 0.22265625 0.3620689655172414 0.064453125 0.45689655172413796
18 0.2890625 0.43103448275862066 0.083984375 0.49137931034482757
18 0.33984375 0.4396551724137931 0.0625 0.41379310344827586