18 0.37109375 0.6451612903225806 0.080078125 0.22580645161290322
18 0.30078125 0.6653225806451613 0.0703125 0.2217741935483871
18 0.251953125 0.7016129032258065 0.07421875 0.2217741935483871
18 0.19140625 0.7459677419354839 0.076171875 0.2217741935483871
18 0.125 0.7903225806451613 0.076171875 0.23387096774193547
18 0.0703125 0.8387096774193549 0.107421875 0.2217741935483871
18 0.96875 0.1975806451612903 0.052734375 0.23790322580645162
18 0.92578125 0.22580645161290322 0.0625 0.2217741935483871
18 0.875 0.25 0.056640625 0.20967741935483872
18 0.837890625 0.28225806451612906 0.05859375 0.2217741935483871
18 0.7890625 0.31451612903225806 0.064453125 0.20161290322580644
18 0.73046875 0.3548387096774194 0.11328125 0.24596774193548387
18 0.67578125 0.39919354838709675 0.064453125 0.20967741935483872
18 0.607421875 0.4475806451612903 0.130859375 0.25806451612903225
18 0.541015625 0.5040322580645161 0.0703125 0.23387096774193547
18 0.48046875 0.532258064516129 0.0859375 0.23790322580645162
18 0.423828125 0.5806451612903226 0.087890625 0.21370967741935484