18 0.068359375 0.4507042253521127 0.107421875 0.6690140845070423
18 0.138671875 0.45774647887323944 0.078125 0.6408450704225352
18 0.1953125 0.47183098591549294 0.08203125 0.6408450704225352
18 0.314453125 0.4788732394366197 0.078125 0.6267605633802817
18 0.259765625 0.4859154929577465 0.07421875 0.6619718309859155
18 0.375 0.49295774647887325 0.068359375 0.6267605633802817
18 0.431640625 0.5070422535211268 0.072265625 0.647887323943662
18 0.482421875 0.5070422535211268 0.0859375 0.6408450704225352
18 0.5390625 0.5211267605633803 0.06640625 0.6408450704225352
18 0.591796875 0.5352112676056338 0.08203125 0.6408450704225352
18 0.64453125 0.5352112676056338 0.076171875 0.6267605633802817
18 0.791015625 0.5422535211267606 0.0703125 0.6197183098591549
18 0.693359375 0.5422535211267606 0.06640625 0.6126760563380281
18 0.74609375 0.5492957746478874 0.0703125 0.6267605633802817
18 0.845703125 0.5563380281690141 0.06640625 0.6126760563380281
18 0.890625 0.5704225352112676 0.064453125 0.5985915492957746
18 0.9375 0.5704225352112676 0.064453125 0.5915492957746479