18 0.109375 0.6120689655172413 0.06640625 0.4827586206896552
18 0.052734375 0.646551724137931 0.083984375 0.47413793103448276
18 0.94140625 0.35344827586206895 0.06640625 0.4482758620689655
18 0.888671875 0.3793103448275862 0.0625 0.4482758620689655
18 0.833984375 0.3879310344827586 0.060546875 0.43103448275862066
18 0.78125 0.41379310344827586 0.056640625 0.49137931034482757
18 0.67578125 0.4224137931034483 0.060546875 0.43103448275862066
18 0.728515625 0.4224137931034483 0.060546875 0.45689655172413796
18 0.6171875 0.45689655172413796 0.052734375 0.4827586206896552
18 0.564453125 0.4827586206896552 0.06640625 0.4396551724137931
18 0.513671875 0.49137931034482757 0.056640625 0.4482758620689655
18 0.455078125 0.5 0.0625 0.46551724137931033
18 0.40234375 0.5344827586206896 0.060546875 0.43103448275862066
18 0.34375 0.5431034482758621 0.0625 0.49137931034482757
18 0.283203125 0.5689655172413793 0.0625 0.45689655172413796
18 0.228515625 0.5862068965517241 0.064453125 0.4482758620689655
18 0.171875 0.603448275862069 0.080078125 0.49137931034482757