18 0.068359375 0.36666666666666664 0.0546875 0.3888888888888889
18 0.134765625 0.3888888888888889 0.078125 0.3888888888888889
18 0.20703125 0.4111111111111111 0.046875 0.36666666666666664
18 0.263671875 0.43333333333333335 0.060546875 0.3888888888888889
18 0.322265625 0.4444444444444444 0.052734375 0.4111111111111111
18 0.375 0.4666666666666667 0.05078125 0.3888888888888889
18 0.427734375 0.4888888888888889 0.0546875 0.4
18 0.48046875 0.4888888888888889 0.044921875 0.3888888888888889
18 0.53125 0.5333333333333333 0.048828125 0.3888888888888889
18 0.580078125 0.5333333333333333 0.048828125 0.4
18 0.6328125 0.5444444444444444 0.0546875 0.4222222222222222
18 0.685546875 0.5666666666666667 0.044921875 0.4111111111111111
18 0.736328125 0.5888888888888889 0.05078125 0.4111111111111111
18 0.78515625 0.5888888888888889 0.05078125 0.3888888888888889
18 0.8359375 0.6111111111111112 0.046875 0.36666666666666664
18 0.88671875 0.6333333333333333 0.048828125 0.4
18 0.939453125 0.6444444444444445 0.05078125 0.4