18 0.078125 0.32857142857142857 0.05078125 0.37857142857142856
18 0.1328125 0.35 0.05078125 0.36428571428571427
18 0.18359375 0.37142857142857144 0.0546875 0.36428571428571427
18 0.240234375 0.40714285714285714 0.056640625 0.4
18 0.291015625 0.45 0.0546875 0.40714285714285714
18 0.345703125 0.4642857142857143 0.0546875 0.4
18 0.400390625 0.4785714285714286 0.0546875 0.38571428571428573
18 0.44921875 0.5 0.0546875 0.38571428571428573
18 0.50390625 0.5285714285714286 0.0546875 0.38571428571428573
18 0.55859375 0.55 0.056640625 0.4
18 0.611328125 0.5928571428571429 0.0546875 0.37857142857142856
18 0.666015625 0.6142857142857143 0.056640625 0.37857142857142856
18 0.71875 0.6357142857142857 0.060546875 0.36428571428571427
18 0.7734375 0.6714285714285714 0.060546875 0.40714285714285714
18 0.826171875 0.6928571428571428 0.0546875 0.38571428571428573
18 0.880859375 0.7142857142857143 0.060546875 0.38571428571428573
18 0.939453125 0.7357142857142858 0.060546875 0.37857142857142856