18 0.060546875 0.45 0.05859375 0.57
18 0.234375 0.46 0.0546875 0.54
18 0.34765625 0.46 0.064453125 0.55
18 0.62109375 0.47 0.052734375 0.58
18 0.564453125 0.47 0.056640625 0.57
18 0.2890625 0.48 0.064453125 0.54
18 0.505859375 0.48 0.0546875 0.54
18 0.673828125 0.48 0.0546875 0.54
18 0.724609375 0.48 0.052734375 0.58
18 0.7734375 0.48 0.056640625 0.58
18 0.173828125 0.48 0.06640625 0.5
18 0.455078125 0.48 0.048828125 0.53
18 0.11328125 0.48 0.052734375 0.51
18 0.82421875 0.49 0.046875 0.62
18 0.404296875 0.5 0.052734375 0.54
18 0.873046875 0.5 0.05859375 0.58
18 0.923828125 0.5 0.05078125 0.6