18 0.814453125 0.4596774193548387 0.068359375 0.41935483870967744
18 0.859375 0.4596774193548387 0.060546875 0.47580645161290325
18 0.90234375 0.4596774193548387 0.068359375 0.47580645161290325
18 0.71484375 0.47580645161290325 0.046875 0.45161290322580644
18 0.6640625 0.47580645161290325 0.0546875 0.45161290322580644
18 0.765625 0.49193548387096775 0.068359375 0.47580645161290325
18 0.5703125 0.49193548387096775 0.060546875 0.41935483870967744
18 0.619140625 0.49193548387096775 0.046875 0.41935483870967744
18 0.375 0.5080645161290323 0.068359375 0.45161290322580644
18 0.423828125 0.5080645161290323 0.0546875 0.45161290322580644
18 0.5234375 0.5080645161290323 0.060546875 0.45161290322580644
18 0.46875 0.5161290322580645 0.060546875 0.47580645161290325
18 0.3203125 0.532258064516129 0.068359375 0.45161290322580644
18 0.173828125 0.5483870967741935 0.060546875 0.47580645161290325
18 0.26953125 0.5483870967741935 0.060546875 0.41935483870967744
18 0.109375 0.5645161290322581 0.08203125 0.45161290322580644
18 0.21875 0.5645161290322581 0.0546875 0.45161290322580644