18 0.109375 0.37209302325581395 0.10546875 0.36046511627906974
18 0.1875 0.42441860465116277 0.0625 0.37790697674418605
18 0.24609375 0.4418604651162791 0.0625 0.37790697674418605
18 0.302734375 0.46511627906976744 0.0625 0.37790697674418605
18 0.3671875 0.4883720930232558 0.0625 0.37790697674418605
18 0.419921875 0.5290697674418605 0.0703125 0.37790697674418605
18 0.474609375 0.5465116279069767 0.056640625 0.4011627906976744
18 0.52734375 0.5581395348837209 0.056640625 0.36046511627906974
18 0.58203125 0.5813953488372093 0.048828125 0.36046511627906974
18 0.626953125 0.6046511627906976 0.056640625 0.36046511627906974
18 0.677734375 0.622093023255814 0.056640625 0.36046511627906974
18 0.728515625 0.6569767441860465 0.056640625 0.3372093023255814
18 0.76953125 0.6569767441860465 0.041015625 0.3372093023255814
18 0.806640625 0.6802325581395349 0.056640625 0.3372093023255814
18 0.853515625 0.6976744186046512 0.048828125 0.3372093023255814
18 0.9453125 0.7209302325581395 0.048828125 0.3372093023255814
18 0.90234375 0.7325581395348837 0.048828125 0.36046511627906974