18 0.0859375 0.4528301886792453 0.09765625 0.5283018867924528
18 0.220703125 0.46226415094339623 0.060546875 0.5094339622641509
18 0.1640625 0.4716981132075472 0.05859375 0.49056603773584906
18 0.271484375 0.4716981132075472 0.046875 0.49056603773584906
18 0.443359375 0.49056603773584906 0.0546875 0.49056603773584906
18 0.326171875 0.49056603773584906 0.060546875 0.49056603773584906
18 0.392578125 0.5 0.060546875 0.4716981132075472
18 0.494140625 0.5 0.05859375 0.4716981132075472
18 0.546875 0.5 0.0546875 0.5094339622641509
18 0.9453125 0.5 0.0546875 0.4716981132075472
18 0.599609375 0.5094339622641509 0.05859375 0.4528301886792453
18 0.650390625 0.5094339622641509 0.05859375 0.49056603773584906
18 0.701171875 0.5094339622641509 0.0546875 0.4528301886792453
18 0.75 0.5094339622641509 0.04296875 0.4528301886792453
18 0.80078125 0.5094339622641509 0.05078125 0.49056603773584906
18 0.8515625 0.5094339622641509 0.04296875 0.49056603773584906
18 0.900390625 0.5094339622641509 0.05078125 0.49056603773584906