18 0.103515625 0.44666666666666666 0.095703125 0.52
18 0.251953125 0.4666666666666667 0.064453125 0.52
18 0.185546875 0.47333333333333333 0.064453125 0.5333333333333333
18 0.302734375 0.47333333333333333 0.0546875 0.5333333333333333
18 0.35546875 0.4866666666666667 0.060546875 0.52
18 0.462890625 0.49333333333333335 0.05078125 0.5
18 0.4140625 0.5 0.064453125 0.52
18 0.51953125 0.52 0.05078125 0.4866666666666667
18 0.568359375 0.5266666666666666 0.044921875 0.5
18 0.61328125 0.5333333333333333 0.044921875 0.4866666666666667
18 0.748046875 0.5466666666666666 0.05078125 0.4666666666666667
18 0.66015625 0.5533333333333333 0.0546875 0.4866666666666667
18 0.708984375 0.5533333333333333 0.05078125 0.4866666666666667
18 0.796875 0.5533333333333333 0.044921875 0.44666666666666666
18 0.84375 0.5733333333333334 0.044921875 0.44666666666666666
18 0.88671875 0.5866666666666667 0.05078125 0.44666666666666666
18 0.9296875 0.5866666666666667 0.044921875 0.44666666666666666