18 0.095703125 0.45689655172413796 0.087890625 0.45689655172413796
18 0.171875 0.4827586206896552 0.05078125 0.45689655172413796
18 0.27734375 0.4827586206896552 0.046875 0.45689655172413796
18 0.6015625 0.49137931034482757 0.046875 0.43103448275862066
18 0.228515625 0.49137931034482757 0.05078125 0.4827586206896552
18 0.337890625 0.5 0.05078125 0.45689655172413796
18 0.39453125 0.5 0.05078125 0.45689655172413796
18 0.455078125 0.5 0.046875 0.45689655172413796
18 0.5546875 0.5172413793103449 0.046875 0.43103448275862066
18 0.658203125 0.5172413793103449 0.046875 0.43103448275862066
18 0.705078125 0.5172413793103449 0.056640625 0.43103448275862066
18 0.50390625 0.5172413793103449 0.05078125 0.43103448275862066
18 0.75390625 0.5258620689655172 0.05078125 0.41379310344827586
18 0.806640625 0.5258620689655172 0.041015625 0.41379310344827586
18 0.8515625 0.5258620689655172 0.03515625 0.41379310344827586
18 0.90234375 0.5344827586206896 0.046875 0.43103448275862066
18 0.947265625 0.5344827586206896 0.041015625 0.43103448275862066