18 0.158203125 0.4642857142857143 0.044921875 0.44642857142857145
18 0.08203125 0.4732142857142857 0.09765625 0.44642857142857145
18 0.21484375 0.4732142857142857 0.044921875 0.4642857142857143
18 0.265625 0.48214285714285715 0.048828125 0.44642857142857145
18 0.32421875 0.48214285714285715 0.056640625 0.48214285714285715
18 0.390625 0.48214285714285715 0.056640625 0.44642857142857145
18 0.501953125 0.49107142857142855 0.048828125 0.42857142857142855
18 0.44921875 0.5 0.044921875 0.44642857142857145
18 0.6015625 0.5 0.044921875 0.44642857142857145
18 0.55078125 0.5089285714285714 0.048828125 0.42857142857142855
18 0.701171875 0.5089285714285714 0.03515625 0.42857142857142855
18 0.849609375 0.5089285714285714 0.044921875 0.42857142857142855
18 0.939453125 0.5089285714285714 0.041015625 0.42857142857142855
18 0.896484375 0.5178571428571429 0.041015625 0.42857142857142855
18 0.751953125 0.5178571428571429 0.041015625 0.44642857142857145
18 0.65625 0.5178571428571429 0.044921875 0.44642857142857145
18 0.80078125 0.5178571428571429 0.041015625 0.44642857142857145