18 0.111328125 0.41346153846153844 0.083984375 0.5192307692307693
18 0.275390625 0.41346153846153844 0.0625 0.5192307692307693
18 0.22265625 0.4230769230769231 0.052734375 0.49038461538461536
18 0.328125 0.4230769230769231 0.052734375 0.49038461538461536
18 0.177734375 0.4423076923076923 0.046875 0.5192307692307693
18 0.53125 0.4519230769230769 0.052734375 0.49038461538461536
18 0.3828125 0.4519230769230769 0.0625 0.5480769230769231
18 0.478515625 0.4519230769230769 0.052734375 0.5480769230769231
18 0.58203125 0.47115384615384615 0.046875 0.5673076923076923
18 0.673828125 0.47115384615384615 0.052734375 0.5673076923076923
18 0.818359375 0.4807692307692308 0.0625 0.5961538461538461
18 0.431640625 0.4807692307692308 0.046875 0.5480769230769231
18 0.62890625 0.49038461538461536 0.056640625 0.5192307692307693
18 0.720703125 0.49038461538461536 0.056640625 0.5192307692307693
18 0.916015625 0.49038461538461536 0.056640625 0.5673076923076923
18 0.865234375 0.5096153846153846 0.052734375 0.5480769230769231
18 0.76953125 0.5192307692307693 0.052734375 0.5673076923076923