18 0.447265625 0.4807692307692308 0.076171875 0.4807692307692308
18 0.068359375 0.4807692307692308 0.072265625 0.5192307692307693
18 0.181640625 0.4807692307692308 0.052734375 0.4807692307692308
18 0.23046875 0.4807692307692308 0.052734375 0.4807692307692308
18 0.51171875 0.49038461538461536 0.0390625 0.46153846153846156
18 0.56640625 0.49038461538461536 0.052734375 0.46153846153846156
18 0.1328125 0.49038461538461536 0.052734375 0.46153846153846156
18 0.283203125 0.49038461538461536 0.052734375 0.46153846153846156
18 0.337890625 0.49038461538461536 0.052734375 0.46153846153846156
18 0.390625 0.49038461538461536 0.052734375 0.5
18 0.619140625 0.5 0.052734375 0.4807692307692308
18 0.7265625 0.5 0.052734375 0.4807692307692308
18 0.673828125 0.5 0.052734375 0.5
18 0.779296875 0.5192307692307693 0.052734375 0.4807692307692308
18 0.830078125 0.5192307692307693 0.048828125 0.4807692307692308
18 0.884765625 0.5288461538461539 0.056640625 0.5
18 0.94140625 0.5384615384615384 0.056640625 0.4807692307692308