18 0.59375 0.5294117647058824 0.064453125 0.3333333333333333
18 0.65625 0.5588235294117647 0.048828125 0.3137254901960784
18 0.70703125 0.5882352941176471 0.04296875 0.3137254901960784
18 0.7578125 0.6078431372549019 0.04296875 0.30392156862745096
18 0.80859375 0.6372549019607843 0.04296875 0.3137254901960784
18 0.857421875 0.6666666666666666 0.046875 0.3235294117647059
18 0.90625 0.6862745098039216 0.04296875 0.29411764705882354
18 0.95703125 0.7058823529411765 0.04296875 0.30392156862745096
18 0.060546875 0.2647058823529412 0.05859375 0.3431372549019608
18 0.13671875 0.30392156862745096 0.07421875 0.3627450980392157
18 0.203125 0.3431372549019608 0.044921875 0.3137254901960784
18 0.255859375 0.3627450980392157 0.048828125 0.3235294117647059
18 0.3125 0.39215686274509803 0.05078125 0.3235294117647059
18 0.3671875 0.4215686274509804 0.048828125 0.3235294117647059
18 0.423828125 0.4411764705882353 0.048828125 0.3137254901960784
18 0.4765625 0.47058823529411764 0.046875 0.3333333333333333
18 0.53125 0.49019607843137253 0.05078125 0.3235294117647059