18 0.3203125 0.3805970149253731 0.06640625 0.3358208955223881
18 0.376953125 0.39552238805970147 0.0625 0.31343283582089554
18 0.421875 0.44029850746268656 0.06640625 0.3283582089552239
18 0.48046875 0.4626865671641791 0.0703125 0.31343283582089554
18 0.537109375 0.5 0.078125 0.3283582089552239
18 0.58984375 0.5298507462686567 0.0625 0.3283582089552239
18 0.64453125 0.5671641791044776 0.048828125 0.3208955223880597
18 0.705078125 0.5970149253731343 0.064453125 0.31343283582089554
18 0.759765625 0.6268656716417911 0.0625 0.3208955223880597
18 0.81640625 0.6716417910447762 0.05859375 0.3358208955223881
18 0.876953125 0.6940298507462687 0.07421875 0.30597014925373134
18 0.93359375 0.7388059701492538 0.056640625 0.3358208955223881
18 0.0625 0.21641791044776118 0.06640625 0.34328358208955223
18 0.11328125 0.2537313432835821 0.060546875 0.3208955223880597
18 0.162109375 0.26865671641791045 0.052734375 0.3283582089552239
18 0.212890625 0.29850746268656714 0.068359375 0.3208955223880597
18 0.263671875 0.3358208955223881 0.06640625 0.29850746268656714