18 0.078125 0.36666666666666664 0.076171875 0.4444444444444444
18 0.150390625 0.4 0.06640625 0.4444444444444444
18 0.197265625 0.4111111111111111 0.04296875 0.4444444444444444
18 0.24609375 0.4222222222222222 0.05078125 0.43333333333333335
18 0.29296875 0.4222222222222222 0.056640625 0.4111111111111111
18 0.341796875 0.4444444444444444 0.05078125 0.4
18 0.451171875 0.4777777777777778 0.06640625 0.4222222222222222
18 0.396484375 0.5 0.056640625 0.43333333333333335
18 0.50390625 0.5222222222222223 0.05078125 0.4
18 0.564453125 0.5222222222222223 0.076171875 0.43333333333333335
18 0.626953125 0.5444444444444444 0.060546875 0.43333333333333335
18 0.6796875 0.5666666666666667 0.0546875 0.43333333333333335
18 0.734375 0.5888888888888889 0.060546875 0.4111111111111111
18 0.779296875 0.6 0.052734375 0.4444444444444444
18 0.830078125 0.6222222222222222 0.060546875 0.4111111111111111
18 0.880859375 0.6444444444444445 0.056640625 0.4
18 0.939453125 0.6444444444444445 0.068359375 0.43333333333333335