18 0.818359375 0.46875 0.04296875 0.46875
18 0.90625 0.46875 0.04296875 0.46875
18 0.951171875 0.46875 0.05078125 0.46875
18 0.677734375 0.4895833333333333 0.0546875 0.5
18 0.775390625 0.4895833333333333 0.04296875 0.46875
18 0.08203125 0.4895833333333333 0.10546875 0.5833333333333334
18 0.861328125 0.4895833333333333 0.0390625 0.46875
18 0.3125 0.4895833333333333 0.05859375 0.5833333333333334
18 0.53125 0.5 0.046875 0.5208333333333334
18 0.578125 0.5 0.046875 0.4895833333333333
18 0.626953125 0.5 0.04296875 0.4895833333333333
18 0.73046875 0.5 0.04296875 0.4895833333333333
18 0.369140625 0.5 0.0546875 0.5416666666666666
18 0.423828125 0.5 0.0546875 0.5416666666666666
18 0.478515625 0.5 0.046875 0.5416666666666666
18 0.169921875 0.5 0.068359375 0.5833333333333334
18 0.24609375 0.5 0.064453125 0.5833333333333334