18 0.87890625 0.42857142857142855 0.044921875 0.47959183673469385
18 0.9296875 0.42857142857142855 0.0546875 0.47959183673469385
18 0.78515625 0.45918367346938777 0.03515625 0.47959183673469385
18 0.833984375 0.45918367346938777 0.05078125 0.47959183673469385
18 0.734375 0.46938775510204084 0.0546875 0.45918367346938777
18 0.58984375 0.47959183673469385 0.041015625 0.47959183673469385
18 0.68359375 0.47959183673469385 0.044921875 0.47959183673469385
18 0.630859375 0.4897959183673469 0.041015625 0.45918367346938777
18 0.48828125 0.5102040816326531 0.05078125 0.45918367346938777
18 0.541015625 0.5102040816326531 0.0546875 0.45918367346938777
18 0.390625 0.5102040816326531 0.05859375 0.45918367346938777
18 0.44140625 0.5102040816326531 0.041015625 0.45918367346938777
18 0.34375 0.5306122448979592 0.05078125 0.47959183673469385
18 0.15625 0.5510204081632653 0.0546875 0.47959183673469385
18 0.2265625 0.5510204081632653 0.08203125 0.47959183673469385
18 0.29296875 0.5510204081632653 0.05078125 0.47959183673469385
18 0.095703125 0.5612244897959183 0.072265625 0.45918367346938777