18 0.087890625 0.44339622641509435 0.091796875 0.46226415094339623
18 0.15234375 0.4528301886792453 0.05859375 0.49056603773584906
18 0.212890625 0.46226415094339623 0.068359375 0.5188679245283019
18 0.263671875 0.46226415094339623 0.052734375 0.5188679245283019
18 0.314453125 0.46226415094339623 0.05859375 0.5188679245283019
18 0.36328125 0.4811320754716981 0.05859375 0.49056603773584906
18 0.630859375 0.49056603773584906 0.064453125 0.5188679245283019
18 0.57421875 0.5 0.05859375 0.5471698113207547
18 0.6796875 0.5 0.052734375 0.49056603773584906
18 0.41796875 0.5 0.05859375 0.49056603773584906
18 0.466796875 0.5 0.05859375 0.49056603773584906
18 0.734375 0.5188679245283019 0.052734375 0.46226415094339623
18 0.521484375 0.5188679245283019 0.05859375 0.46226415094339623
18 0.884765625 0.5283018867924528 0.052734375 0.44339622641509435
18 0.783203125 0.5471698113207547 0.052734375 0.46226415094339623
18 0.83203125 0.5471698113207547 0.064453125 0.46226415094339623
18 0.931640625 0.5471698113207547 0.05859375 0.46226415094339623