18 0.095703125 0.4666666666666667 0.103515625 0.5333333333333333
18 0.173828125 0.48 0.06640625 0.6066666666666667
18 0.24609375 0.48 0.05859375 0.6066666666666667
18 0.30859375 0.5066666666666667 0.08203125 0.56
18 0.427734375 0.52 0.05078125 0.5333333333333333
18 0.513671875 0.52 0.05859375 0.48
18 0.375 0.5333333333333333 0.08203125 0.5066666666666667
18 0.46875 0.5466666666666666 0.04296875 0.48
18 0.5625 0.5466666666666666 0.037109375 0.48
18 0.599609375 0.5466666666666666 0.06640625 0.48
18 0.796875 0.56 0.04296875 0.4533333333333333
18 0.70703125 0.56 0.05859375 0.4533333333333333
18 0.923828125 0.5666666666666667 0.029296875 0.4266666666666667
18 0.65625 0.5666666666666667 0.05859375 0.48
18 0.841796875 0.58 0.04296875 0.4533333333333333
18 0.890625 0.58 0.05078125 0.4066666666666667
18 0.755859375 0.5933333333333334 0.05078125 0.48