18 0.935546875 0.2457627118644068 0.0625 0.288135593220339
18 0.892578125 0.2627118644067797 0.0625 0.2966101694915254
18 0.857421875 0.2966101694915254 0.046875 0.3220338983050847
18 0.826171875 0.3135593220338983 0.046875 0.3093220338983051
18 0.791015625 0.3389830508474576 0.052734375 0.3093220338983051
18 0.73828125 0.3686440677966102 0.0625 0.2966101694915254
18 0.6953125 0.3898305084745763 0.0625 0.2966101694915254
18 0.650390625 0.423728813559322 0.056640625 0.2966101694915254
18 0.60546875 0.4364406779661017 0.052734375 0.2966101694915254
18 0.560546875 0.4703389830508475 0.056640625 0.3220338983050847
18 0.515625 0.4957627118644068 0.07421875 0.3220338983050847
18 0.47265625 0.5423728813559322 0.0625 0.3220338983050847
18 0.419921875 0.5805084745762712 0.083984375 0.3093220338983051
18 0.33203125 0.6271186440677966 0.12109375 0.288135593220339
18 0.26171875 0.6949152542372882 0.078125 0.3093220338983051
18 0.185546875 0.7203389830508474 0.083984375 0.3093220338983051
18 0.099609375 0.7542372881355932 0.10546875 0.3093220338983051