18 0.951171875 0.4148936170212766 0.048828125 0.5106382978723404
18 0.896484375 0.43617021276595747 0.05859375 0.5106382978723404
18 0.837890625 0.44680851063829785 0.0546875 0.48936170212765956
18 0.78125 0.4574468085106383 0.052734375 0.5106382978723404
18 0.72265625 0.46808510638297873 0.060546875 0.5106382978723404
18 0.666015625 0.46808510638297873 0.060546875 0.46808510638297873
18 0.607421875 0.5 0.052734375 0.5106382978723404
18 0.544921875 0.5 0.072265625 0.48936170212765956
18 0.484375 0.5 0.0546875 0.4574468085106383
18 0.373046875 0.5106382978723404 0.048828125 0.5
18 0.3203125 0.5319148936170213 0.060546875 0.48936170212765956
18 0.26171875 0.5425531914893617 0.05078125 0.5
18 0.431640625 0.5531914893617021 0.0625 0.574468085106383
18 0.20703125 0.5638297872340425 0.0546875 0.5212765957446809
18 0.150390625 0.5638297872340425 0.05859375 0.5
18 0.09375 0.574468085106383 0.0546875 0.46808510638297873
18 0.041015625 0.574468085106383 0.05859375 0.5