18 0.294921875 0.34459459459459457 0.0546875 0.2702702702702703
18 0.349609375 0.38513513513513514 0.0546875 0.27702702702702703
18 0.400390625 0.43243243243243246 0.044921875 0.25675675675675674
18 0.45703125 0.47297297297297297 0.05859375 0.2635135135135135
18 0.51171875 0.5135135135135135 0.056640625 0.28378378378378377
18 0.56640625 0.5608108108108109 0.060546875 0.2702702702702703
18 0.623046875 0.6081081081081081 0.0625 0.2702702702702703
18 0.67578125 0.6486486486486487 0.0546875 0.25675675675675674
18 0.728515625 0.6959459459459459 0.060546875 0.25
18 0.787109375 0.7297297297297297 0.056640625 0.24324324324324326
18 0.83984375 0.777027027027027 0.060546875 0.2635135135135135
18 0.890625 0.8243243243243243 0.05859375 0.25675675675675674
18 0.9453125 0.8581081081081081 0.064453125 0.24324324324324326
18 0.072265625 0.16216216216216217 0.0546875 0.28378378378378377
18 0.12890625 0.20270270270270271 0.060546875 0.2905405405405405
18 0.181640625 0.25675675675675674 0.05859375 0.27702702702702703
18 0.23828125 0.3108108108108108 0.056640625 0.28378378378378377