18 0.263671875 0.2854077253218884 0.087890625 0.13733905579399142
18 0.3125 0.33261802575107297 0.078125 0.12446351931330472
18 0.359375 0.36909871244635195 0.078125 0.11587982832618025
18 0.40234375 0.40772532188841204 0.07421875 0.12446351931330472
18 0.435546875 0.43776824034334766 0.08984375 0.12446351931330472
18 0.482421875 0.48497854077253216 0.0859375 0.11587982832618025
18 0.544921875 0.5321888412017167 0.1015625 0.1459227467811159
18 0.59765625 0.5836909871244635 0.0859375 0.11587982832618025
18 0.650390625 0.630901287553648 0.0859375 0.12446351931330472
18 0.69921875 0.6781115879828327 0.091796875 0.1223175965665236
18 0.763671875 0.7103004291845494 0.1015625 0.1223175965665236
18 0.810546875 0.7746781115879828 0.091796875 0.13090128755364808
18 0.86328125 0.8175965665236051 0.091796875 0.12660944206008584
18 0.919921875 0.869098712446352 0.103515625 0.1351931330472103
18 0.130859375 0.1609442060085837 0.083984375 0.12875536480686695
18 0.17578125 0.19742489270386265 0.08984375 0.12660944206008584
18 0.2109375 0.24678111587982832 0.0859375 0.1223175965665236