18 0.94921875 0.43137254901960786 0.056640625 0.5882352941176471
18 0.732421875 0.4411764705882353 0.056640625 0.5686274509803921
18 0.78515625 0.4411764705882353 0.048828125 0.5686274509803921
18 0.89453125 0.45098039215686275 0.052734375 0.5882352941176471
18 0.83984375 0.47058823529411764 0.048828125 0.5882352941176471
18 0.52734375 0.4803921568627451 0.052734375 0.5686274509803921
18 0.58203125 0.4803921568627451 0.048828125 0.5980392156862745
18 0.67578125 0.4803921568627451 0.048828125 0.5980392156862745
18 0.474609375 0.5 0.052734375 0.5686274509803921
18 0.41796875 0.5098039215686274 0.052734375 0.5294117647058824
18 0.24609375 0.5098039215686274 0.044921875 0.5686274509803921
18 0.302734375 0.5098039215686274 0.05859375 0.5980392156862745
18 0.359375 0.5196078431372549 0.05859375 0.5490196078431373
18 0.13671875 0.5196078431372549 0.06640625 0.5490196078431373
18 0.1953125 0.5196078431372549 0.0625 0.5882352941176471
18 0.630859375 0.5294117647058824 0.044921875 0.6764705882352942
18 0.06640625 0.5392156862745098 0.083984375 0.5882352941176471