18 0.080078125 0.38524590163934425 0.087890625 0.5245901639344263
18 0.154296875 0.4098360655737705 0.05859375 0.5081967213114754
18 0.2109375 0.4426229508196721 0.052734375 0.5245901639344263
18 0.267578125 0.45081967213114754 0.052734375 0.5
18 0.322265625 0.47540983606557374 0.052734375 0.5
18 0.375 0.47540983606557374 0.052734375 0.48360655737704916
18 0.43359375 0.5 0.052734375 0.4672131147540984
18 0.48828125 0.5081967213114754 0.0546875 0.48360655737704916
18 0.54296875 0.5327868852459017 0.048828125 0.48360655737704916
18 0.591796875 0.5491803278688525 0.03125 0.4672131147540984
18 0.65625 0.5491803278688525 0.0625 0.4672131147540984
18 0.7109375 0.5573770491803278 0.052734375 0.45081967213114754
18 0.814453125 0.5655737704918032 0.048828125 0.4672131147540984
18 0.763671875 0.5737704918032787 0.052734375 0.48360655737704916
18 0.869140625 0.5901639344262295 0.048828125 0.45081967213114754
18 0.921875 0.5983606557377049 0.048828125 0.48360655737704916
18 0.97265625 0.5983606557377049 0.044921875 0.48360655737704916