18 0.908203125 0.4453125 0.064453125 0.4921875
18 0.8046875 0.4609375 0.064453125 0.4609375
18 0.857421875 0.4609375 0.05078125 0.4609375
18 0.7578125 0.4765625 0.056640625 0.4921875
18 0.703125 0.4921875 0.05078125 0.4609375
18 0.458984375 0.5078125 0.04296875 0.4921875
18 0.505859375 0.5078125 0.05078125 0.4375
18 0.55078125 0.5078125 0.05078125 0.4921875
18 0.65625 0.5078125 0.056640625 0.4921875
18 0.09375 0.5234375 0.1015625 0.5234375
18 0.166015625 0.5234375 0.056640625 0.4609375
18 0.26953125 0.5234375 0.04296875 0.5234375
18 0.21875 0.5390625 0.056640625 0.4921875
18 0.3203125 0.5390625 0.056640625 0.4375
18 0.3671875 0.5390625 0.05078125 0.4375
18 0.416015625 0.5390625 0.056640625 0.4921875
18 0.60546875 0.5390625 0.056640625 0.4921875