18 0.080078125 0.2916666666666667 0.078125 0.3392857142857143
18 0.138671875 0.3333333333333333 0.0546875 0.35119047619047616
18 0.193359375 0.35119047619047616 0.05859375 0.3392857142857143
18 0.2421875 0.3869047619047619 0.046875 0.3630952380952381
18 0.287109375 0.4166666666666667 0.0625 0.35119047619047616
18 0.341796875 0.44047619047619047 0.05859375 0.35119047619047616
18 0.388671875 0.44642857142857145 0.04296875 0.3392857142857143
18 0.4375 0.48214285714285715 0.04296875 0.3630952380952381
18 0.4921875 0.5 0.06640625 0.375
18 0.541015625 0.5238095238095238 0.04296875 0.3392857142857143
18 0.587890625 0.5714285714285714 0.0625 0.3869047619047619
18 0.642578125 0.5833333333333334 0.0546875 0.3392857142857143
18 0.705078125 0.5952380952380952 0.05078125 0.3392857142857143
18 0.755859375 0.6369047619047619 0.046875 0.375
18 0.80859375 0.6607142857142857 0.05078125 0.375
18 0.86328125 0.6904761904761905 0.046875 0.3630952380952381
18 0.919921875 0.7023809523809523 0.0625 0.3392857142857143