18 0.47265625 0.5523809523809524 0.072265625 0.22857142857142856
18 0.41796875 0.5761904761904761 0.0546875 0.20952380952380953
18 0.375 0.6095238095238096 0.046875 0.21904761904761905
18 0.328125 0.6476190476190476 0.0703125 0.21904761904761905
18 0.271484375 0.6952380952380952 0.068359375 0.19523809523809524
18 0.21875 0.7380952380952381 0.05859375 0.21428571428571427
18 0.158203125 0.7666666666666667 0.0625 0.19523809523809524
18 0.103515625 0.819047619047619 0.0625 0.17142857142857143
18 0.05859375 0.8571428571428571 0.056640625 0.19047619047619047
18 0.88671875 0.20476190476190476 0.048828125 0.19523809523809524
18 0.833984375 0.24285714285714285 0.052734375 0.18095238095238095
18 0.787109375 0.29523809523809524 0.064453125 0.20476190476190476
18 0.734375 0.3333333333333333 0.0625 0.20476190476190476
18 0.68359375 0.37142857142857144 0.0625 0.21904761904761905
18 0.63671875 0.3952380952380952 0.044921875 0.20476190476190476
18 0.58984375 0.44285714285714284 0.0625 0.19523809523809524
18 0.53125 0.4857142857142857 0.0859375 0.20952380952380953