18 0.9296875 0.4166666666666667 0.0546875 0.5075757575757576
18 0.884765625 0.42424242424242425 0.05078125 0.5075757575757576
18 0.83984375 0.4318181818181818 0.046875 0.5227272727272727
18 0.796875 0.4393939393939394 0.056640625 0.5227272727272727
18 0.75390625 0.4696969696969697 0.04296875 0.5075757575757576
18 0.7109375 0.4696969696969697 0.056640625 0.5454545454545454
18 0.66015625 0.4772727272727273 0.0703125 0.5075757575757576
18 0.58203125 0.49242424242424243 0.09375 0.5227272727272727
18 0.521484375 0.5075757575757576 0.0546875 0.5227272727272727
18 0.46875 0.5151515151515151 0.08203125 0.5227272727272727
18 0.4140625 0.5303030303030303 0.0546875 0.5227272727272727
18 0.3671875 0.5454545454545454 0.0546875 0.5303030303030303
18 0.263671875 0.5606060606060606 0.0703125 0.5227272727272727
18 0.314453125 0.5606060606060606 0.060546875 0.5303030303030303
18 0.205078125 0.5681818181818182 0.080078125 0.5227272727272727
18 0.14453125 0.5909090909090909 0.07421875 0.5227272727272727
18 0.076171875 0.5984848484848485 0.087890625 0.5075757575757576