18 0.283203125 0.475 0.068359375 0.7125
18 0.16015625 0.475 0.06640625 0.7125
18 0.103515625 0.4875 0.0625 0.7125
18 0.224609375 0.4875 0.06640625 0.675
18 0.373046875 0.4875 0.052734375 0.6875
18 0.55078125 0.4875 0.083984375 0.7125
18 0.482421875 0.5 0.0703125 0.7125
18 0.427734375 0.5 0.068359375 0.7125
18 0.048828125 0.5 0.0625 0.7125
18 0.3359375 0.5 0.048828125 0.6875
18 0.619140625 0.5 0.06640625 0.7125
18 0.73046875 0.5 0.068359375 0.6875
18 0.892578125 0.5125 0.076171875 0.7125
18 0.67578125 0.5125 0.072265625 0.6875
18 0.78515625 0.5125 0.072265625 0.6875
18 0.83984375 0.5375 0.072265625 0.7
18 0.94921875 0.5375 0.06640625 0.6625