18 0.947265625 0.46511627906976744 0.064453125 0.5581395348837209
18 0.8203125 0.46511627906976744 0.064453125 0.5116279069767442
18 0.8828125 0.47674418604651164 0.060546875 0.5116279069767442
18 0.76171875 0.47674418604651164 0.056640625 0.5116279069767442
18 0.70703125 0.4883720930232558 0.060546875 0.5232558139534884
18 0.642578125 0.5116279069767442 0.064453125 0.5232558139534884
18 0.5859375 0.5116279069767442 0.0546875 0.5
18 0.3984375 0.5232558139534884 0.052734375 0.5
18 0.521484375 0.5232558139534884 0.072265625 0.5116279069767442
18 0.45703125 0.5232558139534884 0.064453125 0.5116279069767442
18 0.3515625 0.5348837209302325 0.0390625 0.5116279069767442
18 0.3125 0.5348837209302325 0.03515625 0.47674418604651164
18 0.16015625 0.5465116279069767 0.056640625 0.5116279069767442
18 0.265625 0.5465116279069767 0.05078125 0.5116279069767442
18 0.052734375 0.5465116279069767 0.044921875 0.5
18 0.2109375 0.5581395348837209 0.056640625 0.5116279069767442
18 0.107421875 0.5581395348837209 0.0546875 0.5116279069767442