18 0.224609375 0.6346153846153846 0.052734375 0.38461538461538464
18 0.17578125 0.6346153846153846 0.05078125 0.3269230769230769
18 0.111328125 0.6634615384615384 0.07421875 0.3173076923076923
18 0.048828125 0.6923076923076923 0.052734375 0.3173076923076923
18 0.943359375 0.3269230769230769 0.05859375 0.34615384615384615
18 0.880859375 0.3269230769230769 0.0546875 0.3557692307692308
18 0.82421875 0.36538461538461536 0.056640625 0.33653846153846156
18 0.767578125 0.3942307692307692 0.05078125 0.3269230769230769
18 0.71484375 0.41346153846153844 0.0546875 0.33653846153846156
18 0.662109375 0.4423076923076923 0.052734375 0.34615384615384615
18 0.607421875 0.4807692307692308 0.056640625 0.36538461538461536
18 0.54296875 0.4807692307692308 0.0625 0.34615384615384615
18 0.48828125 0.5288461538461539 0.05859375 0.36538461538461536
18 0.43359375 0.5384615384615384 0.052734375 0.3557692307692308
18 0.3828125 0.5480769230769231 0.05078125 0.3269230769230769
18 0.33203125 0.5961538461538461 0.056640625 0.38461538461538464
18 0.2734375 0.6057692307692307 0.0546875 0.34615384615384615