18 0.275390625 0.5480769230769231 0.056640625 0.4423076923076923
18 0.21875 0.5769230769230769 0.0625 0.4519230769230769
18 0.158203125 0.5865384615384616 0.064453125 0.4230769230769231
18 0.1015625 0.6057692307692307 0.056640625 0.4326923076923077
18 0.05078125 0.6346153846153846 0.052734375 0.4230769230769231
18 0.921875 0.34615384615384615 0.05859375 0.4519230769230769
18 0.861328125 0.375 0.0625 0.4230769230769231
18 0.8046875 0.3942307692307692 0.056640625 0.4519230769230769
18 0.74609375 0.40384615384615385 0.056640625 0.4423076923076923
18 0.6484375 0.4230769230769231 0.056640625 0.4519230769230769
18 0.69921875 0.4230769230769231 0.04296875 0.4230769230769231
18 0.595703125 0.4423076923076923 0.05859375 0.46153846153846156
18 0.53125 0.47115384615384615 0.072265625 0.4326923076923077
18 0.466796875 0.49038461538461536 0.0625 0.4326923076923077
18 0.416015625 0.5192307692307693 0.05859375 0.46153846153846156
18 0.3671875 0.5192307692307693 0.041015625 0.4519230769230769
18 0.326171875 0.5288461538461539 0.04296875 0.4326923076923077