18 0.927734375 0.3557692307692308 0.05078125 0.4230769230769231
18 0.880859375 0.36538461538461536 0.052734375 0.41346153846153844
18 0.8359375 0.375 0.05078125 0.41346153846153844
18 0.79296875 0.3942307692307692 0.046875 0.4230769230769231
18 0.74609375 0.3942307692307692 0.05078125 0.4326923076923077
18 0.701171875 0.4326923076923077 0.0546875 0.4230769230769231
18 0.654296875 0.4519230769230769 0.05078125 0.38461538461538464
18 0.603515625 0.47115384615384615 0.076171875 0.40384615384615385
18 0.533203125 0.5096153846153846 0.064453125 0.4326923076923077
18 0.47265625 0.5384615384615384 0.0703125 0.4423076923076923
18 0.421875 0.5480769230769231 0.044921875 0.4423076923076923
18 0.37109375 0.5576923076923077 0.0546875 0.4423076923076923
18 0.322265625 0.5961538461538461 0.056640625 0.41346153846153844
18 0.2734375 0.5961538461538461 0.05078125 0.4230769230769231
18 0.220703125 0.625 0.0625 0.4326923076923077
18 0.150390625 0.6442307692307693 0.09765625 0.3942307692307692
18 0.07421875 0.6634615384615384 0.07421875 0.41346153846153844