18 0.123046875 0.48214285714285715 0.08203125 0.6696428571428571
18 0.05859375 0.49107142857142855 0.07421875 0.6607142857142857
18 0.201171875 0.5089285714285714 0.078125 0.6607142857142857
18 0.265625 0.5089285714285714 0.068359375 0.6607142857142857
18 0.33203125 0.5089285714285714 0.0703125 0.6875
18 0.818359375 0.5178571428571429 0.0625 0.5625
18 0.958984375 0.5178571428571429 0.064453125 0.5089285714285714
18 0.501953125 0.5267857142857143 0.064453125 0.6160714285714286
18 0.658203125 0.5267857142857143 0.064453125 0.5803571428571429
18 0.400390625 0.5267857142857143 0.076171875 0.6517857142857143
18 0.451171875 0.5267857142857143 0.048828125 0.625
18 0.7109375 0.5267857142857143 0.0625 0.5625
18 0.607421875 0.5357142857142857 0.056640625 0.5714285714285714
18 0.76171875 0.5357142857142857 0.056640625 0.5892857142857143
18 0.86328125 0.5357142857142857 0.048828125 0.5357142857142857
18 0.556640625 0.5357142857142857 0.064453125 0.6517857142857143
18 0.908203125 0.5357142857142857 0.052734375 0.5714285714285714