18 0.982421875 0.17692307692307693 0.02734375 0.2076923076923077
18 0.935546875 0.18461538461538463 0.048828125 0.2153846153846154
18 0.8828125 0.2076923076923077 0.04296875 0.23076923076923078
18 0.83203125 0.23846153846153847 0.052734375 0.23846153846153847
18 0.78125 0.24615384615384617 0.041015625 0.23076923076923078
18 0.73046875 0.2846153846153846 0.052734375 0.2230769230769231
18 0.67578125 0.3 0.048828125 0.24615384615384617
18 0.6171875 0.33076923076923076 0.046875 0.24615384615384617
18 0.564453125 0.34615384615384615 0.044921875 0.23846153846153847
18 0.51171875 0.3769230769230769 0.041015625 0.24615384615384617
18 0.45703125 0.3923076923076923 0.05078125 0.24615384615384617
18 0.400390625 0.4230769230769231 0.046875 0.24615384615384617
18 0.34765625 0.45384615384615384 0.044921875 0.25384615384615383
18 0.294921875 0.46923076923076923 0.05078125 0.23846153846153847
18 0.23828125 0.5 0.04296875 0.23846153846153847
18 0.171875 0.5230769230769231 0.0703125 0.25384615384615383
18 0.10546875 0.5615384615384615 0.052734375 0.24615384615384617