18 0.56640625 0.5357142857142857 0.068359375 0.3482142857142857
18 0.630859375 0.5625 0.052734375 0.33035714285714285
18 0.685546875 0.5982142857142857 0.05078125 0.32142857142857145
18 0.736328125 0.625 0.046875 0.32142857142857145
18 0.7890625 0.6517857142857143 0.044921875 0.30357142857142855
18 0.84375 0.6785714285714286 0.046875 0.30357142857142855
18 0.89453125 0.6964285714285714 0.044921875 0.30357142857142855
18 0.947265625 0.7321428571428571 0.044921875 0.3125
18 0.056640625 0.23214285714285715 0.05078125 0.32142857142857145
18 0.126953125 0.25892857142857145 0.078125 0.30357142857142855
18 0.189453125 0.32142857142857145 0.046875 0.30357142857142855
18 0.23828125 0.33035714285714285 0.046875 0.32142857142857145
18 0.29296875 0.36607142857142855 0.046875 0.32142857142857145
18 0.34375 0.4107142857142857 0.046875 0.3392857142857143
18 0.400390625 0.4375 0.05078125 0.32142857142857145
18 0.451171875 0.4642857142857143 0.046875 0.3125
18 0.50390625 0.49107142857142855 0.052734375 0.33035714285714285