18 0.81640625 0.46621621621621623 0.05859375 0.46621621621621623
18 0.8671875 0.4797297297297297 0.05859375 0.49324324324324326
18 0.921875 0.4797297297297297 0.06640625 0.49324324324324326
18 0.685546875 0.49324324324324326 0.05078125 0.46621621621621623
18 0.732421875 0.49324324324324326 0.041015625 0.46621621621621623
18 0.76953125 0.49324324324324326 0.05078125 0.46621621621621623
18 0.109375 0.5067567567567568 0.06640625 0.49324324324324326
18 0.478515625 0.5067567567567568 0.05859375 0.49324324324324326
18 0.580078125 0.5067567567567568 0.05859375 0.49324324324324326
18 0.638671875 0.5067567567567568 0.076171875 0.49324324324324326
18 0.232421875 0.527027027027027 0.05859375 0.527027027027027
18 0.376953125 0.527027027027027 0.05859375 0.527027027027027
18 0.427734375 0.527027027027027 0.05859375 0.527027027027027
18 0.529296875 0.527027027027027 0.05859375 0.527027027027027
18 0.171875 0.5405405405405406 0.05859375 0.49324324324324326
18 0.283203125 0.5405405405405406 0.05859375 0.49324324324324326
18 0.333984375 0.5405405405405406 0.05859375 0.49324324324324326