18 0.884765625 0.4915254237288136 0.052734375 0.5254237288135594
18 0.935546875 0.4915254237288136 0.046875 0.5254237288135594
18 0.64453125 0.5 0.052734375 0.5423728813559322
18 0.7421875 0.5 0.04296875 0.5423728813559322
18 0.3203125 0.5 0.056640625 0.5
18 0.384765625 0.5 0.056640625 0.5423728813559322
18 0.490234375 0.5169491525423728 0.052734375 0.5677966101694916
18 0.541015625 0.5169491525423728 0.046875 0.5677966101694916
18 0.59375 0.5169491525423728 0.046875 0.5677966101694916
18 0.697265625 0.5169491525423728 0.037109375 0.5254237288135594
18 0.791015625 0.5169491525423728 0.052734375 0.5677966101694916
18 0.837890625 0.5169491525423728 0.046875 0.5254237288135594
18 0.443359375 0.5169491525423728 0.056640625 0.5677966101694916
18 0.083984375 0.5254237288135594 0.1015625 0.5423728813559322
18 0.162109375 0.5254237288135594 0.04296875 0.5
18 0.271484375 0.5254237288135594 0.046875 0.5
18 0.2109375 0.5338983050847458 0.052734375 0.5254237288135594