18 0.0859375 0.45161290322580644 0.091796875 0.5241935483870968
18 0.208984375 0.46774193548387094 0.056640625 0.5
18 0.310546875 0.47580645161290325 0.0625 0.47580645161290325
18 0.369140625 0.47580645161290325 0.0625 0.5241935483870968
18 0.41796875 0.47580645161290325 0.056640625 0.5241935483870968
18 0.15625 0.49193548387096775 0.056640625 0.5
18 0.263671875 0.49193548387096775 0.0625 0.5
18 0.470703125 0.49193548387096775 0.056640625 0.5
18 0.62890625 0.5161290322580645 0.0390625 0.5
18 0.525390625 0.5161290322580645 0.0625 0.5
18 0.568359375 0.5161290322580645 0.056640625 0.5
18 0.673828125 0.5241935483870968 0.056640625 0.47580645161290325
18 0.87109375 0.5241935483870968 0.056640625 0.47580645161290325
18 0.72265625 0.532258064516129 0.05078125 0.5
18 0.775390625 0.532258064516129 0.05078125 0.5
18 0.822265625 0.532258064516129 0.05078125 0.5
18 0.91796875 0.5483870967741935 0.056640625 0.47580645161290325