18 0.673828125 0.4520547945205479 0.060546875 0.4726027397260274
18 0.7734375 0.4520547945205479 0.0546875 0.5136986301369864
18 0.814453125 0.4520547945205479 0.060546875 0.4726027397260274
18 0.72265625 0.4589041095890411 0.0546875 0.4931506849315068
18 0.857421875 0.4589041095890411 0.0546875 0.4931506849315068
18 0.892578125 0.4589041095890411 0.0546875 0.4520547945205479
18 0.634765625 0.4726027397260274 0.05078125 0.4726027397260274
18 0.927734375 0.4794520547945205 0.05078125 0.4520547945205479
18 0.5859375 0.4931506849315068 0.06640625 0.5136986301369864
18 0.47265625 0.4931506849315068 0.06640625 0.5136986301369864
18 0.533203125 0.5 0.060546875 0.4931506849315068
18 0.103515625 0.5342465753424658 0.095703125 0.547945205479452
18 0.3515625 0.541095890410959 0.072265625 0.5342465753424658
18 0.419921875 0.541095890410959 0.072265625 0.5342465753424658
18 0.236328125 0.547945205479452 0.06640625 0.5136986301369864
18 0.18359375 0.5616438356164384 0.060546875 0.5342465753424658
18 0.294921875 0.5684931506849316 0.060546875 0.5136986301369864