18 0.94140625 0.2635135135135135 0.0390625 0.27702702702702703
18 0.8984375 0.2905405405405405 0.044921875 0.32432432432432434
18 0.85546875 0.30405405405405406 0.0390625 0.2972972972972973
18 0.8125 0.31756756756756754 0.044921875 0.2972972972972973
18 0.771484375 0.35135135135135137 0.044921875 0.2972972972972973
18 0.7265625 0.3716216216216216 0.044921875 0.3108108108108108
18 0.67578125 0.3918918918918919 0.03515625 0.3108108108108108
18 0.62890625 0.4189189189189189 0.05859375 0.3108108108108108
18 0.578125 0.4527027027027027 0.048828125 0.3108108108108108
18 0.51953125 0.47297297297297297 0.06640625 0.32432432432432434
18 0.455078125 0.5067567567567568 0.048828125 0.32432432432432434
18 0.40625 0.5337837837837838 0.048828125 0.34459459459459457
18 0.341796875 0.5608108108108109 0.06640625 0.34459459459459457
18 0.271484375 0.5945945945945946 0.052734375 0.34459459459459457
18 0.212890625 0.6283783783783784 0.052734375 0.34459459459459457
18 0.15625 0.6554054054054054 0.048828125 0.34459459459459457
18 0.078125 0.6891891891891891 0.0859375 0.3716216216216216