18 0.94140625 0.2866666666666667 0.044921875 0.32
18 0.900390625 0.3 0.044921875 0.32
18 0.85546875 0.32 0.044921875 0.3333333333333333
18 0.80859375 0.3333333333333333 0.048828125 0.30666666666666664
18 0.7578125 0.36 0.048828125 0.3333333333333333
18 0.708984375 0.38666666666666666 0.041015625 0.3333333333333333
18 0.658203125 0.4066666666666667 0.052734375 0.3466666666666667
18 0.603515625 0.4266666666666667 0.048828125 0.3466666666666667
18 0.556640625 0.4533333333333333 0.052734375 0.3466666666666667
18 0.505859375 0.47333333333333333 0.052734375 0.36
18 0.453125 0.5133333333333333 0.052734375 0.3333333333333333
18 0.392578125 0.5533333333333333 0.06640625 0.36
18 0.333984375 0.5866666666666667 0.0625 0.37333333333333335
18 0.267578125 0.6133333333333333 0.052734375 0.3466666666666667
18 0.216796875 0.64 0.056640625 0.36
18 0.162109375 0.6666666666666666 0.060546875 0.3333333333333333
18 0.078125 0.6866666666666666 0.08984375 0.3466666666666667