18 0.080078125 0.46938775510204084 0.099609375 0.5204081632653061
18 0.818359375 0.4897959183673469 0.052734375 0.4897959183673469
18 0.912109375 0.4897959183673469 0.046875 0.5204081632653061
18 0.162109375 0.4897959183673469 0.0625 0.5204081632653061
18 0.509765625 0.4897959183673469 0.052734375 0.5408163265306123
18 0.61328125 0.4897959183673469 0.05859375 0.5408163265306123
18 0.666015625 0.4897959183673469 0.056640625 0.5
18 0.71484375 0.4897959183673469 0.048828125 0.5
18 0.767578125 0.4897959183673469 0.046875 0.5
18 0.865234375 0.4897959183673469 0.046875 0.5
18 0.958984375 0.4897959183673469 0.046875 0.5
18 0.453125 0.5 0.056640625 0.5510204081632653
18 0.5625 0.5 0.052734375 0.5510204081632653
18 0.220703125 0.5 0.052734375 0.5510204081632653
18 0.396484375 0.5102040816326531 0.0625 0.5714285714285714
18 0.33203125 0.5102040816326531 0.0625 0.5408163265306123
18 0.2734375 0.5204081632653061 0.048828125 0.5510204081632653