18 0.890625 0.49107142857142855 0.05078125 0.41964285714285715
18 0.70703125 0.5089285714285714 0.044921875 0.44642857142857145
18 0.798828125 0.5089285714285714 0.056640625 0.44642857142857145
18 0.845703125 0.5089285714285714 0.056640625 0.4017857142857143
18 0.08984375 0.5089285714285714 0.087890625 0.44642857142857145
18 0.94140625 0.5089285714285714 0.05078125 0.4017857142857143
18 0.55078125 0.5178571428571429 0.056640625 0.4732142857142857
18 0.390625 0.5178571428571429 0.06640625 0.4732142857142857
18 0.453125 0.5178571428571429 0.056640625 0.4732142857142857
18 0.501953125 0.5178571428571429 0.05078125 0.4732142857142857
18 0.60546875 0.5267857142857143 0.060546875 0.44642857142857145
18 0.66015625 0.5267857142857143 0.056640625 0.44642857142857145
18 0.7578125 0.5267857142857143 0.06640625 0.44642857142857145
18 0.16796875 0.5267857142857143 0.06640625 0.44642857142857145
18 0.330078125 0.5267857142857143 0.072265625 0.49107142857142855
18 0.224609375 0.5446428571428571 0.056640625 0.4732142857142857
18 0.2734375 0.5446428571428571 0.05078125 0.5178571428571429