18 0.064453125 0.3793103448275862 0.05078125 0.4827586206896552
18 0.119140625 0.3879310344827586 0.056640625 0.4827586206896552
18 0.166015625 0.4051724137931034 0.046875 0.4482758620689655
18 0.22265625 0.41379310344827586 0.0625 0.47413793103448276
18 0.267578125 0.4396551724137931 0.05078125 0.47413793103448276
18 0.3203125 0.4396551724137931 0.056640625 0.47413793103448276
18 0.376953125 0.45689655172413796 0.046875 0.46551724137931033
18 0.421875 0.4827586206896552 0.056640625 0.5172413793103449
18 0.48046875 0.4827586206896552 0.060546875 0.49137931034482757
18 0.53515625 0.5 0.06640625 0.5086206896551724
18 0.591796875 0.5172413793103449 0.05859375 0.4827586206896552
18 0.693359375 0.5258620689655172 0.064453125 0.4482758620689655
18 0.642578125 0.5431034482758621 0.0546875 0.5172413793103449
18 0.751953125 0.5517241379310345 0.06640625 0.4827586206896552
18 0.810546875 0.5517241379310345 0.0546875 0.49137931034482757
18 0.86328125 0.5689655172413793 0.0546875 0.5172413793103449
18 0.923828125 0.5862068965517241 0.068359375 0.5