18 0.091796875 0.4166666666666667 0.076171875 0.5833333333333334
18 0.150390625 0.4375 0.0703125 0.5833333333333334
18 0.205078125 0.4444444444444444 0.064453125 0.5833333333333334
18 0.265625 0.4513888888888889 0.080078125 0.5694444444444444
18 0.32421875 0.4722222222222222 0.076171875 0.5625
18 0.3828125 0.4861111111111111 0.068359375 0.5486111111111112
18 0.435546875 0.4930555555555556 0.0703125 0.5694444444444444
18 0.48828125 0.5138888888888888 0.0703125 0.5625
18 0.541015625 0.5277777777777778 0.068359375 0.5694444444444444
18 0.595703125 0.5416666666666666 0.0703125 0.5833333333333334
18 0.64453125 0.5486111111111112 0.0625 0.5694444444444444
18 0.6953125 0.5555555555555556 0.064453125 0.5625
18 0.7421875 0.5694444444444444 0.0703125 0.5694444444444444
18 0.79296875 0.5763888888888888 0.064453125 0.5347222222222222
18 0.83984375 0.5833333333333334 0.0625 0.5486111111111112
18 0.884765625 0.6041666666666666 0.0625 0.5347222222222222
18 0.93359375 0.6180555555555556 0.064453125 0.5347222222222222