18 0.283203125 0.6644736842105263 0.0625 0.2631578947368421
18 0.228515625 0.7039473684210527 0.068359375 0.2565789473684211
18 0.1640625 0.7302631578947368 0.0546875 0.2631578947368421
18 0.111328125 0.7631578947368421 0.0625 0.26973684210526316
18 0.068359375 0.8026315789473685 0.056640625 0.24342105263157895
18 0.919921875 0.2236842105263158 0.0625 0.23684210526315788
18 0.86328125 0.2565789473684211 0.0625 0.2631578947368421
18 0.818359375 0.3026315789473684 0.05859375 0.24342105263157895
18 0.76171875 0.34210526315789475 0.0625 0.23684210526315788
18 0.693359375 0.375 0.0546875 0.25
18 0.658203125 0.4144736842105263 0.048828125 0.23684210526315788
18 0.609375 0.4473684210526316 0.068359375 0.2565789473684211
18 0.55078125 0.4868421052631579 0.083984375 0.2631578947368421
18 0.494140625 0.5263157894736842 0.056640625 0.26973684210526316
18 0.43359375 0.5657894736842105 0.060546875 0.25
18 0.390625 0.5921052631578947 0.046875 0.2565789473684211
18 0.34375 0.631578947368421 0.0703125 0.2631578947368421