18 0.919921875 0.41509433962264153 0.064453125 0.5377358490566038
18 0.86328125 0.44339622641509435 0.056640625 0.5283018867924528
18 0.80859375 0.4528301886792453 0.056640625 0.5471698113207547
18 0.7578125 0.46226415094339623 0.05859375 0.5283018867924528
18 0.70703125 0.4811320754716981 0.05859375 0.5283018867924528
18 0.59765625 0.49056603773584906 0.060546875 0.5283018867924528
18 0.650390625 0.49056603773584906 0.060546875 0.5377358490566038
18 0.546875 0.5 0.06640625 0.5377358490566038
18 0.494140625 0.5094339622641509 0.0625 0.5188679245283019
18 0.44140625 0.5283018867924528 0.068359375 0.5283018867924528
18 0.39453125 0.5283018867924528 0.0546875 0.5283018867924528
18 0.33984375 0.5566037735849056 0.0625 0.5283018867924528
18 0.240234375 0.5660377358490566 0.048828125 0.5377358490566038
18 0.291015625 0.5660377358490566 0.060546875 0.5283018867924528
18 0.19140625 0.5660377358490566 0.064453125 0.5283018867924528
18 0.142578125 0.5754716981132075 0.072265625 0.5283018867924528
18 0.091796875 0.5943396226415094 0.05859375 0.5283018867924528