18 0.240234375 0.27155172413793105 0.048828125 0.13793103448275862
18 0.296875 0.3103448275862069 0.048828125 0.12931034482758622
18 0.341796875 0.35344827586206895 0.04296875 0.14224137931034483
18 0.392578125 0.38362068965517243 0.056640625 0.15086206896551724
18 0.44140625 0.4353448275862069 0.056640625 0.15086206896551724
18 0.4921875 0.47844827586206895 0.048828125 0.13793103448275862
18 0.544921875 0.5172413793103449 0.060546875 0.16379310344827586
18 0.59765625 0.5646551724137931 0.052734375 0.15948275862068967
18 0.6484375 0.6206896551724138 0.05078125 0.15948275862068967
18 0.703125 0.6594827586206896 0.052734375 0.14655172413793102
18 0.763671875 0.6939655172413793 0.041015625 0.13793103448275862
18 0.818359375 0.7413793103448276 0.056640625 0.15086206896551724
18 0.876953125 0.7931034482758621 0.05859375 0.14655172413793102
18 0.93359375 0.8318965517241379 0.05859375 0.14655172413793102
18 0.078125 0.12931034482758622 0.044921875 0.14655172413793102
18 0.140625 0.17672413793103448 0.068359375 0.15086206896551724
18 0.19140625 0.22413793103448276 0.05078125 0.13793103448275862