18 0.083984375 0.3684210526315789 0.0625 0.3508771929824561
18 0.12890625 0.38596491228070173 0.052734375 0.37719298245614036
18 0.185546875 0.39473684210526316 0.056640625 0.3684210526315789
18 0.234375 0.41228070175438597 0.060546875 0.3508771929824561
18 0.28125 0.4298245614035088 0.052734375 0.3508771929824561
18 0.33984375 0.4649122807017544 0.0625 0.37719298245614036
18 0.390625 0.47368421052631576 0.056640625 0.3508771929824561
18 0.443359375 0.5 0.0625 0.3508771929824561
18 0.494140625 0.5 0.056640625 0.34210526315789475
18 0.546875 0.5350877192982456 0.0625 0.3684210526315789
18 0.59765625 0.543859649122807 0.052734375 0.3508771929824561
18 0.650390625 0.5701754385964912 0.056640625 0.3508771929824561
18 0.70703125 0.5877192982456141 0.056640625 0.3684210526315789
18 0.759765625 0.6052631578947368 0.056640625 0.37719298245614036
18 0.8125 0.6228070175438597 0.056640625 0.34210526315789475
18 0.865234375 0.631578947368421 0.0546875 0.3684210526315789
18 0.919921875 0.6491228070175439 0.056640625 0.3508771929824561