18 0.537109375 0.4791666666666667 0.1328125 0.19675925925925927
18 0.587890625 0.5277777777777778 0.125 0.19675925925925927
18 0.642578125 0.5763888888888888 0.111328125 0.17592592592592593
18 0.69921875 0.6296296296296297 0.107421875 0.17824074074074073
18 0.759765625 0.6759259259259259 0.115234375 0.18287037037037038
18 0.8125 0.7268518518518519 0.125 0.19212962962962962
18 0.869140625 0.7754629629629629 0.115234375 0.1875
18 0.919921875 0.8148148148148148 0.115234375 0.17824074074074073
18 0.0888671875 0.09143518518518519 0.126953125 0.18287037037037038
18 0.1328125 0.12731481481481483 0.115234375 0.17824074074074073
18 0.19140625 0.1712962962962963 0.107421875 0.1712962962962963
18 0.232421875 0.20601851851851852 0.119140625 0.1712962962962963
18 0.294921875 0.2638888888888889 0.119140625 0.17592592592592593
18 0.34375 0.3125 0.107421875 0.17824074074074073
18 0.39453125 0.35185185185185186 0.099609375 0.17824074074074073
18 0.427734375 0.37962962962962965 0.119140625 0.18287037037037038
18 0.474609375 0.42592592592592593 0.115234375 0.18287037037037038