18 0.943359375 0.4396551724137931 0.044921875 0.5948275862068966
18 0.90234375 0.4482758620689655 0.041015625 0.6120689655172413
18 0.8203125 0.45689655172413796 0.046875 0.5948275862068966
18 0.861328125 0.45689655172413796 0.044921875 0.5948275862068966
18 0.77734375 0.46551724137931033 0.04296875 0.5862068965517241
18 0.736328125 0.46551724137931033 0.041015625 0.5775862068965517
18 0.685546875 0.47413793103448276 0.06640625 0.5775862068965517
18 0.611328125 0.47413793103448276 0.08203125 0.5775862068965517
18 0.548828125 0.49137931034482757 0.048828125 0.5948275862068966
18 0.49609375 0.49137931034482757 0.072265625 0.6379310344827587
18 0.427734375 0.5086206896551724 0.06640625 0.646551724137931
18 0.373046875 0.5172413793103449 0.052734375 0.6379310344827587
18 0.068359375 0.5258620689655172 0.08203125 0.6637931034482759
18 0.205078125 0.5258620689655172 0.07421875 0.6810344827586207
18 0.265625 0.5344827586206896 0.056640625 0.6982758620689655
18 0.140625 0.5344827586206896 0.06640625 0.6637931034482759
18 0.3203125 0.5344827586206896 0.05859375 0.6810344827586207