18 0.08203125 0.4473684210526316 0.08984375 0.4298245614035088
18 0.16015625 0.4473684210526316 0.0625 0.4298245614035088
18 0.2109375 0.4473684210526316 0.037109375 0.4298245614035088
18 0.26171875 0.4649122807017544 0.060546875 0.41228070175438597
18 0.314453125 0.47368421052631576 0.044921875 0.4298245614035088
18 0.365234375 0.49122807017543857 0.056640625 0.41228070175438597
18 0.416015625 0.49122807017543857 0.041015625 0.41228070175438597
18 0.46484375 0.5087719298245614 0.05078125 0.41228070175438597
18 0.578125 0.5175438596491229 0.05078125 0.4298245614035088
18 0.634765625 0.5175438596491229 0.060546875 0.4298245614035088
18 0.521484375 0.5263157894736842 0.060546875 0.41228070175438597
18 0.6875 0.5263157894736842 0.044921875 0.41228070175438597
18 0.734375 0.5263157894736842 0.046875 0.41228070175438597
18 0.787109375 0.5263157894736842 0.05078125 0.41228070175438597
18 0.84375 0.5263157894736842 0.052734375 0.40350877192982454
18 0.896484375 0.5263157894736842 0.05078125 0.40350877192982454
18 0.94921875 0.543859649122807 0.052734375 0.40350877192982454