18 0.837890625 0.48214285714285715 0.041015625 0.44642857142857145
18 0.8828125 0.48214285714285715 0.056640625 0.44642857142857145
18 0.9375 0.48214285714285715 0.05078125 0.44642857142857145
18 0.4921875 0.48214285714285715 0.056640625 0.44642857142857145
18 0.595703125 0.49107142857142855 0.05078125 0.5
18 0.548828125 0.5 0.056640625 0.4732142857142857
18 0.6484375 0.5 0.06640625 0.4732142857142857
18 0.697265625 0.5 0.05078125 0.42857142857142855
18 0.74609375 0.5 0.056640625 0.42857142857142855
18 0.79296875 0.5 0.056640625 0.42857142857142855
18 0.39453125 0.5089285714285714 0.0625 0.44642857142857145
18 0.4453125 0.5089285714285714 0.056640625 0.44642857142857145
18 0.2890625 0.5357142857142857 0.056640625 0.44642857142857145
18 0.34375 0.5357142857142857 0.0625 0.44642857142857145
18 0.1796875 0.5535714285714286 0.06640625 0.44642857142857145
18 0.236328125 0.5535714285714286 0.046875 0.44642857142857145
18 0.09765625 0.5803571428571429 0.103515625 0.5