18 0.90625 0.30246913580246915 0.052734375 0.3765432098765432
18 0.84765625 0.3271604938271605 0.0546875 0.36419753086419754
18 0.80078125 0.35802469135802467 0.0625 0.35802469135802467
18 0.751953125 0.38271604938271603 0.0625 0.3765432098765432
18 0.69921875 0.4074074074074074 0.0625 0.3765432098765432
18 0.646484375 0.42592592592592593 0.064453125 0.36419753086419754
18 0.595703125 0.4506172839506173 0.064453125 0.35802469135802467
18 0.544921875 0.48148148148148145 0.064453125 0.35802469135802467
18 0.4921875 0.5123456790123457 0.068359375 0.3765432098765432
18 0.44140625 0.5308641975308642 0.07421875 0.36419753086419754
18 0.388671875 0.5555555555555556 0.07421875 0.36419753086419754
18 0.337890625 0.5740740740740741 0.07421875 0.35802469135802467
18 0.283203125 0.6049382716049383 0.072265625 0.36419753086419754
18 0.234375 0.6296296296296297 0.083984375 0.3765432098765432
18 0.181640625 0.6481481481481481 0.078125 0.35802469135802467
18 0.12109375 0.6790123456790124 0.064453125 0.36419753086419754
18 0.078125 0.691358024691358 0.095703125 0.35185185185185186