18 0.884765625 0.4032258064516129 0.0390625 0.3790322580645161
18 0.92578125 0.4032258064516129 0.05078125 0.3790322580645161
18 0.79296875 0.41935483870967744 0.05078125 0.3548387096774194
18 0.83984375 0.41935483870967744 0.05078125 0.4032258064516129
18 0.74609375 0.4274193548387097 0.0390625 0.3790322580645161
18 0.634765625 0.45161290322580644 0.0859375 0.3790322580645161
18 0.69921875 0.45161290322580644 0.0390625 0.3790322580645161
18 0.53125 0.49193548387096775 0.05078125 0.4032258064516129
18 0.57421875 0.49193548387096775 0.044921875 0.4032258064516129
18 0.4296875 0.5161290322580645 0.044921875 0.4032258064516129
18 0.4765625 0.5161290322580645 0.056640625 0.4032258064516129
18 0.3828125 0.5241935483870968 0.056640625 0.4274193548387097
18 0.330078125 0.532258064516129 0.056640625 0.4032258064516129
18 0.275390625 0.5483870967741935 0.05078125 0.3790322580645161
18 0.22265625 0.5564516129032258 0.0625 0.4032258064516129
18 0.091796875 0.5725806451612904 0.091796875 0.3790322580645161
18 0.1640625 0.5725806451612904 0.0625 0.3790322580645161