18 0.07421875 0.46078431372549017 0.08984375 0.49019607843137253
18 0.15234375 0.47058823529411764 0.056640625 0.5098039215686274
18 0.375 0.4803921568627451 0.052734375 0.49019607843137253
18 0.474609375 0.4803921568627451 0.05078125 0.49019607843137253
18 0.212890625 0.4803921568627451 0.056640625 0.49019607843137253
18 0.267578125 0.4803921568627451 0.05078125 0.49019607843137253
18 0.3203125 0.4803921568627451 0.052734375 0.49019607843137253
18 0.423828125 0.49019607843137253 0.03515625 0.47058823529411764
18 0.529296875 0.5098039215686274 0.05078125 0.5098039215686274
18 0.642578125 0.5098039215686274 0.078125 0.5098039215686274
18 0.70703125 0.5098039215686274 0.046875 0.47058823529411764
18 0.75390625 0.5098039215686274 0.046875 0.47058823529411764
18 0.578125 0.5196078431372549 0.046875 0.49019607843137253
18 0.80078125 0.5196078431372549 0.046875 0.49019607843137253
18 0.84375 0.5196078431372549 0.046875 0.47058823529411764
18 0.892578125 0.5196078431372549 0.046875 0.47058823529411764
18 0.939453125 0.5196078431372549 0.046875 0.47058823529411764