18 0.1015625 0.4642857142857143 0.087890625 0.44642857142857145
18 0.171875 0.4642857142857143 0.0625 0.44642857142857145
18 0.228515625 0.4732142857142857 0.0625 0.42857142857142855
18 0.28125 0.48214285714285715 0.05078125 0.44642857142857145
18 0.328125 0.48214285714285715 0.05078125 0.44642857142857145
18 0.37890625 0.48214285714285715 0.05078125 0.44642857142857145
18 0.42578125 0.5 0.041015625 0.42857142857142855
18 0.4765625 0.5089285714285714 0.056640625 0.44642857142857145
18 0.525390625 0.5357142857142857 0.05078125 0.44642857142857145
18 0.634765625 0.5357142857142857 0.08203125 0.44642857142857145
18 0.572265625 0.5446428571428571 0.05078125 0.42857142857142855
18 0.7421875 0.5446428571428571 0.056640625 0.42857142857142855
18 0.78515625 0.5446428571428571 0.041015625 0.42857142857142855
18 0.697265625 0.5535714285714286 0.05078125 0.44642857142857145
18 0.830078125 0.5535714285714286 0.046875 0.4017857142857143
18 0.875 0.5714285714285714 0.05078125 0.42857142857142855
18 0.92578125 0.5714285714285714 0.05078125 0.42857142857142855