18 0.6328125 0.48 0.076171875 0.47
18 0.75 0.48 0.052734375 0.45
18 0.369140625 0.49 0.048828125 0.45
18 0.5703125 0.49 0.044921875 0.42
18 0.796875 0.49 0.046875 0.45
18 0.84375 0.49 0.046875 0.45
18 0.888671875 0.49 0.044921875 0.42
18 0.935546875 0.49 0.046875 0.42
18 0.318359375 0.5 0.048828125 0.43
18 0.41796875 0.5 0.03515625 0.46
18 0.46875 0.5 0.048828125 0.46
18 0.51953125 0.5 0.048828125 0.46
18 0.69921875 0.5 0.046875 0.43
18 0.154296875 0.5 0.052734375 0.45
18 0.265625 0.51 0.048828125 0.43
18 0.08203125 0.51 0.080078125 0.46
18 0.212890625 0.51 0.0546875 0.43