18 0.9375 0.3333333333333333 0.033203125 0.3412698412698413
18 0.892578125 0.3412698412698413 0.0546875 0.35714285714285715
18 0.80078125 0.373015873015873 0.0390625 0.3412698412698413
18 0.841796875 0.373015873015873 0.04296875 0.3412698412698413
18 0.755859375 0.3968253968253968 0.048828125 0.3968253968253968
18 0.703125 0.4444444444444444 0.04296875 0.35714285714285715
18 0.640625 0.4603174603174603 0.078125 0.3968253968253968
18 0.57421875 0.5 0.0546875 0.35714285714285715
18 0.5234375 0.5079365079365079 0.0546875 0.38095238095238093
18 0.4765625 0.5238095238095238 0.048828125 0.35714285714285715
18 0.4296875 0.5634920634920635 0.04296875 0.35714285714285715
18 0.375 0.5714285714285714 0.064453125 0.38095238095238093
18 0.32421875 0.5793650793650794 0.0546875 0.35714285714285715
18 0.2734375 0.6111111111111112 0.05859375 0.38095238095238093
18 0.21875 0.6349206349206349 0.05859375 0.38095238095238093
18 0.1640625 0.6428571428571429 0.05859375 0.35714285714285715
18 0.0859375 0.6666666666666666 0.09375 0.3968253968253968