18 0.078125 0.2777777777777778 0.064453125 0.32407407407407407
18 0.140625 0.3148148148148148 0.087890625 0.32407407407407407
18 0.20703125 0.35185185185185186 0.052734375 0.2777777777777778
18 0.255859375 0.37037037037037035 0.06640625 0.3148148148148148
18 0.30859375 0.4074074074074074 0.0625 0.3055555555555556
18 0.357421875 0.4351851851851852 0.05859375 0.32407407407407407
18 0.40625 0.46296296296296297 0.052734375 0.3055555555555556
18 0.458984375 0.49074074074074076 0.064453125 0.3148148148148148
18 0.51171875 0.5092592592592593 0.056640625 0.32407407407407407
18 0.5703125 0.5370370370370371 0.07421875 0.3425925925925926
18 0.638671875 0.5740740740740741 0.05859375 0.35185185185185186
18 0.689453125 0.5925925925925926 0.052734375 0.3148148148148148
18 0.73828125 0.6296296296296297 0.05078125 0.26851851851851855
18 0.78515625 0.6296296296296297 0.052734375 0.35185185185185186
18 0.8359375 0.6666666666666666 0.05078125 0.3055555555555556
18 0.88671875 0.6944444444444444 0.056640625 0.32407407407407407
18 0.94140625 0.7129629629629629 0.0546875 0.3148148148148148