18 0.0859375 0.3235294117647059 0.083984375 0.40441176470588236
18 0.15234375 0.34558823529411764 0.0546875 0.3602941176470588
18 0.21484375 0.36764705882352944 0.083984375 0.40441176470588236
18 0.27734375 0.40441176470588236 0.0546875 0.3897058823529412
18 0.328125 0.4264705882352941 0.05078125 0.375
18 0.375 0.4264705882352941 0.0546875 0.40441176470588236
18 0.42578125 0.45588235294117646 0.046875 0.375
18 0.474609375 0.4852941176470588 0.0546875 0.3602941176470588
18 0.5234375 0.49264705882352944 0.05078125 0.40441176470588236
18 0.57421875 0.5147058823529411 0.05859375 0.3897058823529412
18 0.625 0.5441176470588235 0.046875 0.3602941176470588
18 0.671875 0.5661764705882353 0.0546875 0.375
18 0.72265625 0.5808823529411765 0.05078125 0.34558823529411764
18 0.771484375 0.6029411764705882 0.05078125 0.3602941176470588
18 0.826171875 0.6176470588235294 0.046875 0.3602941176470588
18 0.876953125 0.6470588235294118 0.05078125 0.3602941176470588
18 0.9296875 0.6691176470588235 0.03125 0.34558823529411764