18 0.32421875 0.5 0.052734375 0.46938775510204084
18 0.373046875 0.5 0.046875 0.46938775510204084
18 0.42578125 0.5 0.033203125 0.46938775510204084
18 0.470703125 0.5 0.041015625 0.46938775510204084
18 0.515625 0.5 0.05078125 0.46938775510204084
18 0.27734375 0.5 0.05078125 0.47959183673469385
18 0.56640625 0.5 0.033203125 0.47959183673469385
18 0.630859375 0.5102040816326531 0.08203125 0.46938775510204084
18 0.14453125 0.5102040816326531 0.0546875 0.46938775510204084
18 0.2109375 0.5102040816326531 0.08203125 0.46938775510204084
18 0.076171875 0.5204081632653061 0.0859375 0.4489795918367347
18 0.6953125 0.5204081632653061 0.044921875 0.46938775510204084
18 0.748046875 0.5306122448979592 0.044921875 0.4489795918367347
18 0.796875 0.5306122448979592 0.04296875 0.46938775510204084
18 0.8515625 0.5510204081632653 0.046875 0.47959183673469385
18 0.90234375 0.5612244897959183 0.044921875 0.46938775510204084
18 0.951171875 0.5714285714285714 0.025390625 0.46938775510204084