18 0.94140625 0.4117647058823529 0.056640625 0.4411764705882353
18 0.794921875 0.4215686274509804 0.048828125 0.46078431372549017
18 0.84375 0.4215686274509804 0.04296875 0.4411764705882353
18 0.88671875 0.43137254901960786 0.04296875 0.43137254901960786
18 0.744140625 0.4411764705882353 0.048828125 0.4019607843137255
18 0.6953125 0.45098039215686275 0.048828125 0.4411764705882353
18 0.646484375 0.46078431372549017 0.04296875 0.43137254901960786
18 0.599609375 0.49019607843137253 0.04296875 0.46078431372549017
18 0.494140625 0.5098039215686274 0.05078125 0.47058823529411764
18 0.548828125 0.5098039215686274 0.052734375 0.4411764705882353
18 0.443359375 0.5098039215686274 0.044921875 0.46078431372549017
18 0.287109375 0.5196078431372549 0.052734375 0.47058823529411764
18 0.33984375 0.5196078431372549 0.05078125 0.4411764705882353
18 0.39453125 0.5196078431372549 0.05078125 0.4411764705882353
18 0.138671875 0.5392156862745098 0.056640625 0.49019607843137253
18 0.212890625 0.5392156862745098 0.091796875 0.46078431372549017
18 0.068359375 0.5588235294117647 0.09375 0.49019607843137253