18 0.076171875 0.34328358208955223 0.0859375 0.3880597014925373
18 0.138671875 0.3656716417910448 0.0625 0.3656716417910448
18 0.19921875 0.40298507462686567 0.076171875 0.3656716417910448
18 0.259765625 0.40298507462686567 0.052734375 0.44029850746268656
18 0.298828125 0.4253731343283582 0.052734375 0.40298507462686567
18 0.39453125 0.44029850746268656 0.046875 0.40298507462686567
18 0.349609375 0.4552238805970149 0.056640625 0.3880597014925373
18 0.494140625 0.4925373134328358 0.0625 0.4253731343283582
18 0.443359375 0.4925373134328358 0.056640625 0.3880597014925373
18 0.544921875 0.5373134328358209 0.056640625 0.44029850746268656
18 0.611328125 0.5522388059701493 0.091796875 0.40298507462686567
18 0.671875 0.5746268656716418 0.06640625 0.40298507462686567
18 0.7265625 0.5746268656716418 0.056640625 0.40298507462686567
18 0.77734375 0.6194029850746269 0.052734375 0.4253731343283582
18 0.830078125 0.6268656716417911 0.0625 0.40298507462686567
18 0.8828125 0.6417910447761194 0.056640625 0.4253731343283582
18 0.9375 0.6567164179104478 0.0625 0.3880597014925373