18 0.94921875 0.45454545454545453 0.05078125 0.5681818181818182
18 0.619140625 0.4772727272727273 0.05078125 0.625
18 0.775390625 0.48863636363636365 0.046875 0.5568181818181818
18 0.828125 0.48863636363636365 0.044921875 0.5795454545454546
18 0.568359375 0.48863636363636365 0.044921875 0.5454545454545454
18 0.673828125 0.48863636363636365 0.05078125 0.5454545454545454
18 0.720703125 0.48863636363636365 0.03515625 0.5681818181818182
18 0.884765625 0.48863636363636365 0.060546875 0.625
18 0.462890625 0.5 0.052734375 0.5681818181818182
18 0.515625 0.5227272727272727 0.05078125 0.6136363636363636
18 0.30859375 0.5340909090909091 0.046875 0.5681818181818182
18 0.408203125 0.5340909090909091 0.044921875 0.5454545454545454
18 0.359375 0.5340909090909091 0.048828125 0.6363636363636364
18 0.1328125 0.5568181818181818 0.052734375 0.5454545454545454
18 0.26171875 0.5681818181818182 0.048828125 0.6136363636363636
18 0.068359375 0.5681818181818182 0.08203125 0.6136363636363636
18 0.197265625 0.5681818181818182 0.080078125 0.5795454545454546