18 0.7890625 0.6764705882352942 0.0546875 0.3
18 0.845703125 0.7058823529411765 0.0546875 0.29411764705882354
18 0.892578125 0.7352941176470589 0.037109375 0.2823529411764706
18 0.9375 0.7647058823529411 0.048828125 0.2647058823529412
18 0.0859375 0.21176470588235294 0.080078125 0.3
18 0.15234375 0.25882352941176473 0.056640625 0.29411764705882354
18 0.21875 0.31176470588235294 0.078125 0.3176470588235294
18 0.283203125 0.35294117647058826 0.046875 0.3
18 0.330078125 0.3941176470588235 0.046875 0.29411764705882354
18 0.3828125 0.4294117647058823 0.052734375 0.3176470588235294
18 0.43359375 0.4411764705882353 0.041015625 0.27647058823529413
18 0.4765625 0.4823529411764706 0.044921875 0.29411764705882354
18 0.51953125 0.5058823529411764 0.041015625 0.29411764705882354
18 0.5703125 0.5352941176470588 0.052734375 0.29411764705882354
18 0.634765625 0.5647058823529412 0.08203125 0.29411764705882354
18 0.6953125 0.611764705882353 0.04296875 0.27058823529411763
18 0.740234375 0.6470588235294118 0.0546875 0.28823529411764703