18 0.89453125 0.4148936170212766 0.068359375 0.5531914893617021
18 0.9453125 0.4148936170212766 0.0546875 0.5531914893617021
18 0.6796875 0.4574468085106383 0.052734375 0.574468085106383
18 0.787109375 0.4574468085106383 0.0625 0.574468085106383
18 0.83984375 0.4574468085106383 0.0625 0.6063829787234043
18 0.732421875 0.46808510638297873 0.0546875 0.5851063829787234
18 0.525390625 0.4787234042553192 0.068359375 0.574468085106383
18 0.583984375 0.48936170212765956 0.07421875 0.5531914893617021
18 0.6328125 0.48936170212765956 0.052734375 0.5851063829787234
18 0.4765625 0.5106382978723404 0.0546875 0.5851063829787234
18 0.328125 0.5212765957446809 0.05859375 0.5851063829787234
18 0.376953125 0.5212765957446809 0.0546875 0.5851063829787234
18 0.423828125 0.5319148936170213 0.05859375 0.6063829787234043
18 0.2109375 0.574468085106383 0.083984375 0.574468085106383
18 0.275390625 0.574468085106383 0.064453125 0.6276595744680851
18 0.146484375 0.5851063829787234 0.07421875 0.5319148936170213
18 0.07421875 0.6170212765957447 0.10546875 0.6595744680851063