18 0.841796875 0.43636363636363634 0.0625 0.4727272727272727
18 0.890625 0.43636363636363634 0.056640625 0.4727272727272727
18 0.79296875 0.44545454545454544 0.0546875 0.44545454545454544
18 0.705078125 0.45454545454545453 0.05078125 0.43636363636363634
18 0.748046875 0.45454545454545453 0.056640625 0.4636363636363636
18 0.666015625 0.4727272727272727 0.0625 0.44545454545454544
18 0.615234375 0.4909090909090909 0.0625 0.4727272727272727
18 0.501953125 0.509090909090909 0.0625 0.4636363636363636
18 0.5546875 0.509090909090909 0.072265625 0.4636363636363636
18 0.451171875 0.5181818181818182 0.06640625 0.44545454545454544
18 0.412109375 0.5363636363636364 0.046875 0.4727272727272727
18 0.36328125 0.5636363636363636 0.06640625 0.4727272727272727
18 0.310546875 0.5727272727272728 0.0625 0.4636363636363636
18 0.255859375 0.5727272727272728 0.068359375 0.4727272727272727
18 0.154296875 0.5818181818181818 0.06640625 0.4636363636363636
18 0.205078125 0.5818181818181818 0.060546875 0.4636363636363636
18 0.107421875 0.6181818181818182 0.07421875 0.4727272727272727