18 0.826171875 0.5844155844155844 0.0546875 0.5194805194805194
18 0.8828125 0.6038961038961039 0.052734375 0.512987012987013
18 0.9453125 0.6038961038961039 0.068359375 0.5
18 0.0625 0.35714285714285715 0.05078125 0.4805194805194805
18 0.1171875 0.37012987012987014 0.05078125 0.4675324675324675
18 0.171875 0.3961038961038961 0.048828125 0.4805194805194805
18 0.224609375 0.4090909090909091 0.048828125 0.4805194805194805
18 0.279296875 0.42857142857142855 0.05078125 0.4935064935064935
18 0.333984375 0.44805194805194803 0.052734375 0.487012987012987
18 0.380859375 0.4675324675324675 0.037109375 0.5
18 0.478515625 0.4805194805194805 0.052734375 0.474025974025974
18 0.42578125 0.487012987012987 0.044921875 0.4935064935064935
18 0.53515625 0.4935064935064935 0.05859375 0.487012987012987
18 0.59375 0.512987012987013 0.052734375 0.487012987012987
18 0.65234375 0.5324675324675324 0.0546875 0.474025974025974
18 0.7109375 0.5584415584415584 0.052734375 0.487012987012987
18 0.76953125 0.564935064935065 0.0546875 0.487012987012987