18 0.078125 0.3898305084745763 0.056640625 0.5338983050847458
18 0.130859375 0.423728813559322 0.052734375 0.5508474576271186
18 0.18359375 0.423728813559322 0.0546875 0.559322033898305
18 0.232421875 0.4491525423728814 0.060546875 0.5847457627118644
18 0.287109375 0.4576271186440678 0.056640625 0.559322033898305
18 0.33984375 0.4661016949152542 0.056640625 0.5508474576271186
18 0.392578125 0.4745762711864407 0.0546875 0.5508474576271186
18 0.443359375 0.4915254237288136 0.052734375 0.5677966101694916
18 0.5 0.5 0.056640625 0.5508474576271186
18 0.548828125 0.5084745762711864 0.060546875 0.5508474576271186
18 0.6015625 0.5254237288135594 0.056640625 0.559322033898305
18 0.658203125 0.5423728813559322 0.056640625 0.5338983050847458
18 0.705078125 0.559322033898305 0.046875 0.5508474576271186
18 0.81640625 0.5847457627118644 0.052734375 0.5254237288135594
18 0.763671875 0.5847457627118644 0.056640625 0.559322033898305
18 0.87109375 0.6186440677966102 0.0546875 0.5932203389830508
18 0.92578125 0.6271186440677966 0.056640625 0.5508474576271186