18 0.064453125 0.45161290322580644 0.05859375 0.6048387096774194
18 0.123046875 0.4596774193548387 0.0546875 0.6048387096774194
18 0.3984375 0.46774193548387094 0.048828125 0.6209677419354839
18 0.556640625 0.46774193548387094 0.0546875 0.6209677419354839
18 0.181640625 0.46774193548387094 0.052734375 0.6209677419354839
18 0.28515625 0.46774193548387094 0.048828125 0.5967741935483871
18 0.34375 0.46774193548387094 0.05859375 0.6209677419354839
18 0.453125 0.47580645161290325 0.05859375 0.6370967741935484
18 0.5078125 0.47580645161290325 0.041015625 0.6048387096774194
18 0.611328125 0.47580645161290325 0.052734375 0.6048387096774194
18 0.666015625 0.47580645161290325 0.0546875 0.6048387096774194
18 0.72265625 0.47580645161290325 0.048828125 0.6048387096774194
18 0.232421875 0.47580645161290325 0.048828125 0.6048387096774194
18 0.77734375 0.49193548387096775 0.0546875 0.6048387096774194
18 0.83203125 0.49193548387096775 0.044921875 0.6048387096774194
18 0.8828125 0.5080645161290323 0.0546875 0.6048387096774194
18 0.939453125 0.5080645161290323 0.048828125 0.6048387096774194