18 0.869140625 0.38405797101449274 0.052734375 0.5072463768115942
18 0.923828125 0.38405797101449274 0.052734375 0.5072463768115942
18 0.818359375 0.4057971014492754 0.048828125 0.5072463768115942
18 0.771484375 0.427536231884058 0.04296875 0.4927536231884058
18 0.720703125 0.43478260869565216 0.048828125 0.5072463768115942
18 0.671875 0.4420289855072464 0.048828125 0.4927536231884058
18 0.619140625 0.4492753623188406 0.04296875 0.5072463768115942
18 0.517578125 0.4782608695652174 0.052734375 0.5579710144927537
18 0.5703125 0.4782608695652174 0.052734375 0.5289855072463768
18 0.46484375 0.4927536231884058 0.048828125 0.5289855072463768
18 0.41015625 0.5072463768115942 0.052734375 0.5289855072463768
18 0.359375 0.5217391304347826 0.048828125 0.5072463768115942
18 0.255859375 0.5362318840579711 0.048828125 0.5797101449275363
18 0.3046875 0.5434782608695652 0.048828125 0.5289855072463768
18 0.0859375 0.5579710144927537 0.056640625 0.4927536231884058
18 0.14453125 0.5579710144927537 0.048828125 0.5289855072463768
18 0.197265625 0.5579710144927537 0.056640625 0.5289855072463768