18 0.072265625 0.44696969696969696 0.048828125 0.5833333333333334
18 0.126953125 0.44696969696969696 0.048828125 0.5833333333333334
18 0.279296875 0.45454545454545453 0.052734375 0.5984848484848485
18 0.439453125 0.4621212121212121 0.052734375 0.6136363636363636
18 0.17578125 0.4621212121212121 0.056640625 0.6136363636363636
18 0.48828125 0.4696969696969697 0.052734375 0.6287878787878788
18 0.595703125 0.48484848484848486 0.052734375 0.6136363636363636
18 0.6484375 0.48484848484848486 0.052734375 0.6136363636363636
18 0.23046875 0.48484848484848486 0.052734375 0.6136363636363636
18 0.337890625 0.48484848484848486 0.052734375 0.6136363636363636
18 0.38671875 0.48484848484848486 0.052734375 0.6136363636363636
18 0.54296875 0.49242424242424243 0.052734375 0.6287878787878788
18 0.755859375 0.5 0.052734375 0.6515151515151515
18 0.80859375 0.5 0.052734375 0.6136363636363636
18 0.701171875 0.5075757575757576 0.052734375 0.6287878787878788
18 0.865234375 0.5075757575757576 0.052734375 0.6287878787878788
18 0.921875 0.5151515151515151 0.056640625 0.6515151515151515