18 0.822265625 0.4666666666666667 0.052734375 0.6777777777777778
18 0.71484375 0.4666666666666667 0.0546875 0.7
18 0.93359375 0.4666666666666667 0.048828125 0.6888888888888889
18 0.55078125 0.4777777777777778 0.0546875 0.6888888888888889
18 0.765625 0.4777777777777778 0.041015625 0.6888888888888889
18 0.66015625 0.4777777777777778 0.052734375 0.6888888888888889
18 0.87890625 0.4777777777777778 0.048828125 0.6888888888888889
18 0.27734375 0.4888888888888889 0.048828125 0.6777777777777778
18 0.443359375 0.4888888888888889 0.052734375 0.7111111111111111
18 0.498046875 0.4888888888888889 0.048828125 0.6777777777777778
18 0.173828125 0.4888888888888889 0.0546875 0.6888888888888889
18 0.228515625 0.4888888888888889 0.064453125 0.6888888888888889
18 0.3359375 0.4888888888888889 0.0546875 0.6888888888888889
18 0.607421875 0.4888888888888889 0.0546875 0.6888888888888889
18 0.0625 0.5 0.05859375 0.6555555555555556
18 0.390625 0.5 0.0546875 0.6888888888888889
18 0.1171875 0.5 0.0546875 0.6888888888888889