18 0.93359375 0.3918918918918919 0.056640625 0.44594594594594594
18 0.8828125 0.40540540540540543 0.048828125 0.43243243243243246
18 0.787109375 0.43243243243243246 0.046875 0.44594594594594594
18 0.8359375 0.43243243243243246 0.046875 0.43243243243243246
18 0.73828125 0.4594594594594595 0.048828125 0.43243243243243246
18 0.640625 0.47297297297297297 0.048828125 0.4594594594594595
18 0.689453125 0.47297297297297297 0.048828125 0.43243243243243246
18 0.58203125 0.5 0.07421875 0.4594594594594595
18 0.517578125 0.5 0.0625 0.47297297297297297
18 0.46484375 0.5405405405405406 0.0546875 0.4864864864864865
18 0.416015625 0.5405405405405406 0.041015625 0.4594594594594595
18 0.37109375 0.5540540540540541 0.0546875 0.4594594594594595
18 0.3203125 0.5540540540540541 0.05859375 0.4594594594594595
18 0.205078125 0.5675675675675675 0.06640625 0.47297297297297297
18 0.130859375 0.581081081081081 0.09375 0.43243243243243246
18 0.263671875 0.581081081081081 0.068359375 0.4864864864864865
18 0.064453125 0.5945945945945946 0.0703125 0.43243243243243246