18 0.626953125 0.559322033898305 0.05078125 0.2966101694915254
18 0.68359375 0.6016949152542372 0.044921875 0.288135593220339
18 0.734375 0.6186440677966102 0.04296875 0.2966101694915254
18 0.78515625 0.652542372881356 0.041015625 0.2796610169491525
18 0.83984375 0.6694915254237288 0.03125 0.2966101694915254
18 0.89453125 0.7203389830508474 0.041015625 0.3305084745762712
18 0.94921875 0.7372881355932204 0.044921875 0.288135593220339
18 0.052734375 0.2542372881355932 0.05078125 0.2711864406779661
18 0.119140625 0.2966101694915254 0.064453125 0.2966101694915254
18 0.1796875 0.3305084745762712 0.041015625 0.2711864406779661
18 0.234375 0.3559322033898305 0.0546875 0.2966101694915254
18 0.29296875 0.3813559322033898 0.048828125 0.3135593220338983
18 0.34375 0.4152542372881356 0.04296875 0.2966101694915254
18 0.396484375 0.4491525423728814 0.05078125 0.3050847457627119
18 0.453125 0.4661016949152542 0.046875 0.3050847457627119
18 0.51171875 0.5 0.052734375 0.2966101694915254
18 0.568359375 0.5254237288135594 0.05078125 0.2966101694915254