18 0.060546875 0.29411764705882354 0.05078125 0.47058823529411764
18 0.130859375 0.3235294117647059 0.068359375 0.4852941176470588
18 0.1953125 0.36764705882352944 0.05078125 0.5147058823529411
18 0.251953125 0.4264705882352941 0.0546875 0.45588235294117646
18 0.310546875 0.45588235294117646 0.052734375 0.4852941176470588
18 0.365234375 0.45588235294117646 0.048828125 0.4852941176470588
18 0.41796875 0.5 0.048828125 0.4852941176470588
18 0.4765625 0.5147058823529411 0.0546875 0.4852941176470588
18 0.533203125 0.5588235294117647 0.046875 0.4852941176470588
18 0.5859375 0.5735294117647058 0.05078125 0.4411764705882353
18 0.64453125 0.5882352941176471 0.052734375 0.4852941176470588
18 0.69921875 0.6176470588235294 0.04296875 0.5
18 0.7578125 0.6323529411764706 0.05078125 0.45588235294117646
18 0.8125 0.6617647058823529 0.04296875 0.45588235294117646
18 0.865234375 0.6911764705882353 0.04296875 0.45588235294117646
18 0.92578125 0.7058823529411765 0.046875 0.4852941176470588
18 0.978515625 0.7205882352941176 0.0390625 0.4852941176470588