18 0.044921875 0.3333333333333333 0.056640625 0.5
18 0.099609375 0.34210526315789475 0.052734375 0.4649122807017544
18 0.15234375 0.35964912280701755 0.052734375 0.4649122807017544
18 0.2109375 0.38596491228070173 0.060546875 0.4824561403508772
18 0.267578125 0.41228070175438597 0.048828125 0.49122807017543857
18 0.32421875 0.42105263157894735 0.0546875 0.49122807017543857
18 0.380859375 0.47368421052631576 0.05078125 0.5350877192982456
18 0.4375 0.47368421052631576 0.048828125 0.5087719298245614
18 0.490234375 0.47368421052631576 0.056640625 0.5
18 0.55078125 0.49122807017543857 0.0625 0.5
18 0.60546875 0.5087719298245614 0.05078125 0.4824561403508772
18 0.66015625 0.5350877192982456 0.05859375 0.4824561403508772
18 0.716796875 0.543859649122807 0.05078125 0.49122807017543857
18 0.771484375 0.5614035087719298 0.056640625 0.5
18 0.830078125 0.5877192982456141 0.0546875 0.49122807017543857
18 0.890625 0.6140350877192983 0.060546875 0.49122807017543857
18 0.943359375 0.6140350877192983 0.044921875 0.4649122807017544