18 0.9453125 0.25 0.052734375 0.3392857142857143
18 0.896484375 0.26785714285714285 0.056640625 0.3392857142857143
18 0.849609375 0.2857142857142857 0.052734375 0.35714285714285715
18 0.802734375 0.3125 0.052734375 0.3392857142857143
18 0.755859375 0.3482142857142857 0.048828125 0.3482142857142857
18 0.705078125 0.36607142857142855 0.03515625 0.29464285714285715
18 0.65625 0.39285714285714285 0.0625 0.33035714285714285
18 0.59765625 0.42857142857142855 0.05859375 0.3392857142857143
18 0.54296875 0.45535714285714285 0.056640625 0.36607142857142855
18 0.48828125 0.49107142857142855 0.0625 0.36607142857142855
18 0.435546875 0.5089285714285714 0.05078125 0.33035714285714285
18 0.3828125 0.5446428571428571 0.060546875 0.35714285714285715
18 0.328125 0.5714285714285714 0.05859375 0.36607142857142855
18 0.2734375 0.5982142857142857 0.0625 0.38392857142857145
18 0.21484375 0.6339285714285714 0.056640625 0.36607142857142855
18 0.140625 0.6875 0.09375 0.4017857142857143
18 0.05859375 0.7232142857142857 0.06640625 0.39285714285714285