18 0.095703125 0.44680851063829785 0.060546875 0.48936170212765956
18 0.138671875 0.44680851063829785 0.046875 0.48936170212765956
18 0.189453125 0.44680851063829785 0.056640625 0.5106382978723404
18 0.240234375 0.44680851063829785 0.052734375 0.5
18 0.2890625 0.46808510638297873 0.0390625 0.5
18 0.337890625 0.46808510638297873 0.048828125 0.5319148936170213
18 0.38671875 0.46808510638297873 0.052734375 0.5106382978723404
18 0.44140625 0.4787234042553192 0.052734375 0.5106382978723404
18 0.48828125 0.48936170212765956 0.052734375 0.5106382978723404
18 0.60546875 0.48936170212765956 0.052734375 0.5106382978723404
18 0.548828125 0.5 0.0625 0.5212765957446809
18 0.65625 0.5 0.046875 0.5
18 0.708984375 0.5 0.0546875 0.5
18 0.763671875 0.5106382978723404 0.048828125 0.5425531914893617
18 0.869140625 0.5212765957446809 0.056640625 0.5425531914893617
18 0.814453125 0.5319148936170213 0.0546875 0.5319148936170213
18 0.923828125 0.5319148936170213 0.056640625 0.5319148936170213