18 0.064453125 0.2692307692307692 0.046875 0.34615384615384615
18 0.115234375 0.2948717948717949 0.041015625 0.38461538461538464
18 0.16796875 0.32051282051282054 0.048828125 0.32051282051282054
18 0.22265625 0.34615384615384615 0.048828125 0.358974358974359
18 0.2734375 0.3717948717948718 0.0546875 0.34615384615384615
18 0.326171875 0.3974358974358974 0.0546875 0.3717948717948718
18 0.376953125 0.4230769230769231 0.046875 0.34615384615384615
18 0.4296875 0.4358974358974359 0.04296875 0.38461538461538464
18 0.482421875 0.46153846153846156 0.05078125 0.358974358974359
18 0.53515625 0.5 0.052734375 0.38461538461538464
18 0.587890625 0.5256410256410257 0.048828125 0.34615384615384615
18 0.638671875 0.5256410256410257 0.046875 0.38461538461538464
18 0.69140625 0.5641025641025641 0.04296875 0.358974358974359
18 0.744140625 0.5641025641025641 0.0390625 0.38461538461538464
18 0.80078125 0.6025641025641025 0.04296875 0.3717948717948718
18 0.849609375 0.6282051282051282 0.048828125 0.38461538461538464
18 0.90625 0.6282051282051282 0.046875 0.358974358974359