18 0.060546875 0.44565217391304346 0.0625 0.5760869565217391
18 0.119140625 0.44565217391304346 0.052734375 0.5434782608695652
18 0.279296875 0.45652173913043476 0.046875 0.5543478260869565
18 0.171875 0.4673913043478261 0.0546875 0.5543478260869565
18 0.228515625 0.4673913043478261 0.056640625 0.5543478260869565
18 0.4453125 0.4782608695652174 0.05078125 0.5869565217391305
18 0.333984375 0.4891304347826087 0.05859375 0.5434782608695652
18 0.501953125 0.4891304347826087 0.052734375 0.5543478260869565
18 0.390625 0.5 0.05078125 0.5652173913043478
18 0.5546875 0.5108695652173914 0.0546875 0.5543478260869565
18 0.607421875 0.5108695652173914 0.05078125 0.532608695652174
18 0.658203125 0.5108695652173914 0.052734375 0.5652173913043478
18 0.71875 0.5217391304347826 0.052734375 0.5434782608695652
18 0.76953125 0.532608695652174 0.046875 0.5434782608695652
18 0.822265625 0.532608695652174 0.060546875 0.5434782608695652
18 0.876953125 0.5434782608695652 0.048828125 0.5434782608695652
18 0.9296875 0.5543478260869565 0.052734375 0.5434782608695652