18 0.9375 0.29347826086956524 0.046875 0.32608695652173914
18 0.88671875 0.32608695652173914 0.044921875 0.33695652173913043
18 0.83984375 0.34782608695652173 0.04296875 0.33695652173913043
18 0.787109375 0.358695652173913 0.046875 0.32608695652173914
18 0.73828125 0.391304347826087 0.04296875 0.32608695652173914
18 0.6875 0.41304347826086957 0.05078125 0.32608695652173914
18 0.634765625 0.43478260869565216 0.05078125 0.32608695652173914
18 0.58203125 0.4782608695652174 0.046875 0.33695652173913043
18 0.53125 0.4891304347826087 0.052734375 0.33695652173913043
18 0.482421875 0.5108695652173914 0.046875 0.32608695652173914
18 0.421875 0.5434782608695652 0.0625 0.3695652173913043
18 0.3671875 0.5652173913043478 0.048828125 0.358695652173913
18 0.314453125 0.5869565217391305 0.05078125 0.358695652173913
18 0.2578125 0.5978260869565217 0.0546875 0.34782608695652173
18 0.197265625 0.6195652173913043 0.0625 0.32608695652173914
18 0.1328125 0.6521739130434783 0.05859375 0.34782608695652173
18 0.072265625 0.6739130434782609 0.060546875 0.34782608695652173