18 0.951171875 0.29411764705882354 0.05859375 0.36470588235294116
18 0.892578125 0.3176470588235294 0.0390625 0.37058823529411766
18 0.833984375 0.3588235294117647 0.052734375 0.36470588235294116
18 0.775390625 0.3764705882352941 0.052734375 0.35294117647058826
18 0.71875 0.3941176470588235 0.05859375 0.36470588235294116
18 0.662109375 0.4294117647058823 0.05859375 0.36470588235294116
18 0.603515625 0.4470588235294118 0.0625 0.35294117647058826
18 0.546875 0.4764705882352941 0.064453125 0.3588235294117647
18 0.486328125 0.5 0.0546875 0.3588235294117647
18 0.4375 0.5176470588235295 0.05859375 0.35294117647058826
18 0.37890625 0.5352941176470588 0.0390625 0.3411764705882353
18 0.322265625 0.5588235294117647 0.0546875 0.3588235294117647
18 0.267578125 0.5882352941176471 0.05859375 0.3411764705882353
18 0.2109375 0.611764705882353 0.052734375 0.32941176470588235
18 0.15625 0.6294117647058823 0.0546875 0.3588235294117647
18 0.099609375 0.6588235294117647 0.046875 0.36470588235294116
18 0.046875 0.6823529411764706 0.05078125 0.35294117647058826