18 0.953125 0.375 0.04296875 0.4305555555555556
18 0.900390625 0.375 0.04296875 0.4583333333333333
18 0.849609375 0.4027777777777778 0.046875 0.4583333333333333
18 0.80078125 0.4444444444444444 0.044921875 0.4444444444444444
18 0.75 0.4583333333333333 0.046875 0.4444444444444444
18 0.6953125 0.4722222222222222 0.046875 0.4583333333333333
18 0.642578125 0.5 0.05859375 0.4722222222222222
18 0.583984375 0.5277777777777778 0.072265625 0.4444444444444444
18 0.5234375 0.5416666666666666 0.046875 0.4722222222222222
18 0.47265625 0.5416666666666666 0.0625 0.4722222222222222
18 0.41015625 0.5694444444444444 0.052734375 0.4722222222222222
18 0.359375 0.5833333333333334 0.046875 0.4722222222222222
18 0.244140625 0.625 0.056640625 0.5
18 0.302734375 0.625 0.056640625 0.5
18 0.1875 0.6388888888888888 0.056640625 0.4583333333333333
18 0.119140625 0.6527777777777778 0.078125 0.4444444444444444
18 0.05078125 0.6944444444444444 0.05859375 0.4722222222222222