18 0.0625 0.43333333333333335 0.060546875 0.5666666666666667
18 0.12109375 0.44166666666666665 0.0546875 0.55
18 0.2265625 0.45 0.060546875 0.5833333333333334
18 0.173828125 0.45 0.0625 0.5666666666666667
18 0.279296875 0.45 0.0625 0.5583333333333333
18 0.333984375 0.4583333333333333 0.0546875 0.5833333333333334
18 0.38671875 0.4666666666666667 0.06640625 0.575
18 0.439453125 0.4666666666666667 0.05859375 0.5666666666666667
18 0.49609375 0.475 0.060546875 0.5583333333333333
18 0.552734375 0.475 0.056640625 0.6
18 0.607421875 0.48333333333333334 0.056640625 0.5833333333333334
18 0.716796875 0.48333333333333334 0.068359375 0.5666666666666667
18 0.66015625 0.49166666666666664 0.060546875 0.5666666666666667
18 0.767578125 0.5 0.0546875 0.5916666666666667
18 0.826171875 0.5083333333333333 0.060546875 0.6
18 0.93359375 0.5166666666666667 0.06640625 0.6
18 0.87890625 0.5166666666666667 0.06640625 0.5916666666666667