18 0.96484375 0.46938775510204084 0.064453125 0.6530612244897959
18 0.83984375 0.5102040816326531 0.064453125 0.7040816326530612
18 0.908203125 0.5102040816326531 0.0703125 0.7346938775510204
18 0.4375 0.5204081632653061 0.060546875 0.6326530612244898
18 0.7265625 0.5204081632653061 0.05859375 0.5816326530612245
18 0.544921875 0.5306122448979592 0.060546875 0.5918367346938775
18 0.66796875 0.5306122448979592 0.064453125 0.6530612244897959
18 0.494140625 0.5408163265306123 0.056640625 0.6632653061224489
18 0.7890625 0.5408163265306123 0.05859375 0.7142857142857143
18 0.607421875 0.5408163265306123 0.060546875 0.6632653061224489
18 0.376953125 0.5510204081632653 0.060546875 0.6122448979591837
18 0.04296875 0.5510204081632653 0.068359375 0.6530612244897959
18 0.212890625 0.5612244897959183 0.056640625 0.6122448979591837
18 0.322265625 0.5612244897959183 0.0546875 0.6122448979591837
18 0.265625 0.5714285714285714 0.060546875 0.6326530612244898
18 0.09765625 0.5816326530612245 0.05078125 0.6224489795918368
18 0.158203125 0.5918367346938775 0.076171875 0.6632653061224489