18 0.736328125 0.6267605633802817 0.064453125 0.33098591549295775
18 0.791015625 0.6549295774647887 0.056640625 0.33098591549295775
18 0.845703125 0.676056338028169 0.0625 0.34507042253521125
18 0.8984375 0.704225352112676 0.060546875 0.3028169014084507
18 0.958984375 0.7323943661971831 0.0625 0.31690140845070425
18 0.076171875 0.2676056338028169 0.08203125 0.33098591549295775
18 0.138671875 0.30985915492957744 0.06640625 0.33098591549295775
18 0.19140625 0.33098591549295775 0.056640625 0.30985915492957744
18 0.240234375 0.34507042253521125 0.068359375 0.323943661971831
18 0.29296875 0.3732394366197183 0.056640625 0.2887323943661972
18 0.341796875 0.4084507042253521 0.056640625 0.31690140845070425
18 0.392578125 0.44366197183098594 0.0625 0.323943661971831
18 0.443359375 0.4647887323943662 0.064453125 0.3380281690140845
18 0.5 0.5070422535211268 0.056640625 0.3028169014084507
18 0.5625 0.5422535211267606 0.072265625 0.3591549295774648
18 0.62890625 0.5774647887323944 0.06640625 0.3380281690140845
18 0.68359375 0.5985915492957746 0.056640625 0.34507042253521125