18 0.953125 0.4888888888888889 0.0546875 0.5444444444444444
18 0.900390625 0.4888888888888889 0.056640625 0.5666666666666667
18 0.7421875 0.5 0.0546875 0.5555555555555556
18 0.849609375 0.5 0.05859375 0.5555555555555556
18 0.646484375 0.5 0.0625 0.5444444444444444
18 0.6953125 0.5 0.041015625 0.5444444444444444
18 0.794921875 0.5 0.060546875 0.5444444444444444
18 0.58203125 0.5111111111111111 0.072265625 0.5555555555555556
18 0.41796875 0.5111111111111111 0.044921875 0.5666666666666667
18 0.056640625 0.5111111111111111 0.0546875 0.6222222222222222
18 0.365234375 0.5222222222222223 0.06640625 0.5777777777777777
18 0.466796875 0.5222222222222223 0.060546875 0.5555555555555556
18 0.517578125 0.5222222222222223 0.0546875 0.5777777777777777
18 0.240234375 0.5222222222222223 0.0625 0.6222222222222222
18 0.302734375 0.5222222222222223 0.060546875 0.5777777777777777
18 0.111328125 0.5222222222222223 0.072265625 0.6333333333333333
18 0.177734375 0.5333333333333333 0.0625 0.6