18 0.892578125 0.4827586206896552 0.048828125 0.6293103448275862
18 0.9453125 0.4827586206896552 0.052734375 0.6293103448275862
18 0.69140625 0.49137931034482757 0.052734375 0.646551724137931
18 0.841796875 0.49137931034482757 0.052734375 0.6206896551724138
18 0.583984375 0.5 0.0546875 0.6293103448275862
18 0.7421875 0.5 0.048828125 0.6293103448275862
18 0.400390625 0.5086206896551724 0.0625 0.5862068965517241
18 0.455078125 0.5086206896551724 0.05859375 0.5862068965517241
18 0.63671875 0.5086206896551724 0.048828125 0.646551724137931
18 0.072265625 0.5086206896551724 0.0625 0.5862068965517241
18 0.794921875 0.5086206896551724 0.048828125 0.6206896551724138
18 0.33984375 0.5086206896551724 0.0546875 0.6206896551724138
18 0.509765625 0.5172413793103449 0.048828125 0.603448275862069
18 0.126953125 0.5258620689655172 0.052734375 0.5862068965517241
18 0.177734375 0.5258620689655172 0.0546875 0.5517241379310345
18 0.234375 0.5258620689655172 0.0546875 0.5862068965517241
18 0.28515625 0.5258620689655172 0.052734375 0.5862068965517241