18 0.130859375 0.4927536231884058 0.048828125 0.5434782608695652
18 0.18359375 0.4927536231884058 0.0546875 0.5434782608695652
18 0.23828125 0.4927536231884058 0.060546875 0.5434782608695652
18 0.08203125 0.5072463768115942 0.064453125 0.5217391304347826
18 0.548828125 0.5144927536231884 0.0546875 0.5434782608695652
18 0.28515625 0.5144927536231884 0.0546875 0.5434782608695652
18 0.341796875 0.5144927536231884 0.0546875 0.5434782608695652
18 0.392578125 0.5144927536231884 0.0546875 0.5434782608695652
18 0.443359375 0.5144927536231884 0.0546875 0.5797101449275363
18 0.49609375 0.5144927536231884 0.048828125 0.5434782608695652
18 0.599609375 0.5217391304347826 0.0546875 0.5434782608695652
18 0.70703125 0.5217391304347826 0.0546875 0.5579710144927537
18 0.759765625 0.5217391304347826 0.048828125 0.5217391304347826
18 0.869140625 0.5217391304347826 0.0546875 0.5579710144927537
18 0.650390625 0.5362318840579711 0.044921875 0.5434782608695652
18 0.81640625 0.5362318840579711 0.048828125 0.5434782608695652
18 0.92578125 0.5434782608695652 0.064453125 0.5579710144927537