18 0.912109375 0.4605263157894737 0.0625 0.4605263157894737
18 0.85546875 0.47368421052631576 0.0625 0.48026315789473684
18 0.74609375 0.48026315789473684 0.0546875 0.4605263157894737
18 0.798828125 0.48026315789473684 0.048828125 0.4605263157894737
18 0.693359375 0.4934210526315789 0.048828125 0.48026315789473684
18 0.640625 0.5131578947368421 0.0546875 0.48026315789473684
18 0.537109375 0.5131578947368421 0.048828125 0.48026315789473684
18 0.58984375 0.5131578947368421 0.0546875 0.48026315789473684
18 0.484375 0.5328947368421053 0.048828125 0.48026315789473684
18 0.23046875 0.5460526315789473 0.048828125 0.4605263157894737
18 0.28125 0.5460526315789473 0.048828125 0.4605263157894737
18 0.376953125 0.5460526315789473 0.0546875 0.4605263157894737
18 0.4296875 0.5460526315789473 0.048828125 0.4605263157894737
18 0.330078125 0.5526315789473685 0.048828125 0.4407894736842105
18 0.080078125 0.5657894736842105 0.048828125 0.42105263157894735
18 0.1796875 0.5657894736842105 0.048828125 0.4605263157894737
18 0.130859375 0.5789473684210527 0.0625 0.4407894736842105