18 0.07421875 0.42528735632183906 0.064453125 0.5229885057471264
18 0.126953125 0.4367816091954023 0.0546875 0.5402298850574713
18 0.185546875 0.4425287356321839 0.05078125 0.5517241379310345
18 0.236328125 0.4540229885057471 0.05078125 0.5229885057471264
18 0.2890625 0.47126436781609193 0.0703125 0.5229885057471264
18 0.34375 0.47701149425287354 0.0546875 0.5402298850574713
18 0.400390625 0.4885057471264368 0.0546875 0.5402298850574713
18 0.447265625 0.4942528735632184 0.0546875 0.5229885057471264
18 0.505859375 0.5114942528735632 0.060546875 0.5229885057471264
18 0.5546875 0.5114942528735632 0.0546875 0.5229885057471264
18 0.609375 0.5287356321839081 0.060546875 0.5402298850574713
18 0.71875 0.5287356321839081 0.05078125 0.5402298850574713
18 0.662109375 0.5402298850574713 0.060546875 0.5229885057471264
18 0.765625 0.5459770114942529 0.05078125 0.5114942528735632
18 0.826171875 0.5574712643678161 0.060546875 0.5114942528735632
18 0.87890625 0.5804597701149425 0.060546875 0.5229885057471264
18 0.935546875 0.5804597701149425 0.060546875 0.5229885057471264