18 0.076171875 0.4609375 0.06640625 0.6015625
18 0.1328125 0.4609375 0.05078125 0.6015625
18 0.1796875 0.46875 0.04296875 0.5859375
18 0.28515625 0.4765625 0.046875 0.6015625
18 0.333984375 0.484375 0.0546875 0.5859375
18 0.48828125 0.4921875 0.0546875 0.6015625
18 0.546875 0.4921875 0.05859375 0.5703125
18 0.65234375 0.4921875 0.0546875 0.6328125
18 0.705078125 0.4921875 0.046875 0.6015625
18 0.234375 0.4921875 0.0546875 0.6015625
18 0.38671875 0.4921875 0.05859375 0.6015625
18 0.4375 0.5 0.0546875 0.5859375
18 0.59765625 0.5 0.05859375 0.5859375
18 0.755859375 0.5 0.0546875 0.5859375
18 0.91796875 0.5078125 0.06640625 0.5703125
18 0.810546875 0.5234375 0.05859375 0.6015625
18 0.861328125 0.5234375 0.04296875 0.6015625