18 0.072265625 0.3819444444444444 0.060546875 0.4583333333333333
18 0.12109375 0.3888888888888889 0.0546875 0.4444444444444444
18 0.173828125 0.3958333333333333 0.05078125 0.4305555555555556
18 0.22265625 0.4097222222222222 0.0546875 0.4305555555555556
18 0.271484375 0.4305555555555556 0.05078125 0.4305555555555556
18 0.328125 0.4444444444444444 0.060546875 0.4305555555555556
18 0.37890625 0.4513888888888889 0.05078125 0.4444444444444444
18 0.431640625 0.4722222222222222 0.05078125 0.4444444444444444
18 0.484375 0.4791666666666667 0.0546875 0.4305555555555556
18 0.5390625 0.4861111111111111 0.05078125 0.4791666666666667
18 0.591796875 0.5 0.0546875 0.4791666666666667
18 0.6484375 0.5138888888888888 0.064453125 0.4930555555555556
18 0.69921875 0.5277777777777778 0.0546875 0.4930555555555556
18 0.7578125 0.5555555555555556 0.060546875 0.4791666666666667
18 0.81640625 0.5625 0.0546875 0.4583333333333333
18 0.87109375 0.5694444444444444 0.060546875 0.5138888888888888
18 0.931640625 0.5833333333333334 0.060546875 0.4444444444444444