18 0.50390625 0.4925373134328358 0.048828125 0.21641791044776118
18 0.552734375 0.5298507462686567 0.0546875 0.2537313432835821
18 0.611328125 0.5671641791044776 0.056640625 0.23134328358208955
18 0.662109375 0.6044776119402985 0.048828125 0.23134328358208955
18 0.716796875 0.6343283582089553 0.052734375 0.21641791044776118
18 0.76953125 0.6791044776119403 0.0390625 0.23880597014925373
18 0.822265625 0.7014925373134329 0.056640625 0.23134328358208955
18 0.875 0.746268656716418 0.05859375 0.208955223880597
18 0.93359375 0.7910447761194029 0.060546875 0.26119402985074625
18 0.06640625 0.20149253731343283 0.052734375 0.2462686567164179
18 0.130859375 0.23880597014925373 0.076171875 0.2462686567164179
18 0.197265625 0.2835820895522388 0.048828125 0.20149253731343283
18 0.24609375 0.3208955223880597 0.041015625 0.21641791044776118
18 0.2890625 0.35074626865671643 0.056640625 0.2462686567164179
18 0.341796875 0.39552238805970147 0.05078125 0.21641791044776118
18 0.396484375 0.417910447761194 0.056640625 0.23134328358208955
18 0.44921875 0.4552238805970149 0.052734375 0.22388059701492538