18 0.259765625 0.4583333333333333 0.048828125 0.4583333333333333
18 0.0703125 0.4583333333333333 0.05078125 0.4305555555555556
18 0.20703125 0.4722222222222222 0.04296875 0.4583333333333333
18 0.3125 0.4722222222222222 0.05078125 0.4444444444444444
18 0.3671875 0.4722222222222222 0.046875 0.4305555555555556
18 0.140625 0.4722222222222222 0.080078125 0.4722222222222222
18 0.421875 0.4861111111111111 0.0546875 0.4027777777777778
18 0.52734375 0.4861111111111111 0.046875 0.4166666666666667
18 0.58203125 0.4861111111111111 0.0546875 0.4166666666666667
18 0.4765625 0.4861111111111111 0.044921875 0.4166666666666667
18 0.63671875 0.5 0.05078125 0.4027777777777778
18 0.6875 0.5138888888888888 0.04296875 0.4166666666666667
18 0.935546875 0.5138888888888888 0.044921875 0.4027777777777778
18 0.837890625 0.5138888888888888 0.05078125 0.4166666666666667
18 0.88671875 0.5138888888888888 0.037109375 0.3888888888888889
18 0.736328125 0.5277777777777778 0.04296875 0.4583333333333333
18 0.787109375 0.5277777777777778 0.0390625 0.4166666666666667