18 0.587890625 0.48148148148148145 0.060546875 0.4444444444444444
18 0.689453125 0.48148148148148145 0.04296875 0.4444444444444444
18 0.73046875 0.48148148148148145 0.048828125 0.4444444444444444
18 0.484375 0.48148148148148145 0.0546875 0.4444444444444444
18 0.642578125 0.49074074074074076 0.060546875 0.46296296296296297
18 0.08203125 0.49074074074074076 0.064453125 0.46296296296296297
18 0.435546875 0.49074074074074076 0.0546875 0.46296296296296297
18 0.53125 0.49074074074074076 0.048828125 0.46296296296296297
18 0.78125 0.5092592592592593 0.048828125 0.4444444444444444
18 0.875 0.5185185185185185 0.048828125 0.46296296296296297
18 0.921875 0.5185185185185185 0.04296875 0.46296296296296297
18 0.15625 0.5185185185185185 0.08203125 0.5185185185185185
18 0.28125 0.5185185185185185 0.0546875 0.46296296296296297
18 0.337890625 0.5185185185185185 0.060546875 0.46296296296296297
18 0.390625 0.5185185185185185 0.04296875 0.46296296296296297
18 0.830078125 0.5277777777777778 0.048828125 0.49074074074074076
18 0.224609375 0.5462962962962963 0.0546875 0.5185185185185185