18 0.064453125 0.42452830188679247 0.0546875 0.4056603773584906
18 0.130859375 0.44339622641509435 0.076171875 0.3867924528301887
18 0.19921875 0.46226415094339623 0.05078125 0.3867924528301887
18 0.255859375 0.4716981132075472 0.05078125 0.4056603773584906
18 0.3125 0.4811320754716981 0.0546875 0.42452830188679247
18 0.369140625 0.4811320754716981 0.046875 0.42452830188679247
18 0.421875 0.49056603773584906 0.05859375 0.4528301886792453
18 0.47265625 0.5 0.05078125 0.42452830188679247
18 0.5234375 0.5 0.046875 0.42452830188679247
18 0.5703125 0.5188679245283019 0.046875 0.42452830188679247
18 0.619140625 0.5188679245283019 0.05078125 0.42452830188679247
18 0.671875 0.5283018867924528 0.046875 0.4056603773584906
18 0.720703125 0.5283018867924528 0.033203125 0.4056603773584906
18 0.77734375 0.5283018867924528 0.05078125 0.4056603773584906
18 0.826171875 0.5566037735849056 0.046875 0.4056603773584906
18 0.876953125 0.5566037735849056 0.046875 0.4056603773584906
18 0.9296875 0.5566037735849056 0.05078125 0.4056603773584906