18 0.068359375 0.4274193548387097 0.06640625 0.4274193548387097
18 0.2421875 0.43548387096774194 0.060546875 0.4032258064516129
18 0.125 0.4435483870967742 0.076171875 0.4274193548387097
18 0.1875 0.4435483870967742 0.056640625 0.4274193548387097
18 0.291015625 0.4596774193548387 0.056640625 0.4435483870967742
18 0.337890625 0.46774193548387094 0.056640625 0.4274193548387097
18 0.384765625 0.46774193548387094 0.06640625 0.46774193548387094
18 0.4375 0.46774193548387094 0.06640625 0.46774193548387094
18 0.54296875 0.49193548387096775 0.060546875 0.46774193548387094
18 0.59765625 0.49193548387096775 0.06640625 0.46774193548387094
18 0.494140625 0.49193548387096775 0.06640625 0.46774193548387094
18 0.646484375 0.5161290322580645 0.05078125 0.49193548387096775
18 0.701171875 0.5161290322580645 0.044921875 0.49193548387096775
18 0.80859375 0.5403225806451613 0.060546875 0.49193548387096775
18 0.751953125 0.5403225806451613 0.056640625 0.49193548387096775
18 0.865234375 0.5403225806451613 0.060546875 0.49193548387096775
18 0.921875 0.5645161290322581 0.060546875 0.49193548387096775