18 0.068359375 0.4067796610169492 0.06640625 0.423728813559322
18 0.142578125 0.4322033898305085 0.0703125 0.423728813559322
18 0.25390625 0.4406779661016949 0.056640625 0.4406779661016949
18 0.205078125 0.4576271186440678 0.05078125 0.423728813559322
18 0.30859375 0.4661016949152542 0.060546875 0.4406779661016949
18 0.35546875 0.4661016949152542 0.041015625 0.3983050847457627
18 0.412109375 0.4915254237288136 0.060546875 0.4406779661016949
18 0.544921875 0.5 0.05078125 0.4661016949152542
18 0.49609375 0.5 0.044921875 0.423728813559322
18 0.59765625 0.5084745762711864 0.05078125 0.4406779661016949
18 0.455078125 0.5084745762711864 0.044921875 0.3983050847457627
18 0.703125 0.5254237288135594 0.06640625 0.423728813559322
18 0.759765625 0.5254237288135594 0.056640625 0.423728813559322
18 0.6484375 0.5423728813559322 0.05078125 0.423728813559322
18 0.8125 0.5508474576271186 0.060546875 0.3983050847457627
18 0.865234375 0.5677966101694916 0.05078125 0.423728813559322
18 0.921875 0.5847457627118644 0.060546875 0.423728813559322