18 0.087890625 0.35135135135135137 0.05859375 0.30405405405405406
18 0.158203125 0.3716216216216216 0.08203125 0.30405405405405406
18 0.23046875 0.41216216216216217 0.052734375 0.2635135135135135
18 0.28125 0.42567567567567566 0.05859375 0.28378378378378377
18 0.33203125 0.4527027027027027 0.052734375 0.2635135135135135
18 0.388671875 0.4797297297297297 0.052734375 0.28378378378378377
18 0.4375 0.5067567567567568 0.029296875 0.28378378378378377
18 0.486328125 0.5202702702702703 0.052734375 0.24324324324324326
18 0.537109375 0.5337837837837838 0.052734375 0.30405405405405406
18 0.587890625 0.5675675675675675 0.05859375 0.24324324324324326
18 0.646484375 0.5878378378378378 0.05859375 0.28378378378378377
18 0.69140625 0.6148648648648649 0.046875 0.24324324324324326
18 0.74609375 0.6351351351351351 0.046875 0.2635135135135135
18 0.791015625 0.6554054054054054 0.052734375 0.2635135135135135
18 0.837890625 0.6756756756756757 0.052734375 0.2635135135135135
18 0.884765625 0.6959459459459459 0.052734375 0.2635135135135135
18 0.931640625 0.7364864864864865 0.052734375 0.2635135135135135