18 0.81640625 0.47 0.03125 0.49
18 0.861328125 0.47 0.04296875 0.49
18 0.900390625 0.47 0.033203125 0.49
18 0.94140625 0.47 0.046875 0.46
18 0.775390625 0.48 0.048828125 0.51
18 0.62890625 0.49 0.0546875 0.54
18 0.681640625 0.49 0.0546875 0.54
18 0.73046875 0.49 0.046875 0.51
18 0.41796875 0.5 0.05859375 0.59
18 0.578125 0.5 0.0546875 0.56
18 0.5234375 0.51 0.0390625 0.54
18 0.30078125 0.51 0.0625 0.61
18 0.240234375 0.52 0.05859375 0.59
18 0.361328125 0.52 0.0625 0.59
18 0.47265625 0.52 0.052734375 0.56
18 0.06640625 0.53 0.078125 0.61
18 0.154296875 0.53 0.103515625 0.61