18 0.181640625 0.47058823529411764 0.10546875 0.4264705882352941
18 0.24609375 0.47058823529411764 0.08203125 0.4264705882352941
18 0.291015625 0.47058823529411764 0.06640625 0.4264705882352941
18 0.09375 0.47794117647058826 0.08203125 0.45588235294117646
18 0.3359375 0.47794117647058826 0.06640625 0.39705882352941174
18 0.388671875 0.47794117647058826 0.052734375 0.45588235294117646
18 0.431640625 0.47794117647058826 0.060546875 0.39705882352941174
18 0.529296875 0.47794117647058826 0.060546875 0.39705882352941174
18 0.58203125 0.49264705882352944 0.08984375 0.4264705882352941
18 0.775390625 0.5073529411764706 0.06640625 0.39705882352941174
18 0.46875 0.5073529411764706 0.060546875 0.45588235294117646
18 0.685546875 0.5073529411764706 0.06640625 0.39705882352941174
18 0.859375 0.5220588235294118 0.06640625 0.4264705882352941
18 0.638671875 0.5220588235294118 0.06640625 0.4264705882352941
18 0.73046875 0.5367647058823529 0.06640625 0.39705882352941174
18 0.8125 0.5514705882352942 0.06640625 0.47794117647058826
18 0.912109375 0.5514705882352942 0.06640625 0.4264705882352941