18 0.08203125 0.42105263157894735 0.05078125 0.38596491228070173
18 0.140625 0.4473684210526316 0.08203125 0.42105263157894735
18 0.205078125 0.45614035087719296 0.0546875 0.40350877192982454
18 0.251953125 0.4649122807017544 0.05078125 0.42105263157894735
18 0.302734375 0.4649122807017544 0.060546875 0.42105263157894735
18 0.353515625 0.47368421052631576 0.0546875 0.4473684210526316
18 0.39453125 0.47368421052631576 0.04296875 0.4473684210526316
18 0.55078125 0.4824561403508772 0.068359375 0.4649122807017544
18 0.439453125 0.49122807017543857 0.0546875 0.4473684210526316
18 0.4921875 0.49122807017543857 0.064453125 0.4473684210526316
18 0.611328125 0.49122807017543857 0.068359375 0.4473684210526316
18 0.76171875 0.5 0.0546875 0.42105263157894735
18 0.712890625 0.5087719298245614 0.0546875 0.42105263157894735
18 0.6640625 0.5087719298245614 0.05078125 0.4473684210526316
18 0.814453125 0.5175438596491229 0.0546875 0.42105263157894735
18 0.916015625 0.5263157894736842 0.060546875 0.4649122807017544
18 0.8671875 0.5350877192982456 0.0546875 0.4473684210526316