18 0.935546875 0.4375 0.048828125 0.5
18 0.88671875 0.4479166666666667 0.048828125 0.4895833333333333
18 0.642578125 0.4583333333333333 0.05859375 0.4895833333333333
18 0.791015625 0.4583333333333333 0.046875 0.4895833333333333
18 0.6953125 0.46875 0.046875 0.5
18 0.740234375 0.46875 0.046875 0.5
18 0.837890625 0.46875 0.046875 0.5
18 0.419921875 0.4791666666666667 0.037109375 0.4895833333333333
18 0.462890625 0.4791666666666667 0.046875 0.4895833333333333
18 0.51953125 0.4791666666666667 0.064453125 0.4895833333333333
18 0.580078125 0.4791666666666667 0.0625 0.4895833333333333
18 0.32421875 0.5 0.064453125 0.5
18 0.376953125 0.5 0.052734375 0.46875
18 0.14453125 0.5 0.08203125 0.5
18 0.216796875 0.5104166666666666 0.05859375 0.4895833333333333
18 0.26953125 0.5104166666666666 0.052734375 0.5208333333333334
18 0.076171875 0.5208333333333334 0.064453125 0.5