18 0.078125 0.4051724137931034 0.0625 0.43103448275862066
18 0.146484375 0.4051724137931034 0.0859375 0.43103448275862066
18 0.21484375 0.4224137931034483 0.0625 0.43103448275862066
18 0.26171875 0.4482758620689655 0.0546875 0.43103448275862066
18 0.318359375 0.45689655172413796 0.0625 0.41379310344827586
18 0.416015625 0.46551724137931033 0.04296875 0.47413793103448276
18 0.466796875 0.47413793103448276 0.06640625 0.45689655172413796
18 0.529296875 0.47413793103448276 0.0625 0.45689655172413796
18 0.369140625 0.47413793103448276 0.0546875 0.45689655172413796
18 0.583984375 0.4827586206896552 0.0546875 0.47413793103448276
18 0.640625 0.5086206896551724 0.0625 0.45689655172413796
18 0.69140625 0.5172413793103449 0.0546875 0.43103448275862066
18 0.740234375 0.5258620689655172 0.0546875 0.41379310344827586
18 0.78515625 0.5344827586206896 0.04296875 0.43103448275862066
18 0.83203125 0.5517241379310345 0.0546875 0.43103448275862066
18 0.880859375 0.5603448275862069 0.05078125 0.45689655172413796
18 0.927734375 0.5603448275862069 0.046875 0.45689655172413796