18 0.08984375 0.46551724137931033 0.060546875 0.39655172413793105
18 0.275390625 0.46551724137931033 0.056640625 0.39655172413793105
18 0.330078125 0.46551724137931033 0.060546875 0.39655172413793105
18 0.525390625 0.47413793103448276 0.056640625 0.4224137931034483
18 0.5859375 0.47413793103448276 0.064453125 0.4224137931034483
18 0.642578125 0.47413793103448276 0.064453125 0.4224137931034483
18 0.15625 0.47413793103448276 0.0859375 0.4224137931034483
18 0.2265625 0.47413793103448276 0.060546875 0.4224137931034483
18 0.423828125 0.47413793103448276 0.046875 0.4224137931034483
18 0.470703125 0.4827586206896552 0.05078125 0.39655172413793105
18 0.6953125 0.49137931034482757 0.056640625 0.4396551724137931
18 0.7890625 0.49137931034482757 0.05078125 0.4396551724137931
18 0.9296875 0.49137931034482757 0.05078125 0.39655172413793105
18 0.380859375 0.49137931034482757 0.056640625 0.39655172413793105
18 0.7421875 0.5 0.05078125 0.4224137931034483
18 0.8828125 0.5 0.056640625 0.4224137931034483
18 0.8359375 0.5086206896551724 0.046875 0.4396551724137931