18 0.88671875 0.509090909090909 0.05078125 0.44545454545454544
18 0.595703125 0.5181818181818182 0.0703125 0.4727272727272727
18 0.65234375 0.5181818181818182 0.05078125 0.4727272727272727
18 0.697265625 0.5181818181818182 0.05078125 0.4727272727272727
18 0.744140625 0.5181818181818182 0.05078125 0.4727272727272727
18 0.79296875 0.5181818181818182 0.0546875 0.4727272727272727
18 0.841796875 0.5181818181818182 0.05078125 0.4727272727272727
18 0.935546875 0.5181818181818182 0.0546875 0.4727272727272727
18 0.337890625 0.5181818181818182 0.064453125 0.4727272727272727
18 0.38671875 0.5181818181818182 0.060546875 0.4727272727272727
18 0.53125 0.5272727272727272 0.064453125 0.44545454545454544
18 0.4296875 0.5272727272727272 0.044921875 0.44545454545454544
18 0.0859375 0.5454545454545454 0.060546875 0.42727272727272725
18 0.150390625 0.5454545454545454 0.0859375 0.4727272727272727
18 0.216796875 0.5454545454545454 0.064453125 0.4727272727272727
18 0.27734375 0.5454545454545454 0.064453125 0.4727272727272727
18 0.4765625 0.5454545454545454 0.0546875 0.4727272727272727