18 0.07421875 0.4262295081967213 0.0625 0.45901639344262296
18 0.14453125 0.4262295081967213 0.08984375 0.45901639344262296
18 0.212890625 0.4344262295081967 0.05859375 0.45901639344262296
18 0.2734375 0.4344262295081967 0.05859375 0.45901639344262296
18 0.33984375 0.45081967213114754 0.068359375 0.48360655737704916
18 0.400390625 0.4672131147540984 0.048828125 0.4918032786885246
18 0.447265625 0.47540983606557374 0.04296875 0.48360655737704916
18 0.494140625 0.47540983606557374 0.048828125 0.48360655737704916
18 0.603515625 0.47540983606557374 0.048828125 0.5081967213114754
18 0.546875 0.48360655737704916 0.0625 0.4918032786885246
18 0.650390625 0.5 0.04296875 0.48360655737704916
18 0.69921875 0.5 0.046875 0.48360655737704916
18 0.794921875 0.5 0.048828125 0.48360655737704916
18 0.75 0.5081967213114754 0.046875 0.4918032786885246
18 0.84375 0.5163934426229508 0.052734375 0.45901639344262296
18 0.892578125 0.5163934426229508 0.048828125 0.45901639344262296
18 0.94140625 0.5327868852459017 0.046875 0.45901639344262296