18 0.07421875 0.423728813559322 0.05859375 0.3983050847457627
18 0.142578125 0.4322033898305085 0.087890625 0.4067796610169492
18 0.212890625 0.4406779661016949 0.05859375 0.423728813559322
18 0.26171875 0.4491525423728814 0.044921875 0.423728813559322
18 0.310546875 0.4576271186440678 0.05078125 0.4406779661016949
18 0.359375 0.4661016949152542 0.05078125 0.423728813559322
18 0.40625 0.4830508474576271 0.0390625 0.423728813559322
18 0.45703125 0.4830508474576271 0.048828125 0.4406779661016949
18 0.513671875 0.4915254237288136 0.064453125 0.423728813559322
18 0.580078125 0.5 0.064453125 0.4406779661016949
18 0.630859375 0.5254237288135594 0.05078125 0.423728813559322
18 0.681640625 0.5254237288135594 0.05078125 0.4406779661016949
18 0.734375 0.5423728813559322 0.05078125 0.4406779661016949
18 0.78515625 0.559322033898305 0.0546875 0.4406779661016949
18 0.833984375 0.559322033898305 0.0546875 0.4406779661016949
18 0.88671875 0.5677966101694916 0.05859375 0.4067796610169492
18 0.9375 0.576271186440678 0.0546875 0.4491525423728814