18 0.9296875 0.4298245614035088 0.052734375 0.40350877192982454
18 0.884765625 0.43859649122807015 0.044921875 0.4298245614035088
18 0.794921875 0.4473684210526316 0.041015625 0.4473684210526316
18 0.83984375 0.4473684210526316 0.048828125 0.40350877192982454
18 0.75390625 0.45614035087719296 0.048828125 0.4298245614035088
18 0.66015625 0.4649122807017544 0.052734375 0.4473684210526316
18 0.703125 0.4649122807017544 0.048828125 0.4473684210526316
18 0.603515625 0.47368421052631576 0.06640625 0.4649122807017544
18 0.5390625 0.5 0.0625 0.4473684210526316
18 0.4375 0.5175438596491229 0.041015625 0.4473684210526316
18 0.388671875 0.5175438596491229 0.052734375 0.4473684210526316
18 0.484375 0.5263157894736842 0.052734375 0.4649122807017544
18 0.23046875 0.5350877192982456 0.0625 0.4473684210526316
18 0.283203125 0.5350877192982456 0.048828125 0.4824561403508772
18 0.337890625 0.543859649122807 0.0625 0.4649122807017544
18 0.0859375 0.5614035087719298 0.07421875 0.4473684210526316
18 0.16015625 0.5701754385964912 0.095703125 0.4649122807017544