18 0.228515625 0.48 0.064453125 0.51
18 0.29296875 0.48 0.064453125 0.52
18 0.078125 0.48 0.076171875 0.52
18 0.15234375 0.48 0.08984375 0.52
18 0.50390625 0.49 0.052734375 0.51
18 0.55859375 0.49 0.060546875 0.48
18 0.71875 0.49 0.04296875 0.48
18 0.763671875 0.49 0.04296875 0.48
18 0.3515625 0.5 0.060546875 0.52
18 0.666015625 0.5 0.060546875 0.49
18 0.806640625 0.5 0.048828125 0.49
18 0.40625 0.51 0.052734375 0.54
18 0.455078125 0.51 0.04296875 0.51
18 0.61328125 0.51 0.048828125 0.51
18 0.8984375 0.51 0.04296875 0.48
18 0.8515625 0.51 0.046875 0.49
18 0.94140625 0.51 0.048828125 0.46