18 0.07421875 0.4098360655737705 0.05859375 0.4180327868852459
18 0.142578125 0.4262295081967213 0.08203125 0.4180327868852459
18 0.2109375 0.4426229508196721 0.0546875 0.4180327868852459
18 0.271484375 0.45081967213114754 0.0625 0.4344262295081967
18 0.330078125 0.4672131147540984 0.0546875 0.4344262295081967
18 0.427734375 0.4672131147540984 0.033203125 0.4180327868852459
18 0.384765625 0.48360655737704916 0.044921875 0.45081967213114754
18 0.474609375 0.48360655737704916 0.037109375 0.4180327868852459
18 0.533203125 0.4918032786885246 0.064453125 0.4344262295081967
18 0.59375 0.5081967213114754 0.05859375 0.4344262295081967
18 0.65234375 0.5163934426229508 0.05859375 0.45081967213114754
18 0.705078125 0.5327868852459017 0.044921875 0.47540983606557374
18 0.751953125 0.5409836065573771 0.046875 0.4344262295081967
18 0.80078125 0.5409836065573771 0.046875 0.45081967213114754
18 0.84765625 0.5491803278688525 0.044921875 0.4344262295081967
18 0.89453125 0.5655737704918032 0.046875 0.4344262295081967
18 0.94140625 0.5819672131147541 0.044921875 0.4344262295081967