18 0.9140625 0.417910447761194 0.0546875 0.44776119402985076
18 0.869140625 0.44029850746268656 0.05078125 0.41044776119402987
18 0.822265625 0.44776119402985076 0.05078125 0.39552238805970147
18 0.724609375 0.4552238805970149 0.0546875 0.41044776119402987
18 0.767578125 0.4552238805970149 0.0546875 0.41044776119402987
18 0.6796875 0.47761194029850745 0.05078125 0.41044776119402987
18 0.6328125 0.48507462686567165 0.060546875 0.4253731343283582
18 0.537109375 0.4925373134328358 0.064453125 0.373134328358209
18 0.587890625 0.4925373134328358 0.0546875 0.41044776119402987
18 0.478515625 0.5 0.05078125 0.4253731343283582
18 0.43359375 0.5074626865671642 0.046875 0.44776119402985076
18 0.38671875 0.5223880597014925 0.0546875 0.4253731343283582
18 0.330078125 0.5298507462686567 0.07421875 0.44776119402985076
18 0.26953125 0.5447761194029851 0.0703125 0.44776119402985076
18 0.140625 0.5522388059701493 0.083984375 0.4253731343283582
18 0.068359375 0.5746268656716418 0.080078125 0.39552238805970147
18 0.212890625 0.5746268656716418 0.0703125 0.4626865671641791