18 0.77734375 0.4636363636363636 0.046875 0.4090909090909091
18 0.083984375 0.4636363636363636 0.046875 0.44545454545454544
18 0.150390625 0.4636363636363636 0.083984375 0.44545454545454544
18 0.216796875 0.4636363636363636 0.0546875 0.4090909090909091
18 0.58984375 0.4727272727272727 0.05859375 0.39090909090909093
18 0.640625 0.4727272727272727 0.046875 0.39090909090909093
18 0.689453125 0.4727272727272727 0.046875 0.39090909090909093
18 0.87109375 0.4727272727272727 0.05078125 0.42727272727272725
18 0.916015625 0.4727272727272727 0.05078125 0.42727272727272725
18 0.267578125 0.4727272727272727 0.04296875 0.39090909090909093
18 0.474609375 0.4818181818181818 0.046875 0.4090909090909091
18 0.529296875 0.4818181818181818 0.05859375 0.4090909090909091
18 0.73046875 0.4818181818181818 0.04296875 0.4090909090909091
18 0.826171875 0.4818181818181818 0.046875 0.4090909090909091
18 0.330078125 0.4818181818181818 0.087890625 0.44545454545454544
18 0.390625 0.4818181818181818 0.046875 0.4090909090909091
18 0.431640625 0.5 0.05078125 0.4090909090909091