18 0.83203125 0.46938775510204084 0.052734375 0.42857142857142855
18 0.927734375 0.46938775510204084 0.052734375 0.42857142857142855
18 0.734375 0.47959183673469385 0.048828125 0.40816326530612246
18 0.78515625 0.47959183673469385 0.048828125 0.40816326530612246
18 0.880859375 0.47959183673469385 0.052734375 0.40816326530612246
18 0.685546875 0.4897959183673469 0.048828125 0.4489795918367347
18 0.525390625 0.4897959183673469 0.064453125 0.42857142857142855
18 0.587890625 0.4897959183673469 0.060546875 0.42857142857142855
18 0.640625 0.4897959183673469 0.048828125 0.42857142857142855
18 0.423828125 0.5 0.041015625 0.40816326530612246
18 0.470703125 0.5 0.052734375 0.40816326530612246
18 0.314453125 0.5102040816326531 0.08984375 0.42857142857142855
18 0.380859375 0.5204081632653061 0.056640625 0.40816326530612246
18 0.201171875 0.5204081632653061 0.060546875 0.40816326530612246
18 0.25390625 0.5204081632653061 0.052734375 0.40816326530612246
18 0.072265625 0.5306122448979592 0.064453125 0.3877551020408163
18 0.134765625 0.5306122448979592 0.0859375 0.42857142857142855