18 0.08203125 0.4765625 0.05859375 0.40625
18 0.529296875 0.484375 0.068359375 0.4296875
18 0.591796875 0.484375 0.068359375 0.4296875
18 0.146484375 0.484375 0.087890625 0.4296875
18 0.208984375 0.484375 0.05859375 0.4296875
18 0.263671875 0.484375 0.05859375 0.4296875
18 0.689453125 0.5 0.05859375 0.4453125
18 0.87890625 0.5 0.052734375 0.4453125
18 0.3203125 0.5 0.0625 0.4453125
18 0.375 0.5 0.052734375 0.4453125
18 0.46875 0.5 0.068359375 0.4453125
18 0.646484375 0.5078125 0.048828125 0.4296875
18 0.73828125 0.5078125 0.05859375 0.4296875
18 0.7890625 0.5078125 0.048828125 0.4296875
18 0.830078125 0.5078125 0.052734375 0.4296875
18 0.923828125 0.5078125 0.052734375 0.46875
18 0.419921875 0.5078125 0.048828125 0.4296875