18 0.068359375 0.38524590163934425 0.060546875 0.36885245901639346
18 0.13671875 0.4016393442622951 0.087890625 0.4016393442622951
18 0.20703125 0.4180327868852459 0.056640625 0.38524590163934425
18 0.263671875 0.4344262295081967 0.060546875 0.38524590163934425
18 0.322265625 0.45901639344262296 0.068359375 0.4016393442622951
18 0.380859375 0.4672131147540984 0.0546875 0.38524590163934425
18 0.427734375 0.48360655737704916 0.041015625 0.36885245901639346
18 0.478515625 0.4918032786885246 0.064453125 0.38524590163934425
18 0.541015625 0.5 0.068359375 0.36885245901639346
18 0.603515625 0.5245901639344263 0.068359375 0.38524590163934425
18 0.65625 0.5409836065573771 0.05078125 0.36885245901639346
18 0.705078125 0.5573770491803278 0.05078125 0.36885245901639346
18 0.751953125 0.5655737704918032 0.0546875 0.3524590163934426
18 0.798828125 0.5819672131147541 0.0546875 0.38524590163934425
18 0.845703125 0.5901639344262295 0.05078125 0.36885245901639346
18 0.892578125 0.5983606557377049 0.041015625 0.36885245901639346
18 0.939453125 0.6147540983606558 0.0546875 0.36885245901639346