18 0.759765625 0.49 0.060546875 0.54
18 0.853515625 0.49 0.056640625 0.54
18 0.90625 0.49 0.060546875 0.54
18 0.94921875 0.49 0.05078125 0.54
18 0.482421875 0.5 0.046875 0.56
18 0.537109375 0.52 0.07421875 0.59
18 0.708984375 0.52 0.05078125 0.59
18 0.806640625 0.52 0.060546875 0.52
18 0.59765625 0.53 0.060546875 0.57
18 0.6640625 0.53 0.068359375 0.57
18 0.27734375 0.53 0.078125 0.57
18 0.388671875 0.54 0.060546875 0.59
18 0.435546875 0.54 0.056640625 0.59
18 0.333984375 0.54 0.060546875 0.52
18 0.0703125 0.55 0.07421875 0.54
18 0.1484375 0.56 0.09765625 0.63
18 0.216796875 0.56 0.0703125 0.63