18 0.7734375 0.6647727272727273 0.0625 0.26136363636363635
18 0.8203125 0.6875 0.060546875 0.2556818181818182
18 0.875 0.7159090909090909 0.0625 0.26136363636363635
18 0.115234375 0.26704545454545453 0.0625 0.2727272727272727
18 0.158203125 0.29545454545454547 0.060546875 0.23295454545454544
18 0.203125 0.3181818181818182 0.05078125 0.23295454545454544
18 0.248046875 0.3409090909090909 0.064453125 0.24431818181818182
18 0.294921875 0.3693181818181818 0.072265625 0.24431818181818182
18 0.341796875 0.3977272727272727 0.0546875 0.23863636363636365
18 0.388671875 0.4318181818181818 0.05078125 0.23863636363636365
18 0.4296875 0.4602272727272727 0.056640625 0.2556818181818182
18 0.482421875 0.4772727272727273 0.05859375 0.23863636363636365
18 0.533203125 0.5113636363636364 0.07421875 0.25
18 0.576171875 0.5397727272727273 0.056640625 0.2556818181818182
18 0.62890625 0.5681818181818182 0.05859375 0.25
18 0.669921875 0.5965909090909091 0.05859375 0.26136363636363635
18 0.71875 0.6306818181818182 0.064453125 0.2727272727272727