18 0.228515625 0.6290322580645161 0.052734375 0.3790322580645161
18 0.173828125 0.6451612903225806 0.0546875 0.3790322580645161
18 0.1171875 0.6612903225806451 0.0546875 0.3709677419354839
18 0.0625 0.6854838709677419 0.056640625 0.3790322580645161
18 0.94140625 0.25806451612903225 0.060546875 0.3467741935483871
18 0.888671875 0.27419354838709675 0.05078125 0.33064516129032256
18 0.837890625 0.31451612903225806 0.05078125 0.33064516129032256
18 0.7890625 0.3548387096774194 0.0546875 0.3629032258064516
18 0.7421875 0.3790322580645161 0.048828125 0.3790322580645161
18 0.685546875 0.3951612903225806 0.05859375 0.3548387096774194
18 0.63671875 0.4274193548387097 0.056640625 0.3790322580645161
18 0.576171875 0.47580645161290325 0.056640625 0.3870967741935484
18 0.4609375 0.49193548387096775 0.060546875 0.3709677419354839
18 0.517578125 0.49193548387096775 0.056640625 0.3870967741935484
18 0.400390625 0.532258064516129 0.0546875 0.3870967741935484
18 0.3515625 0.5725806451612904 0.052734375 0.3790322580645161
18 0.2890625 0.5967741935483871 0.064453125 0.4032258064516129