18 0.083984375 0.38372093023255816 0.064453125 0.5
18 0.140625 0.3953488372093023 0.056640625 0.5
18 0.1875 0.4069767441860465 0.05078125 0.5
18 0.240234375 0.4186046511627907 0.064453125 0.4883720930232558
18 0.28515625 0.4186046511627907 0.0390625 0.46511627906976744
18 0.337890625 0.45348837209302323 0.056640625 0.45348837209302323
18 0.390625 0.45348837209302323 0.05078125 0.46511627906976744
18 0.44140625 0.45348837209302323 0.064453125 0.46511627906976744
18 0.49609375 0.4883720930232558 0.0546875 0.45348837209302323
18 0.55859375 0.5116279069767442 0.076171875 0.5
18 0.626953125 0.5348837209302325 0.0625 0.47674418604651164
18 0.67578125 0.5348837209302325 0.0546875 0.4418604651162791
18 0.728515625 0.5581395348837209 0.056640625 0.45348837209302323
18 0.783203125 0.5697674418604651 0.05078125 0.4418604651162791
18 0.8359375 0.5930232558139535 0.056640625 0.47674418604651164
18 0.888671875 0.6046511627906976 0.0546875 0.45348837209302323
18 0.943359375 0.6162790697674418 0.056640625 0.45348837209302323