18 0.9140625 0.36538461538461536 0.056640625 0.4326923076923077
18 0.966796875 0.36538461538461536 0.046875 0.4519230769230769
18 0.8515625 0.38461538461538464 0.060546875 0.4230769230769231
18 0.79296875 0.41346153846153844 0.068359375 0.4326923076923077
18 0.736328125 0.4423076923076923 0.052734375 0.4326923076923077
18 0.69140625 0.4519230769230769 0.044921875 0.4326923076923077
18 0.640625 0.4807692307692308 0.072265625 0.46153846153846156
18 0.576171875 0.5 0.078125 0.4519230769230769
18 0.521484375 0.5096153846153846 0.046875 0.46153846153846156
18 0.423828125 0.5384615384615384 0.05078125 0.49038461538461536
18 0.47265625 0.5384615384615384 0.060546875 0.4326923076923077
18 0.26171875 0.5480769230769231 0.064453125 0.5096153846153846
18 0.322265625 0.5576923076923077 0.056640625 0.4519230769230769
18 0.380859375 0.5576923076923077 0.060546875 0.4519230769230769
18 0.14453125 0.5576923076923077 0.06640625 0.46153846153846156
18 0.205078125 0.5673076923076923 0.064453125 0.47115384615384615
18 0.095703125 0.5865384615384616 0.056640625 0.4326923076923077