18 0.412109375 0.44405594405594406 0.056640625 0.22377622377622378
18 0.466796875 0.4825174825174825 0.052734375 0.21328671328671328
18 0.517578125 0.5209790209790209 0.05859375 0.21328671328671328
18 0.5703125 0.5664335664335665 0.052734375 0.21678321678321677
18 0.62109375 0.5979020979020979 0.056640625 0.21678321678321677
18 0.669921875 0.6398601398601399 0.052734375 0.22377622377622378
18 0.71875 0.6853146853146853 0.048828125 0.23076923076923078
18 0.765625 0.7202797202797203 0.056640625 0.22377622377622378
18 0.81640625 0.7552447552447552 0.048828125 0.22377622377622378
18 0.861328125 0.7867132867132867 0.052734375 0.22377622377622378
18 0.908203125 0.8321678321678322 0.052734375 0.22727272727272727
18 0.083984375 0.1853146853146853 0.07421875 0.23076923076923078
18 0.146484375 0.22377622377622378 0.068359375 0.21328671328671328
18 0.19140625 0.2762237762237762 0.060546875 0.24475524475524477
18 0.25390625 0.3181818181818182 0.0625 0.23076923076923078
18 0.3125 0.35664335664335667 0.068359375 0.21328671328671328
18 0.36328125 0.3986013986013986 0.064453125 0.23076923076923078