18 0.583984375 0.5625 0.064453125 0.265625
18 0.63671875 0.59375 0.064453125 0.2604166666666667
18 0.69140625 0.625 0.0625 0.265625
18 0.744140625 0.65625 0.0625 0.2604166666666667
18 0.798828125 0.6875 0.068359375 0.2604166666666667
18 0.849609375 0.7291666666666666 0.068359375 0.2604166666666667
18 0.90625 0.7760416666666666 0.07421875 0.2604166666666667
18 0.09375 0.22395833333333334 0.064453125 0.2552083333333333
18 0.138671875 0.2604166666666667 0.064453125 0.2552083333333333
18 0.193359375 0.2916666666666667 0.060546875 0.234375
18 0.236328125 0.3125 0.072265625 0.24479166666666666
18 0.283203125 0.34375 0.068359375 0.24479166666666666
18 0.3359375 0.3854166666666667 0.0625 0.23958333333333334
18 0.38671875 0.4322916666666667 0.0625 0.24479166666666666
18 0.4296875 0.4583333333333333 0.06640625 0.25
18 0.484375 0.4895833333333333 0.06640625 0.24479166666666666
18 0.537109375 0.515625 0.08203125 0.265625