18 0.07421875 0.3790322580645161 0.056640625 0.532258064516129
18 0.125 0.3870967741935484 0.052734375 0.5161290322580645
18 0.1796875 0.4112903225806452 0.05859375 0.5241935483870968
18 0.232421875 0.4274193548387097 0.056640625 0.5241935483870968
18 0.28515625 0.4435483870967742 0.0546875 0.5241935483870968
18 0.337890625 0.4596774193548387 0.0546875 0.5241935483870968
18 0.390625 0.46774193548387094 0.0546875 0.5241935483870968
18 0.4453125 0.49193548387096775 0.056640625 0.5241935483870968
18 0.5 0.5 0.052734375 0.5403225806451613
18 0.552734375 0.5161290322580645 0.0546875 0.5161290322580645
18 0.607421875 0.5403225806451613 0.052734375 0.532258064516129
18 0.66015625 0.5483870967741935 0.052734375 0.532258064516129
18 0.71484375 0.5725806451612904 0.056640625 0.5645161290322581
18 0.76953125 0.5725806451612904 0.0546875 0.5645161290322581
18 0.826171875 0.5887096774193549 0.05859375 0.5483870967741935
18 0.8828125 0.5887096774193549 0.05859375 0.5483870967741935
18 0.935546875 0.6048387096774194 0.044921875 0.5564516129032258