18 0.609375 0.578125 0.060546875 0.203125
18 0.6640625 0.6197916666666666 0.064453125 0.21875
18 0.724609375 0.65625 0.0625 0.21875
18 0.77734375 0.6875 0.068359375 0.234375
18 0.8359375 0.734375 0.0625 0.22395833333333334
18 0.892578125 0.7916666666666666 0.06640625 0.234375
18 0.037109375 0.171875 0.041015625 0.21354166666666666
18 0.095703125 0.19791666666666666 0.052734375 0.20833333333333334
18 0.142578125 0.234375 0.056640625 0.21354166666666666
18 0.181640625 0.2760416666666667 0.06640625 0.21354166666666666
18 0.2265625 0.3072916666666667 0.05859375 0.21875
18 0.27734375 0.359375 0.06640625 0.21875
18 0.326171875 0.3802083333333333 0.052734375 0.18229166666666666
18 0.37890625 0.4114583333333333 0.0625 0.203125
18 0.431640625 0.4583333333333333 0.0703125 0.20833333333333334
18 0.494140625 0.5 0.083984375 0.22916666666666666
18 0.5546875 0.5416666666666666 0.06640625 0.22395833333333334