18 0.900390625 0.5714285714285714 0.052734375 0.5595238095238095
18 0.83984375 0.5714285714285714 0.056640625 0.5476190476190477
18 0.955078125 0.5952380952380952 0.052734375 0.5476190476190477
18 0.05078125 0.40476190476190477 0.041015625 0.5476190476190477
18 0.103515625 0.4166666666666667 0.0546875 0.5476190476190477
18 0.158203125 0.42857142857142855 0.0546875 0.5357142857142857
18 0.2109375 0.44047619047619047 0.052734375 0.5357142857142857
18 0.265625 0.4523809523809524 0.05078125 0.5357142857142857
18 0.3203125 0.4642857142857143 0.056640625 0.5238095238095238
18 0.37890625 0.4642857142857143 0.0546875 0.5238095238095238
18 0.431640625 0.47619047619047616 0.05078125 0.5238095238095238
18 0.486328125 0.4880952380952381 0.0546875 0.5238095238095238
18 0.546875 0.5119047619047619 0.06640625 0.5357142857142857
18 0.611328125 0.5119047619047619 0.05078125 0.5357142857142857
18 0.66796875 0.5238095238095238 0.060546875 0.5119047619047619
18 0.724609375 0.5357142857142857 0.052734375 0.5119047619047619
18 0.78125 0.5476190476190477 0.05859375 0.5476190476190477