18 0.85546875 0.4649122807017544 0.048828125 0.5789473684210527
18 0.626953125 0.47368421052631576 0.0546875 0.5614035087719298
18 0.349609375 0.47368421052631576 0.052734375 0.5526315789473685
18 0.513671875 0.47368421052631576 0.052734375 0.5789473684210527
18 0.568359375 0.47368421052631576 0.060546875 0.5526315789473685
18 0.685546875 0.47368421052631576 0.052734375 0.5789473684210527
18 0.740234375 0.47368421052631576 0.0546875 0.5789473684210527
18 0.974609375 0.47368421052631576 0.0390625 0.5789473684210527
18 0.9140625 0.4824561403508772 0.052734375 0.6052631578947368
18 0.404296875 0.4824561403508772 0.033203125 0.5614035087719298
18 0.798828125 0.4824561403508772 0.048828125 0.5877192982456141
18 0.45703125 0.49122807017543857 0.052734375 0.5789473684210527
18 0.1875 0.49122807017543857 0.048828125 0.5526315789473685
18 0.294921875 0.49122807017543857 0.048828125 0.5614035087719298
18 0.08203125 0.49122807017543857 0.052734375 0.543859649122807
18 0.134765625 0.49122807017543857 0.046875 0.543859649122807
18 0.2421875 0.49122807017543857 0.0546875 0.5614035087719298