18 0.923828125 0.4435483870967742 0.046875 0.6129032258064516
18 0.869140625 0.45161290322580644 0.052734375 0.5967741935483871
18 0.806640625 0.4596774193548387 0.048828125 0.5967741935483871
18 0.75390625 0.47580645161290325 0.048828125 0.5967741935483871
18 0.708984375 0.47580645161290325 0.037109375 0.5887096774193549
18 0.66015625 0.4838709677419355 0.0546875 0.5967741935483871
18 0.607421875 0.49193548387096775 0.056640625 0.5887096774193549
18 0.544921875 0.5 0.056640625 0.5887096774193549
18 0.490234375 0.5080645161290323 0.056640625 0.5887096774193549
18 0.388671875 0.5241935483870968 0.037109375 0.5887096774193549
18 0.43359375 0.5241935483870968 0.052734375 0.5967741935483871
18 0.345703125 0.532258064516129 0.0546875 0.6129032258064516
18 0.2890625 0.5403225806451613 0.052734375 0.5887096774193549
18 0.23046875 0.5483870967741935 0.048828125 0.5967741935483871
18 0.1796875 0.5564516129032258 0.052734375 0.5967741935483871
18 0.068359375 0.5645161290322581 0.060546875 0.5887096774193549
18 0.123046875 0.5725806451612904 0.048828125 0.5725806451612904