18 0.28125 0.29398148148148145 0.091796875 0.11574074074074074
18 0.330078125 0.3425925925925926 0.087890625 0.12268518518518519
18 0.3828125 0.3773148148148148 0.078125 0.11342592592592593
18 0.416015625 0.4097222222222222 0.087890625 0.11574074074074074
18 0.466796875 0.45601851851851855 0.087890625 0.12037037037037036
18 0.51953125 0.5092592592592593 0.103515625 0.13425925925925927
18 0.580078125 0.5671296296296297 0.087890625 0.12962962962962962
18 0.634765625 0.6226851851851852 0.095703125 0.1388888888888889
18 0.69140625 0.6574074074074074 0.072265625 0.11574074074074074
18 0.73046875 0.6967592592592593 0.1015625 0.12268518518518519
18 0.7734375 0.7592592592592593 0.076171875 0.11805555555555555
18 0.83984375 0.7962962962962963 0.083984375 0.11342592592592593
18 0.896484375 0.8587962962962963 0.1015625 0.12962962962962962
18 0.091796875 0.13194444444444445 0.06640625 0.11805555555555555
18 0.146484375 0.16435185185185186 0.08203125 0.11574074074074074
18 0.1953125 0.2013888888888889 0.078125 0.11805555555555555
18 0.234375 0.24768518518518517 0.087890625 0.12037037037037036