18 0.126953125 0.36607142857142855 0.0546875 0.48214285714285715
18 0.07421875 0.38392857142857145 0.0625 0.48214285714285715
18 0.232421875 0.4107142857142857 0.072265625 0.5089285714285714
18 0.177734375 0.4107142857142857 0.0625 0.5267857142857143
18 0.28515625 0.44642857142857145 0.0546875 0.48214285714285715
18 0.3359375 0.44642857142857145 0.06640625 0.5267857142857143
18 0.39453125 0.48214285714285715 0.05859375 0.5089285714285714
18 0.4453125 0.5 0.052734375 0.49107142857142855
18 0.498046875 0.5178571428571429 0.056640625 0.5089285714285714
18 0.552734375 0.5267857142857143 0.060546875 0.5357142857142857
18 0.60546875 0.5357142857142857 0.0546875 0.49107142857142855
18 0.7109375 0.5357142857142857 0.056640625 0.49107142857142855
18 0.66015625 0.5357142857142857 0.060546875 0.48214285714285715
18 0.767578125 0.5625 0.068359375 0.5
18 0.8203125 0.5714285714285714 0.072265625 0.49107142857142855
18 0.9375 0.5982142857142857 0.07421875 0.48214285714285715
18 0.87890625 0.5982142857142857 0.052734375 0.49107142857142855