18 0.62890625 0.4782608695652174 0.033203125 0.5869565217391305
18 0.685546875 0.4782608695652174 0.046875 0.6195652173913043
18 0.857421875 0.4782608695652174 0.048828125 0.6413043478260869
18 0.7421875 0.4891304347826087 0.048828125 0.5978260869565217
18 0.80078125 0.4891304347826087 0.05078125 0.6847826086956522
18 0.91796875 0.4891304347826087 0.05078125 0.6413043478260869
18 0.5703125 0.5 0.048828125 0.6086956521739131
18 0.306640625 0.5108695652173914 0.046875 0.6086956521739131
18 0.359375 0.5108695652173914 0.03125 0.5652173913043478
18 0.408203125 0.5108695652173914 0.05078125 0.6086956521739131
18 0.462890625 0.5108695652173914 0.05078125 0.6086956521739131
18 0.517578125 0.5108695652173914 0.0546875 0.6086956521739131
18 0.158203125 0.5108695652173914 0.048828125 0.5652173913043478
18 0.251953125 0.5108695652173914 0.046875 0.5760869565217391
18 0.208984375 0.5217391304347826 0.048828125 0.5869565217391305
18 0.060546875 0.5217391304347826 0.052734375 0.5869565217391305
18 0.111328125 0.532608695652174 0.046875 0.5869565217391305