18 0.140625 0.4189189189189189 0.09375 0.4594594594594595
18 0.208984375 0.44594594594594594 0.05859375 0.47297297297297297
18 0.072265625 0.44594594594594594 0.072265625 0.47297297297297297
18 0.267578125 0.4594594594594595 0.072265625 0.5135135135135135
18 0.322265625 0.47297297297297297 0.0546875 0.5135135135135135
18 0.37109375 0.47297297297297297 0.0546875 0.4594594594594595
18 0.4609375 0.4864864864864865 0.056640625 0.5135135135135135
18 0.578125 0.4864864864864865 0.080078125 0.5135135135135135
18 0.63671875 0.4864864864864865 0.05078125 0.5135135135135135
18 0.515625 0.5 0.056640625 0.527027027027027
18 0.4140625 0.5 0.044921875 0.5135135135135135
18 0.68359375 0.5135135135135135 0.052734375 0.47297297297297297
18 0.73046875 0.5135135135135135 0.05078125 0.4864864864864865
18 0.828125 0.527027027027027 0.05078125 0.47297297297297297
18 0.779296875 0.527027027027027 0.05859375 0.4594594594594595
18 0.923828125 0.527027027027027 0.052734375 0.5135135135135135
18 0.873046875 0.5405405405405406 0.052734375 0.5