18 0.064453125 0.37755102040816324 0.0546875 0.5
18 0.115234375 0.3979591836734694 0.048828125 0.4897959183673469
18 0.21484375 0.40816326530612246 0.056640625 0.5
18 0.162109375 0.40816326530612246 0.044921875 0.5204081632653061
18 0.263671875 0.42857142857142855 0.052734375 0.5
18 0.314453125 0.4387755102040816 0.046875 0.5
18 0.37109375 0.4489795918367347 0.03515625 0.4897959183673469
18 0.41796875 0.4489795918367347 0.0546875 0.5
18 0.470703125 0.45918367346938777 0.052734375 0.4897959183673469
18 0.52734375 0.46938775510204084 0.060546875 0.5
18 0.578125 0.47959183673469385 0.056640625 0.5102040816326531
18 0.6328125 0.4897959183673469 0.0546875 0.5204081632653061
18 0.6953125 0.4897959183673469 0.03515625 0.5204081632653061
18 0.748046875 0.5102040816326531 0.052734375 0.5204081632653061
18 0.8046875 0.5204081632653061 0.0546875 0.5102040816326531
18 0.86328125 0.5408163265306123 0.056640625 0.5408163265306123
18 0.921875 0.5408163265306123 0.05859375 0.5306122448979592