18 0.0703125 0.4024390243902439 0.060546875 0.43902439024390244
18 0.146484375 0.4024390243902439 0.08203125 0.4146341463414634
18 0.21875 0.43902439024390244 0.05078125 0.4146341463414634
18 0.267578125 0.4634146341463415 0.0546875 0.4268292682926829
18 0.32421875 0.4634146341463415 0.052734375 0.4268292682926829
18 0.375 0.47560975609756095 0.052734375 0.43902439024390244
18 0.431640625 0.5 0.048828125 0.4268292682926829
18 0.48046875 0.5121951219512195 0.029296875 0.4146341463414634
18 0.533203125 0.5121951219512195 0.056640625 0.4146341463414634
18 0.58984375 0.524390243902439 0.056640625 0.4268292682926829
18 0.6484375 0.5487804878048781 0.056640625 0.45121951219512196
18 0.701171875 0.573170731707317 0.044921875 0.43902439024390244
18 0.751953125 0.5975609756097561 0.048828125 0.4146341463414634
18 0.798828125 0.5975609756097561 0.046875 0.4268292682926829
18 0.849609375 0.6219512195121951 0.046875 0.4268292682926829
18 0.896484375 0.6219512195121951 0.044921875 0.4268292682926829
18 0.94921875 0.6463414634146342 0.046875 0.4024390243902439