18 0.9375 0.4666666666666667 0.0859375 0.6222222222222222
18 0.427734375 0.4777777777777778 0.0703125 0.6666666666666666
18 0.57421875 0.4888888888888889 0.07421875 0.6555555555555556
18 0.26171875 0.4888888888888889 0.06640625 0.6666666666666666
18 0.31640625 0.4888888888888889 0.0625 0.6666666666666666
18 0.46875 0.4888888888888889 0.05859375 0.7222222222222222
18 0.099609375 0.4888888888888889 0.076171875 0.6333333333333333
18 0.673828125 0.5 0.0625 0.6555555555555556
18 0.728515625 0.5 0.068359375 0.6555555555555556
18 0.775390625 0.5 0.06640625 0.5888888888888889
18 0.830078125 0.5 0.068359375 0.5888888888888889
18 0.15234375 0.5 0.05859375 0.6777777777777778
18 0.6328125 0.5111111111111111 0.0625 0.6666666666666666
18 0.8828125 0.5111111111111111 0.068359375 0.7
18 0.36328125 0.5111111111111111 0.0703125 0.6777777777777778
18 0.205078125 0.5111111111111111 0.052734375 0.6555555555555556
18 0.525390625 0.5222222222222223 0.0625 0.6666666666666666