18 0.939453125 0.359375 0.037109375 0.515625
18 0.892578125 0.359375 0.044921875 0.5625
18 0.8515625 0.375 0.041015625 0.515625
18 0.802734375 0.390625 0.044921875 0.515625
18 0.755859375 0.40625 0.04296875 0.546875
18 0.708984375 0.421875 0.0390625 0.515625
18 0.658203125 0.4375 0.046875 0.546875
18 0.5546875 0.453125 0.04296875 0.546875
18 0.44140625 0.453125 0.052734375 0.625
18 0.60546875 0.453125 0.04296875 0.53125
18 0.5 0.484375 0.064453125 0.609375
18 0.27734375 0.515625 0.056640625 0.609375
18 0.388671875 0.515625 0.048828125 0.640625
18 0.333984375 0.53125 0.0546875 0.59375
18 0.216796875 0.546875 0.052734375 0.625
18 0.05078125 0.5625 0.07421875 0.625
18 0.134765625 0.578125 0.091796875 0.625