18 0.056640625 0.3541666666666667 0.048828125 0.5416666666666666
18 0.107421875 0.375 0.046875 0.5104166666666666
18 0.16015625 0.40625 0.044921875 0.5208333333333334
18 0.212890625 0.40625 0.046875 0.5208333333333334
18 0.263671875 0.4166666666666667 0.046875 0.5520833333333334
18 0.318359375 0.4479166666666667 0.044921875 0.5833333333333334
18 0.421875 0.46875 0.05078125 0.59375
18 0.369140625 0.46875 0.025390625 0.5729166666666666
18 0.4765625 0.4791666666666667 0.046875 0.5833333333333334
18 0.533203125 0.4895833333333333 0.05078125 0.5625
18 0.58984375 0.5 0.05078125 0.5729166666666666
18 0.646484375 0.5208333333333334 0.025390625 0.5416666666666666
18 0.703125 0.53125 0.046875 0.5520833333333334
18 0.759765625 0.5416666666666666 0.052734375 0.5625
18 0.818359375 0.5729166666666666 0.0546875 0.59375
18 0.87890625 0.5833333333333334 0.05078125 0.59375
18 0.94140625 0.6041666666666666 0.052734375 0.59375