18 0.728515625 0.6607142857142857 0.04296875 0.26785714285714285
18 0.783203125 0.6964285714285714 0.04296875 0.26785714285714285
18 0.8359375 0.7232142857142857 0.046875 0.2857142857142857
18 0.888671875 0.75 0.044921875 0.29464285714285715
18 0.94140625 0.7767857142857143 0.041015625 0.3125
18 0.05078125 0.26785714285714285 0.052734375 0.30357142857142855
18 0.125 0.29464285714285715 0.0703125 0.33035714285714285
18 0.185546875 0.35714285714285715 0.041015625 0.2857142857142857
18 0.240234375 0.38392857142857145 0.05078125 0.29464285714285715
18 0.30078125 0.41964285714285715 0.05078125 0.3125
18 0.3515625 0.42857142857142855 0.04296875 0.26785714285714285
18 0.40625 0.4642857142857143 0.052734375 0.30357142857142855
18 0.462890625 0.49107142857142855 0.052734375 0.30357142857142855
18 0.517578125 0.5357142857142857 0.044921875 0.2767857142857143
18 0.5703125 0.5714285714285714 0.052734375 0.3125
18 0.625 0.5982142857142857 0.052734375 0.3125
18 0.6796875 0.6339285714285714 0.041015625 0.29464285714285715