18 0.091796875 0.43636363636363634 0.05859375 0.5272727272727272
18 0.140625 0.43636363636363634 0.05078125 0.5272727272727272
18 0.19140625 0.43636363636363634 0.05859375 0.5272727272727272
18 0.2421875 0.44545454545454544 0.0546875 0.509090909090909
18 0.34375 0.44545454545454544 0.05859375 0.5454545454545454
18 0.29296875 0.45454545454545453 0.0546875 0.5272727272727272
18 0.392578125 0.4636363636363636 0.0546875 0.5454545454545454
18 0.544921875 0.4636363636363636 0.0546875 0.5454545454545454
18 0.595703125 0.4636363636363636 0.05078125 0.5454545454545454
18 0.44140625 0.4727272727272727 0.046875 0.5272727272727272
18 0.49609375 0.4727272727272727 0.05078125 0.5636363636363636
18 0.646484375 0.4727272727272727 0.05859375 0.5636363636363636
18 0.697265625 0.4727272727272727 0.0390625 0.5636363636363636
18 0.748046875 0.4909090909090909 0.05078125 0.5636363636363636
18 0.796875 0.4909090909090909 0.0546875 0.5636363636363636
18 0.853515625 0.4909090909090909 0.0546875 0.5454545454545454
18 0.90234375 0.5 0.04296875 0.5272727272727272