18 0.9296875 0.2357142857142857 0.06640625 0.29285714285714287
18 0.87109375 0.2857142857142857 0.06640625 0.34285714285714286
18 0.8125 0.3 0.05859375 0.2642857142857143
18 0.7578125 0.32857142857142857 0.05859375 0.2785714285714286
18 0.705078125 0.35 0.06640625 0.2785714285714286
18 0.650390625 0.39285714285714285 0.0625 0.3
18 0.59765625 0.4142857142857143 0.06640625 0.2642857142857143
18 0.544921875 0.4642857142857143 0.068359375 0.3142857142857143
18 0.48828125 0.4928571428571429 0.06640625 0.2857142857142857
18 0.431640625 0.5 0.060546875 0.25
18 0.328125 0.5642857142857143 0.068359375 0.2714285714285714
18 0.38671875 0.5642857142857143 0.080078125 0.3
18 0.27734375 0.6 0.068359375 0.2642857142857143
18 0.220703125 0.6285714285714286 0.076171875 0.2714285714285714
18 0.169921875 0.6714285714285714 0.08203125 0.2785714285714286
18 0.111328125 0.6857142857142857 0.064453125 0.2642857142857143
18 0.064453125 0.7142857142857143 0.087890625 0.2714285714285714