18 0.88671875 0.7341772151898734 0.0625 0.25949367088607594
18 0.947265625 0.7658227848101266 0.068359375 0.25949367088607594
18 0.076171875 0.26582278481012656 0.048828125 0.26582278481012656
18 0.13671875 0.2911392405063291 0.0625 0.2721518987341772
18 0.19140625 0.3227848101265823 0.060546875 0.2911392405063291
18 0.24609375 0.36075949367088606 0.07421875 0.26582278481012656
18 0.30078125 0.3924050632911392 0.064453125 0.2721518987341772
18 0.359375 0.43670886075949367 0.07421875 0.26582278481012656
18 0.41015625 0.45569620253164556 0.0546875 0.25316455696202533
18 0.45703125 0.4936708860759494 0.05859375 0.2721518987341772
18 0.505859375 0.5253164556962026 0.05859375 0.2721518987341772
18 0.568359375 0.5569620253164557 0.080078125 0.25949367088607594
18 0.63671875 0.5949367088607594 0.064453125 0.25949367088607594
18 0.69140625 0.6265822784810127 0.048828125 0.27848101265822783
18 0.734375 0.6518987341772152 0.04296875 0.26582278481012656
18 0.775390625 0.6772151898734177 0.04296875 0.25949367088607594
18 0.82421875 0.6962025316455697 0.0625 0.2721518987341772