18 0.06640625 0.3389830508474576 0.072265625 0.5084745762711864
18 0.11328125 0.3644067796610169 0.05859375 0.4915254237288136
18 0.2109375 0.3898305084745763 0.05859375 0.5169491525423728
18 0.162109375 0.3983050847457627 0.05078125 0.5084745762711864
18 0.25390625 0.4152542372881356 0.064453125 0.5338983050847458
18 0.310546875 0.4152542372881356 0.05859375 0.5169491525423728
18 0.36328125 0.4491525423728814 0.05078125 0.4915254237288136
18 0.40625 0.4745762711864407 0.064453125 0.5254237288135594
18 0.455078125 0.4830508474576271 0.072265625 0.4491525423728814
18 0.517578125 0.5084745762711864 0.080078125 0.4830508474576271
18 0.5703125 0.5169491525423728 0.072265625 0.4745762711864407
18 0.626953125 0.5338983050847458 0.07421875 0.4915254237288136
18 0.685546875 0.5508474576271186 0.072265625 0.5084745762711864
18 0.74609375 0.559322033898305 0.07421875 0.5169491525423728
18 0.8046875 0.6016949152542372 0.0703125 0.5169491525423728
18 0.865234375 0.6271186440677966 0.07421875 0.5423728813559322
18 0.9296875 0.6271186440677966 0.068359375 0.5169491525423728