18 0.05859375 0.4069767441860465 0.052734375 0.5930232558139535
18 0.16015625 0.4418604651162791 0.041015625 0.6046511627906976
18 0.212890625 0.4418604651162791 0.048828125 0.5930232558139535
18 0.109375 0.45348837209302323 0.04296875 0.6162790697674418
18 0.267578125 0.45348837209302323 0.046875 0.5930232558139535
18 0.3203125 0.46511627906976744 0.048828125 0.6046511627906976
18 0.376953125 0.46511627906976744 0.02734375 0.6162790697674418
18 0.427734375 0.4883720930232558 0.048828125 0.6046511627906976
18 0.484375 0.4883720930232558 0.046875 0.5930232558139535
18 0.5390625 0.5 0.048828125 0.6046511627906976
18 0.595703125 0.5116279069767442 0.048828125 0.6046511627906976
18 0.654296875 0.5348837209302325 0.048828125 0.6162790697674418
18 0.712890625 0.5348837209302325 0.048828125 0.6162790697674418
18 0.83203125 0.5465116279069767 0.041015625 0.6162790697674418
18 0.771484375 0.5581395348837209 0.05078125 0.6395348837209303
18 0.890625 0.5581395348837209 0.060546875 0.6744186046511628
18 0.951171875 0.5697674418604651 0.0625 0.6627906976744186