18 0.583984375 0.5441176470588235 0.0625 0.2696078431372549
18 0.638671875 0.5784313725490197 0.05078125 0.25
18 0.697265625 0.6127450980392157 0.048828125 0.2696078431372549
18 0.75 0.6519607843137255 0.05859375 0.2549019607843137
18 0.806640625 0.6911764705882353 0.05859375 0.27450980392156865
18 0.865234375 0.7205882352941176 0.060546875 0.28431372549019607
18 0.923828125 0.7696078431372549 0.068359375 0.27450980392156865
18 0.056640625 0.19607843137254902 0.060546875 0.2647058823529412
18 0.107421875 0.23039215686274508 0.05078125 0.25
18 0.15625 0.2647058823529412 0.05078125 0.2549019607843137
18 0.20703125 0.29411764705882354 0.0625 0.2696078431372549
18 0.2578125 0.3333333333333333 0.0546875 0.27450980392156865
18 0.310546875 0.3627450980392157 0.052734375 0.25980392156862747
18 0.369140625 0.39705882352941174 0.056640625 0.25980392156862747
18 0.421875 0.43137254901960786 0.052734375 0.25980392156862747
18 0.47265625 0.46568627450980393 0.056640625 0.27450980392156865
18 0.529296875 0.5049019607843137 0.0625 0.2647058823529412