18 0.470703125 0.4739583333333333 0.052734375 0.2604166666666667
18 0.5234375 0.5052083333333334 0.060546875 0.2708333333333333
18 0.5859375 0.5520833333333334 0.060546875 0.265625
18 0.640625 0.578125 0.05078125 0.23958333333333334
18 0.6953125 0.6197916666666666 0.0546875 0.234375
18 0.751953125 0.6666666666666666 0.041015625 0.25
18 0.810546875 0.6979166666666666 0.0546875 0.25
18 0.87109375 0.734375 0.056640625 0.25
18 0.9296875 0.7760416666666666 0.060546875 0.2552083333333333
18 0.0546875 0.19270833333333334 0.0546875 0.24479166666666666
18 0.107421875 0.22916666666666666 0.07421875 0.25
18 0.171875 0.2708333333333333 0.048828125 0.22916666666666666
18 0.216796875 0.3020833333333333 0.05078125 0.25
18 0.265625 0.3385416666666667 0.05078125 0.265625
18 0.314453125 0.3697916666666667 0.05078125 0.2552083333333333
18 0.365234375 0.4010416666666667 0.0546875 0.23958333333333334
18 0.416015625 0.4375 0.0546875 0.2552083333333333