18 0.05078125 0.3372093023255814 0.052734375 0.3953488372093023
18 0.115234375 0.3488372093023256 0.072265625 0.37209302325581395
18 0.173828125 0.38372093023255816 0.04296875 0.3953488372093023
18 0.228515625 0.4186046511627907 0.0546875 0.4186046511627907
18 0.2890625 0.45348837209302323 0.052734375 0.43023255813953487
18 0.390625 0.45348837209302323 0.048828125 0.37209302325581395
18 0.337890625 0.45348837209302323 0.0390625 0.43023255813953487
18 0.4453125 0.5 0.048828125 0.4186046511627907
18 0.5 0.5232558139534884 0.046875 0.3953488372093023
18 0.61328125 0.5465116279069767 0.04296875 0.4186046511627907
18 0.55859375 0.5465116279069767 0.048828125 0.43023255813953487
18 0.669921875 0.5930232558139535 0.046875 0.4418604651162791
18 0.724609375 0.6046511627906976 0.046875 0.4069767441860465
18 0.779296875 0.6395348837209303 0.05078125 0.45348837209302323
18 0.833984375 0.6744186046511628 0.052734375 0.4418604651162791
18 0.888671875 0.686046511627907 0.05078125 0.4186046511627907
18 0.94921875 0.7093023255813954 0.044921875 0.4418604651162791