18 0.267578125 0.4605263157894737 0.056640625 0.6842105263157895
18 0.3203125 0.4605263157894737 0.05859375 0.6578947368421053
18 0.41796875 0.4605263157894737 0.052734375 0.6842105263157895
18 0.46875 0.4605263157894737 0.05078125 0.6578947368421053
18 0.865234375 0.4605263157894737 0.052734375 0.6578947368421053
18 0.119140625 0.4605263157894737 0.064453125 0.7105263157894737
18 0.16796875 0.4605263157894737 0.046875 0.6842105263157895
18 0.21875 0.4605263157894737 0.056640625 0.6578947368421053
18 0.369140625 0.47368421052631576 0.052734375 0.6973684210526315
18 0.56640625 0.47368421052631576 0.05078125 0.6973684210526315
18 0.615234375 0.47368421052631576 0.05078125 0.6973684210526315
18 0.66796875 0.47368421052631576 0.052734375 0.6710526315789473
18 0.9140625 0.47368421052631576 0.05078125 0.6973684210526315
18 0.515625 0.47368421052631576 0.052734375 0.7105263157894737
18 0.716796875 0.47368421052631576 0.05078125 0.6842105263157895
18 0.76171875 0.47368421052631576 0.046875 0.6842105263157895
18 0.814453125 0.47368421052631576 0.05078125 0.6578947368421053