18 0.060546875 0.3723404255319149 0.060546875 0.5
18 0.126953125 0.39361702127659576 0.056640625 0.4574468085106383
18 0.236328125 0.4148936170212766 0.05078125 0.425531914893617
18 0.181640625 0.425531914893617 0.0546875 0.425531914893617
18 0.296875 0.43617021276595747 0.068359375 0.425531914893617
18 0.357421875 0.4574468085106383 0.05078125 0.44680851063829785
18 0.41015625 0.46808510638297873 0.046875 0.425531914893617
18 0.462890625 0.4787234042553192 0.056640625 0.44680851063829785
18 0.525390625 0.5 0.05078125 0.44680851063829785
18 0.57421875 0.5212765957446809 0.046875 0.40425531914893614
18 0.626953125 0.5319148936170213 0.037109375 0.44680851063829785
18 0.66796875 0.5531914893617021 0.05078125 0.44680851063829785
18 0.720703125 0.5531914893617021 0.046875 0.44680851063829785
18 0.77734375 0.574468085106383 0.0546875 0.4787234042553192
18 0.880859375 0.5957446808510638 0.05078125 0.44680851063829785
18 0.93359375 0.5957446808510638 0.0546875 0.44680851063829785
18 0.83203125 0.5957446808510638 0.05078125 0.4574468085106383