18 0.9140625 0.45 0.064453125 0.42
18 0.595703125 0.48 0.05859375 0.42
18 0.767578125 0.48 0.046875 0.42
18 0.8125 0.48 0.052734375 0.42
18 0.859375 0.48 0.052734375 0.42
18 0.73046875 0.49 0.029296875 0.39
18 0.64453125 0.51 0.046875 0.48
18 0.685546875 0.51 0.05859375 0.42
18 0.265625 0.51 0.05859375 0.54
18 0.322265625 0.51 0.064453125 0.54
18 0.4375 0.51 0.05859375 0.48
18 0.490234375 0.51 0.05859375 0.48
18 0.537109375 0.51 0.05859375 0.42
18 0.146484375 0.53 0.05859375 0.51
18 0.208984375 0.53 0.052734375 0.51
18 0.380859375 0.53 0.052734375 0.45
18 0.087890625 0.54 0.05859375 0.48