18 0.953125 0.4090909090909091 0.048828125 0.45454545454545453
18 0.84765625 0.42424242424242425 0.0390625 0.5
18 0.791015625 0.42424242424242425 0.04296875 0.4393939393939394
18 0.8984375 0.4393939393939394 0.04296875 0.45454545454545453
18 0.689453125 0.4393939393939394 0.044921875 0.48484848484848486
18 0.7421875 0.4393939393939394 0.04296875 0.4696969696969697
18 0.63671875 0.4696969696969697 0.046875 0.5
18 0.515625 0.48484848484848486 0.044921875 0.42424242424242425
18 0.576171875 0.5 0.05859375 0.45454545454545453
18 0.3515625 0.5151515151515151 0.046875 0.45454545454545453
18 0.462890625 0.5151515151515151 0.05078125 0.5151515151515151
18 0.404296875 0.5303030303030303 0.05078125 0.48484848484848486
18 0.30078125 0.5454545454545454 0.044921875 0.45454545454545453
18 0.2421875 0.5757575757575758 0.052734375 0.45454545454545453
18 0.1875 0.5909090909090909 0.044921875 0.42424242424242425
18 0.0546875 0.6060606060606061 0.048828125 0.4696969696969697
18 0.123046875 0.6060606060606061 0.07421875 0.4696969696969697