18 0.060546875 0.3333333333333333 0.06640625 0.3627450980392157
18 0.125 0.35294117647058826 0.08984375 0.38235294117647056
18 0.19921875 0.38235294117647056 0.0625 0.3431372549019608
18 0.248046875 0.4117647058823529 0.05078125 0.3627450980392157
18 0.30859375 0.43137254901960786 0.060546875 0.35294117647058826
18 0.365234375 0.45098039215686275 0.0546875 0.3431372549019608
18 0.412109375 0.47058823529411764 0.044921875 0.37254901960784315
18 0.462890625 0.5 0.0546875 0.35294117647058826
18 0.517578125 0.5 0.0625 0.3627450980392157
18 0.58203125 0.5294117647058824 0.064453125 0.38235294117647056
18 0.638671875 0.5686274509803921 0.0546875 0.37254901960784315
18 0.689453125 0.5882352941176471 0.0546875 0.37254901960784315
18 0.73828125 0.6078431372549019 0.0546875 0.37254901960784315
18 0.7890625 0.6372549019607843 0.041015625 0.37254901960784315
18 0.841796875 0.6568627450980392 0.052734375 0.3627450980392157
18 0.892578125 0.6666666666666666 0.0546875 0.38235294117647056
18 0.9453125 0.696078431372549 0.060546875 0.37254901960784315