18 0.1015625 0.4485294117647059 0.0546875 0.4411764705882353
18 0.158203125 0.4632352941176471 0.068359375 0.4632352941176471
18 0.205078125 0.4632352941176471 0.041015625 0.4117647058823529
18 0.25390625 0.47794117647058826 0.068359375 0.4411764705882353
18 0.30859375 0.47794117647058826 0.0546875 0.4411764705882353
18 0.357421875 0.5 0.0546875 0.49264705882352944
18 0.412109375 0.5 0.0546875 0.4411764705882353
18 0.4609375 0.5147058823529411 0.0546875 0.4632352941176471
18 0.509765625 0.5294117647058824 0.0546875 0.4411764705882353
18 0.55859375 0.5294117647058824 0.0546875 0.49264705882352944
18 0.703125 0.5441176470588235 0.0546875 0.4632352941176471
18 0.75390625 0.5441176470588235 0.046875 0.4632352941176471
18 0.60546875 0.5441176470588235 0.0546875 0.4632352941176471
18 0.90625 0.5514705882352942 0.060546875 0.49264705882352944
18 0.654296875 0.5514705882352942 0.0546875 0.49264705882352944
18 0.806640625 0.5661764705882353 0.0546875 0.4632352941176471
18 0.8515625 0.5661764705882353 0.0546875 0.4632352941176471