18 0.0859375 0.40789473684210525 0.0625 0.39473684210526316
18 0.15234375 0.42105263157894735 0.068359375 0.42105263157894735
18 0.205078125 0.4473684210526316 0.037109375 0.39473684210526316
18 0.255859375 0.4605263157894737 0.0625 0.42105263157894735
18 0.30859375 0.4605263157894737 0.0546875 0.375
18 0.359375 0.4605263157894737 0.0546875 0.375
18 0.408203125 0.47368421052631576 0.04296875 0.39473684210526316
18 0.46484375 0.5 0.0546875 0.375
18 0.51171875 0.5263157894736842 0.048828125 0.42105263157894735
18 0.568359375 0.5263157894736842 0.048828125 0.42105263157894735
18 0.625 0.5526315789473685 0.0625 0.39473684210526316
18 0.671875 0.5526315789473685 0.0546875 0.39473684210526316
18 0.7265625 0.5526315789473685 0.0546875 0.39473684210526316
18 0.783203125 0.5789473684210527 0.0546875 0.39473684210526316
18 0.83984375 0.5789473684210527 0.068359375 0.39473684210526316
18 0.890625 0.5986842105263158 0.04296875 0.39473684210526316
18 0.93359375 0.618421052631579 0.068359375 0.39473684210526316