18 0.69921875 0.47619047619047616 0.056640625 0.49206349206349204
18 0.75 0.49206349206349204 0.056640625 0.5158730158730159
18 0.798828125 0.49206349206349204 0.056640625 0.5158730158730159
18 0.85546875 0.49206349206349204 0.056640625 0.5158730158730159
18 0.544921875 0.49206349206349204 0.0625 0.5158730158730159
18 0.642578125 0.49206349206349204 0.056640625 0.5158730158730159
18 0.90625 0.5079365079365079 0.0703125 0.5476190476190477
18 0.40234375 0.5079365079365079 0.048828125 0.49206349206349204
18 0.44140625 0.5079365079365079 0.056640625 0.49206349206349204
18 0.091796875 0.5158730158730159 0.0703125 0.5158730158730159
18 0.25 0.5158730158730159 0.083984375 0.5158730158730159
18 0.306640625 0.5158730158730159 0.056640625 0.5158730158730159
18 0.35546875 0.5158730158730159 0.056640625 0.5158730158730159
18 0.4921875 0.5158730158730159 0.056640625 0.5158730158730159
18 0.591796875 0.5158730158730159 0.056640625 0.5158730158730159
18 0.19921875 0.5317460317460317 0.041015625 0.49206349206349204
18 0.1484375 0.5476190476190477 0.0703125 0.5793650793650794