18 0.080078125 0.44166666666666665 0.052734375 0.6
18 0.1875 0.45 0.052734375 0.5916666666666667
18 0.13671875 0.45 0.052734375 0.6
18 0.2421875 0.4666666666666667 0.052734375 0.6083333333333333
18 0.294921875 0.4666666666666667 0.0546875 0.6333333333333333
18 0.40234375 0.48333333333333334 0.052734375 0.6166666666666667
18 0.349609375 0.48333333333333334 0.05078125 0.6083333333333333
18 0.455078125 0.5 0.0546875 0.6166666666666667
18 0.5078125 0.5 0.0546875 0.6
18 0.55859375 0.5 0.0546875 0.6166666666666667
18 0.60546875 0.5083333333333333 0.041015625 0.6
18 0.658203125 0.5166666666666667 0.052734375 0.5916666666666667
18 0.7109375 0.525 0.052734375 0.5916666666666667
18 0.76171875 0.5333333333333333 0.05078125 0.5916666666666667
18 0.810546875 0.55 0.05078125 0.5916666666666667
18 0.861328125 0.55 0.05078125 0.575
18 0.912109375 0.55 0.0546875 0.575