18 0.87890625 0.6666666666666666 0.05859375 0.4166666666666667
18 0.9375 0.6759259259259259 0.048828125 0.42592592592592593
18 0.984375 0.7129629629629629 0.025390625 0.46296296296296297
18 0.048828125 0.3148148148148148 0.05859375 0.4166666666666667
18 0.10546875 0.3425925925925926 0.048828125 0.4074074074074074
18 0.1640625 0.3611111111111111 0.0625 0.42592592592592593
18 0.220703125 0.37962962962962965 0.0546875 0.42592592592592593
18 0.27734375 0.4074074074074074 0.05859375 0.42592592592592593
18 0.337890625 0.4444444444444444 0.056640625 0.42592592592592593
18 0.396484375 0.46296296296296297 0.0625 0.4074074074074074
18 0.453125 0.5185185185185185 0.0625 0.4537037037037037
18 0.509765625 0.5277777777777778 0.05859375 0.4537037037037037
18 0.57421875 0.5555555555555556 0.0703125 0.4166666666666667
18 0.63671875 0.5740740740740741 0.052734375 0.4537037037037037
18 0.693359375 0.5833333333333334 0.052734375 0.4351851851851852
18 0.755859375 0.6111111111111112 0.064453125 0.3888888888888889
18 0.818359375 0.6388888888888888 0.056640625 0.4166666666666667