18 0.048828125 0.3611111111111111 0.05859375 0.49074074074074076
18 0.1015625 0.37962962962962965 0.05078125 0.4722222222222222
18 0.15234375 0.4074074074074074 0.048828125 0.5
18 0.20703125 0.4166666666666667 0.0546875 0.49074074074074076
18 0.2578125 0.4444444444444444 0.05078125 0.5092592592592593
18 0.31640625 0.4444444444444444 0.060546875 0.5
18 0.369140625 0.46296296296296297 0.029296875 0.5
18 0.419921875 0.48148148148148145 0.060546875 0.5092592592592593
18 0.474609375 0.49074074074074076 0.0546875 0.5185185185185185
18 0.533203125 0.5 0.0546875 0.5092592592592593
18 0.59375 0.5185185185185185 0.064453125 0.5277777777777778
18 0.6484375 0.5370370370370371 0.0390625 0.49074074074074076
18 0.70703125 0.5555555555555556 0.052734375 0.5
18 0.763671875 0.5648148148148148 0.052734375 0.5185185185185185
18 0.82421875 0.5925925925925926 0.056640625 0.5277777777777778
18 0.884765625 0.6111111111111112 0.05078125 0.5370370370370371
18 0.947265625 0.6296296296296297 0.0546875 0.5185185185185185