18 0.693359375 0.6173469387755102 0.0625 0.28061224489795916
18 0.75390625 0.6530612244897959 0.068359375 0.28061224489795916
18 0.810546875 0.6938775510204082 0.0625 0.2857142857142857
18 0.869140625 0.7295918367346939 0.072265625 0.29591836734693877
18 0.0703125 0.21428571428571427 0.07421875 0.25510204081632654
18 0.115234375 0.25 0.072265625 0.25
18 0.169921875 0.28061224489795916 0.060546875 0.25510204081632654
18 0.220703125 0.3112244897959184 0.072265625 0.25510204081632654
18 0.26953125 0.3520408163265306 0.076171875 0.2755102040816326
18 0.3203125 0.3826530612244898 0.06640625 0.25
18 0.373046875 0.413265306122449 0.05859375 0.2602040816326531
18 0.421875 0.4387755102040816 0.07421875 0.2755102040816326
18 0.4765625 0.4744897959183674 0.076171875 0.2755102040816326
18 0.53125 0.5051020408163265 0.0859375 0.2857142857142857
18 0.58203125 0.5561224489795918 0.080078125 0.28061224489795916
18 0.63671875 0.5918367346938775 0.072265625 0.2857142857142857