18 0.0625 0.30851063829787234 0.060546875 0.40425531914893614
18 0.12890625 0.32978723404255317 0.0859375 0.425531914893617
18 0.197265625 0.35106382978723405 0.056640625 0.4148936170212766
18 0.255859375 0.40425531914893614 0.0625 0.4148936170212766
18 0.3125 0.425531914893617 0.046875 0.39361702127659576
18 0.359375 0.43617021276595747 0.048828125 0.3723404255319149
18 0.40625 0.4574468085106383 0.03515625 0.4148936170212766
18 0.455078125 0.4787234042553192 0.05078125 0.3723404255319149
18 0.51171875 0.5 0.056640625 0.43617021276595747
18 0.576171875 0.5212765957446809 0.07421875 0.43617021276595747
18 0.640625 0.5638297872340425 0.05078125 0.39361702127659576
18 0.689453125 0.574468085106383 0.05078125 0.3617021276595745
18 0.7421875 0.6063829787234043 0.05078125 0.39361702127659576
18 0.794921875 0.6063829787234043 0.048828125 0.39361702127659576
18 0.845703125 0.6276595744680851 0.052734375 0.39361702127659576
18 0.8984375 0.6595744680851063 0.052734375 0.3723404255319149
18 0.953125 0.6702127659574468 0.052734375 0.39361702127659576