18 0.0546875 0.3181818181818182 0.076171875 0.4431818181818182
18 0.12890625 0.3977272727272727 0.080078125 0.48863636363636365
18 0.189453125 0.4090909090909091 0.046875 0.3977272727272727
18 0.244140625 0.42045454545454547 0.060546875 0.4659090909090909
18 0.296875 0.4431818181818182 0.05859375 0.4090909090909091
18 0.349609375 0.4772727272727273 0.052734375 0.4318181818181818
18 0.40625 0.5113636363636364 0.0625 0.4659090909090909
18 0.466796875 0.5340909090909091 0.05859375 0.42045454545454547
18 0.517578125 0.5454545454545454 0.0625 0.4318181818181818
18 0.576171875 0.5909090909090909 0.060546875 0.42045454545454547
18 0.634765625 0.625 0.056640625 0.42045454545454547
18 0.6875 0.6477272727272727 0.05078125 0.42045454545454547
18 0.736328125 0.6704545454545454 0.05078125 0.42045454545454547
18 0.7890625 0.6818181818181818 0.0546875 0.4090909090909091
18 0.84375 0.7159090909090909 0.056640625 0.4318181818181818
18 0.8984375 0.7386363636363636 0.04296875 0.42045454545454547
18 0.953125 0.7613636363636364 0.052734375 0.38636363636363635