18 0.064453125 0.39552238805970147 0.056640625 0.5597014925373134
18 0.12109375 0.41044776119402987 0.048828125 0.5671641791044776
18 0.234375 0.43283582089552236 0.052734375 0.5970149253731343
18 0.177734375 0.43283582089552236 0.0546875 0.582089552238806
18 0.291015625 0.4552238805970149 0.05078125 0.5746268656716418
18 0.349609375 0.4626865671641791 0.0546875 0.582089552238806
18 0.3984375 0.47761194029850745 0.03125 0.5746268656716418
18 0.44140625 0.4925373134328358 0.05078125 0.5746268656716418
18 0.49609375 0.5 0.0546875 0.5746268656716418
18 0.55859375 0.5149253731343284 0.0625 0.5597014925373134
18 0.61328125 0.5223880597014925 0.0546875 0.5671641791044776
18 0.67578125 0.5447761194029851 0.0546875 0.5746268656716418
18 0.73046875 0.5447761194029851 0.056640625 0.5597014925373134
18 0.791015625 0.5671641791044776 0.060546875 0.5671641791044776
18 0.853515625 0.5746268656716418 0.052734375 0.5746268656716418
18 0.900390625 0.5895522388059702 0.03515625 0.5671641791044776
18 0.9375 0.5970149253731343 0.03515625 0.5522388059701493