18 0.443359375 0.4732142857142857 0.064453125 0.6071428571428571
18 0.291015625 0.4732142857142857 0.068359375 0.5357142857142857
18 0.4921875 0.48214285714285715 0.064453125 0.5535714285714286
18 0.69921875 0.48214285714285715 0.060546875 0.5535714285714286
18 0.0859375 0.48214285714285715 0.068359375 0.5535714285714286
18 0.142578125 0.48214285714285715 0.056640625 0.5535714285714286
18 0.193359375 0.48214285714285715 0.052734375 0.5535714285714286
18 0.240234375 0.48214285714285715 0.056640625 0.5535714285714286
18 0.341796875 0.48214285714285715 0.056640625 0.5535714285714286
18 0.64453125 0.49107142857142855 0.056640625 0.5714285714285714
18 0.39453125 0.49107142857142855 0.064453125 0.5357142857142857
18 0.595703125 0.5 0.056640625 0.5535714285714286
18 0.74609375 0.5 0.064453125 0.5535714285714286
18 0.54296875 0.5089285714285714 0.060546875 0.5714285714285714
18 0.798828125 0.5089285714285714 0.056640625 0.5714285714285714
18 0.841796875 0.5089285714285714 0.052734375 0.5714285714285714
18 0.896484375 0.5178571428571429 0.064453125 0.5535714285714286