18 0.7734375 0.46875 0.060546875 0.4609375
18 0.822265625 0.46875 0.046875 0.4609375
18 0.8671875 0.484375 0.0546875 0.484375
18 0.916015625 0.484375 0.0546875 0.484375
18 0.62109375 0.5 0.072265625 0.5078125
18 0.6796875 0.5 0.0546875 0.4609375
18 0.724609375 0.5 0.060546875 0.4609375
18 0.41015625 0.5 0.06640625 0.5078125
18 0.30078125 0.5078125 0.06640625 0.484375
18 0.560546875 0.5078125 0.046875 0.484375
18 0.359375 0.5234375 0.060546875 0.5078125
18 0.1796875 0.53125 0.06640625 0.53125
18 0.462890625 0.53125 0.046875 0.484375
18 0.5078125 0.53125 0.0546875 0.484375
18 0.236328125 0.546875 0.072265625 0.5078125
18 0.078125 0.5703125 0.060546875 0.5078125
18 0.125 0.578125 0.0546875 0.484375