18 0.830078125 0.42063492063492064 0.056640625 0.5158730158730159
18 0.921875 0.42857142857142855 0.064453125 0.5
18 0.779296875 0.4365079365079365 0.052734375 0.47619047619047616
18 0.873046875 0.4365079365079365 0.0390625 0.5158730158730159
18 0.734375 0.4444444444444444 0.04296875 0.5
18 0.69140625 0.4523809523809524 0.052734375 0.5158730158730159
18 0.62890625 0.46825396825396826 0.078125 0.5158730158730159
18 0.5078125 0.47619047619047616 0.08203125 0.5
18 0.572265625 0.47619047619047616 0.060546875 0.5317460317460317
18 0.443359375 0.5158730158730159 0.052734375 0.4603174603174603
18 0.39453125 0.5238095238095238 0.052734375 0.5476190476190477
18 0.279296875 0.5317460317460317 0.056640625 0.5317460317460317
18 0.3359375 0.5317460317460317 0.064453125 0.5317460317460317
18 0.228515625 0.5396825396825397 0.052734375 0.5158730158730159
18 0.177734375 0.5634920634920635 0.056640625 0.5158730158730159
18 0.072265625 0.5793650793650794 0.07421875 0.5158730158730159
18 0.126953125 0.5873015873015873 0.052734375 0.5