18 0.0625 0.475 0.052734375 0.6083333333333333
18 0.11328125 0.48333333333333334 0.048828125 0.5833333333333334
18 0.587890625 0.49166666666666664 0.0625 0.6416666666666667
18 0.166015625 0.49166666666666664 0.056640625 0.6083333333333333
18 0.21484375 0.49166666666666664 0.056640625 0.6083333333333333
18 0.375 0.49166666666666664 0.03515625 0.6083333333333333
18 0.646484375 0.5 0.052734375 0.625
18 0.759765625 0.5 0.0390625 0.625
18 0.267578125 0.5 0.052734375 0.625
18 0.3203125 0.5 0.052734375 0.625
18 0.42578125 0.5 0.056640625 0.625
18 0.478515625 0.5083333333333333 0.056640625 0.6083333333333333
18 0.533203125 0.5083333333333333 0.056640625 0.6416666666666667
18 0.705078125 0.5083333333333333 0.04296875 0.6083333333333333
18 0.94140625 0.5083333333333333 0.0625 0.6416666666666667
18 0.8203125 0.5166666666666667 0.0625 0.625
18 0.876953125 0.5166666666666667 0.056640625 0.625