18 0.06640625 0.42857142857142855 0.046875 0.4785714285714286
18 0.115234375 0.42857142857142855 0.046875 0.4785714285714286
18 0.16015625 0.42857142857142855 0.046875 0.4785714285714286
18 0.2109375 0.44285714285714284 0.052734375 0.4928571428571429
18 0.306640625 0.45 0.052734375 0.5142857142857142
18 0.26171875 0.45714285714285713 0.046875 0.4928571428571429
18 0.361328125 0.4642857142857143 0.04296875 0.5142857142857142
18 0.517578125 0.4785714285714286 0.046875 0.5285714285714286
18 0.4140625 0.4785714285714286 0.052734375 0.5285714285714286
18 0.462890625 0.4785714285714286 0.052734375 0.5285714285714286
18 0.572265625 0.4928571428571429 0.056640625 0.5285714285714286
18 0.7421875 0.4928571428571429 0.056640625 0.5285714285714286
18 0.630859375 0.5 0.037109375 0.55
18 0.68359375 0.5 0.056640625 0.55
18 0.80078125 0.5 0.06640625 0.55
18 0.861328125 0.5214285714285715 0.0625 0.55
18 0.921875 0.5214285714285715 0.056640625 0.55