18 0.052734375 0.35106382978723405 0.060546875 0.32978723404255317
18 0.123046875 0.3829787234042553 0.0703125 0.35106382978723405
18 0.185546875 0.40425531914893614 0.052734375 0.35106382978723405
18 0.244140625 0.425531914893617 0.052734375 0.3617021276595745
18 0.3046875 0.4574468085106383 0.05078125 0.3723404255319149
18 0.35546875 0.4574468085106383 0.0390625 0.3617021276595745
18 0.40625 0.46808510638297873 0.05078125 0.3617021276595745
18 0.458984375 0.5 0.052734375 0.3829787234042553
18 0.515625 0.5319148936170213 0.052734375 0.39361702127659576
18 0.578125 0.5638297872340425 0.068359375 0.3829787234042553
18 0.640625 0.574468085106383 0.05859375 0.3723404255319149
18 0.689453125 0.5957446808510638 0.03515625 0.3723404255319149
18 0.736328125 0.6170212765957447 0.052734375 0.3829787234042553
18 0.7890625 0.648936170212766 0.048828125 0.3829787234042553
18 0.837890625 0.6702127659574468 0.048828125 0.3829787234042553
18 0.890625 0.6914893617021277 0.05078125 0.3617021276595745
18 0.943359375 0.723404255319149 0.052734375 0.3829787234042553