18 0.064453125 0.2894736842105263 0.052734375 0.41228070175438597
18 0.115234375 0.30701754385964913 0.056640625 0.38596491228070173
18 0.158203125 0.3333333333333333 0.052734375 0.40350877192982454
18 0.203125 0.3508771929824561 0.0625 0.38596491228070173
18 0.25390625 0.37719298245614036 0.056640625 0.39473684210526316
18 0.30859375 0.38596491228070173 0.05078125 0.40350877192982454
18 0.35546875 0.42105263157894735 0.052734375 0.39473684210526316
18 0.400390625 0.4473684210526316 0.056640625 0.41228070175438597
18 0.453125 0.4824561403508772 0.05078125 0.37719298245614036
18 0.501953125 0.49122807017543857 0.060546875 0.39473684210526316
18 0.552734375 0.5175438596491229 0.046875 0.39473684210526316
18 0.60546875 0.5263157894736842 0.0546875 0.37719298245614036
18 0.65625 0.5526315789473685 0.056640625 0.35964912280701755
18 0.708984375 0.5614035087719298 0.0546875 0.3684210526315789
18 0.759765625 0.6052631578947368 0.05078125 0.38596491228070173
18 0.8125 0.631578947368421 0.052734375 0.35964912280701755
18 0.865234375 0.6578947368421053 0.05859375 0.39473684210526316