18 0.078125 0.42207792207792205 0.078125 0.5584415584415584
18 0.13671875 0.44155844155844154 0.068359375 0.5584415584415584
18 0.201171875 0.44805194805194803 0.068359375 0.5714285714285714
18 0.259765625 0.474025974025974 0.052734375 0.525974025974026
18 0.310546875 0.474025974025974 0.068359375 0.5584415584415584
18 0.365234375 0.4805194805194805 0.05859375 0.538961038961039
18 0.419921875 0.4805194805194805 0.068359375 0.538961038961039
18 0.47265625 0.5064935064935064 0.0625 0.5584415584415584
18 0.57421875 0.512987012987013 0.05859375 0.538961038961039
18 0.623046875 0.512987012987013 0.05859375 0.538961038961039
18 0.5234375 0.525974025974026 0.048828125 0.525974025974026
18 0.828125 0.5324675324675324 0.052734375 0.538961038961039
18 0.673828125 0.538961038961039 0.0625 0.525974025974026
18 0.728515625 0.5454545454545454 0.0625 0.5064935064935064
18 0.779296875 0.5454545454545454 0.052734375 0.538961038961039
18 0.875 0.5454545454545454 0.05859375 0.538961038961039
18 0.927734375 0.5584415584415584 0.0625 0.525974025974026