18 0.123046875 0.36363636363636365 0.068359375 0.3
18 0.18359375 0.38181818181818183 0.0625 0.3181818181818182
18 0.232421875 0.4 0.044921875 0.3
18 0.271484375 0.41818181818181815 0.04296875 0.3
18 0.314453125 0.42727272727272725 0.052734375 0.3
18 0.36328125 0.4636363636363636 0.064453125 0.3181818181818182
18 0.41796875 0.4727272727272727 0.064453125 0.3181818181818182
18 0.474609375 0.5 0.068359375 0.3181818181818182
18 0.529296875 0.5272727272727272 0.05859375 0.3181818181818182
18 0.587890625 0.5545454545454546 0.07421875 0.32727272727272727
18 0.650390625 0.5727272727272728 0.05859375 0.3181818181818182
18 0.6953125 0.5909090909090909 0.052734375 0.3
18 0.744140625 0.6 0.05078125 0.3181818181818182
18 0.791015625 0.6272727272727273 0.052734375 0.3181818181818182
18 0.837890625 0.6545454545454545 0.056640625 0.3181818181818182
18 0.888671875 0.6545454545454545 0.052734375 0.32727272727272727
18 0.939453125 0.6727272727272727 0.056640625 0.3