18 0.6953125 0.625 0.04296875 0.2890625
18 0.75 0.6484375 0.048828125 0.2734375
18 0.80078125 0.6796875 0.046875 0.2578125
18 0.857421875 0.7109375 0.046875 0.265625
18 0.908203125 0.734375 0.04296875 0.2578125
18 0.9609375 0.7734375 0.04296875 0.2578125
18 0.052734375 0.25 0.056640625 0.2578125
18 0.12109375 0.2890625 0.07421875 0.3125
18 0.1875 0.328125 0.044921875 0.2578125
18 0.240234375 0.375 0.052734375 0.2734375
18 0.30078125 0.390625 0.056640625 0.2734375
18 0.35546875 0.4375 0.046875 0.265625
18 0.408203125 0.453125 0.05078125 0.2890625
18 0.46484375 0.484375 0.05078125 0.296875
18 0.521484375 0.5234375 0.04296875 0.2734375
18 0.580078125 0.5546875 0.0625 0.2890625
18 0.640625 0.5859375 0.05078125 0.2890625