18 0.81640625 0.6617647058823529 0.068359375 0.36764705882352944
18 0.880859375 0.6691176470588235 0.064453125 0.375
18 0.9375 0.7058823529411765 0.06640625 0.3602941176470588
18 0.056640625 0.29411764705882354 0.0546875 0.34558823529411764
18 0.111328125 0.3161764705882353 0.060546875 0.33088235294117646
18 0.16015625 0.34558823529411764 0.056640625 0.35294117647058826
18 0.212890625 0.36764705882352944 0.0546875 0.3382352941176471
18 0.263671875 0.3897058823529412 0.056640625 0.34558823529411764
18 0.31640625 0.41911764705882354 0.0546875 0.33088235294117646
18 0.369140625 0.4411764705882353 0.056640625 0.3382352941176471
18 0.42578125 0.4632352941176471 0.060546875 0.33088235294117646
18 0.478515625 0.49264705882352944 0.05859375 0.34558823529411764
18 0.53515625 0.5073529411764706 0.0625 0.3602941176470588
18 0.58984375 0.5441176470588235 0.05859375 0.35294117647058826
18 0.6484375 0.5661764705882353 0.064453125 0.36764705882352944
18 0.703125 0.5955882352941176 0.05859375 0.3382352941176471
18 0.755859375 0.6176470588235294 0.037109375 0.3602941176470588