18 0.3828125 0.4722222222222222 0.048828125 0.5972222222222222
18 0.060546875 0.4722222222222222 0.064453125 0.6111111111111112
18 0.279296875 0.4722222222222222 0.048828125 0.5694444444444444
18 0.33203125 0.4722222222222222 0.046875 0.5694444444444444
18 0.4375 0.4722222222222222 0.056640625 0.5694444444444444
18 0.931640625 0.4722222222222222 0.0546875 0.6111111111111112
18 0.119140625 0.4722222222222222 0.05078125 0.6111111111111112
18 0.494140625 0.4861111111111111 0.0546875 0.5833333333333334
18 0.67578125 0.4861111111111111 0.048828125 0.5972222222222222
18 0.7265625 0.4861111111111111 0.048828125 0.5833333333333334
18 0.87890625 0.4861111111111111 0.048828125 0.5972222222222222
18 0.23046875 0.4861111111111111 0.048828125 0.5277777777777778
18 0.830078125 0.4861111111111111 0.04296875 0.5833333333333334
18 0.62109375 0.4861111111111111 0.0546875 0.5972222222222222
18 0.78125 0.4861111111111111 0.052734375 0.5972222222222222
18 0.173828125 0.5 0.05859375 0.5694444444444444
18 0.55859375 0.5 0.0703125 0.5833333333333334