18 0.26171875 0.5985915492957746 0.048828125 0.3873239436619718
18 0.2109375 0.6197183098591549 0.05078125 0.39436619718309857
18 0.158203125 0.6338028169014085 0.048828125 0.3873239436619718
18 0.103515625 0.6690140845070423 0.046875 0.3873239436619718
18 0.052734375 0.6830985915492958 0.0546875 0.4014084507042254
18 0.943359375 0.29577464788732394 0.05859375 0.4225352112676056
18 0.884765625 0.31690140845070425 0.056640625 0.4225352112676056
18 0.8203125 0.34507042253521125 0.05859375 0.4084507042253521
18 0.763671875 0.36619718309859156 0.056640625 0.4014084507042254
18 0.705078125 0.39436619718309857 0.052734375 0.4014084507042254
18 0.646484375 0.43661971830985913 0.048828125 0.4084507042253521
18 0.591796875 0.4507042253521127 0.056640625 0.3873239436619718
18 0.533203125 0.47183098591549294 0.05859375 0.3873239436619718
18 0.4765625 0.5070422535211268 0.0546875 0.4084507042253521
18 0.421875 0.528169014084507 0.048828125 0.39436619718309857
18 0.37109375 0.5422535211267606 0.03125 0.36619718309859156
18 0.318359375 0.5633802816901409 0.05078125 0.3732394366197183