18 0.923828125 0.4375 0.05078125 0.4625
18 0.875 0.4375 0.048828125 0.45
18 0.828125 0.45 0.05078125 0.4375
18 0.73046875 0.4625 0.037109375 0.4625
18 0.77734375 0.4625 0.048828125 0.4375
18 0.685546875 0.4875 0.048828125 0.45
18 0.580078125 0.4875 0.07421875 0.4625
18 0.63671875 0.4875 0.048828125 0.4375
18 0.513671875 0.5 0.0625 0.475
18 0.458984375 0.525 0.05078125 0.4875
18 0.365234375 0.5375 0.048828125 0.475
18 0.3203125 0.5375 0.046875 0.4375
18 0.4140625 0.5375 0.041015625 0.4875
18 0.265625 0.55 0.0625 0.4375
18 0.20703125 0.55 0.05859375 0.475
18 0.13671875 0.575 0.087890625 0.4625
18 0.07421875 0.5875 0.0625 0.45