18 0.466796875 0.4827586206896552 0.052734375 0.6379310344827587
18 0.521484375 0.4827586206896552 0.052734375 0.6379310344827587
18 0.412109375 0.49137931034482757 0.052734375 0.646551724137931
18 0.572265625 0.49137931034482757 0.052734375 0.6206896551724138
18 0.623046875 0.49137931034482757 0.04296875 0.6206896551724138
18 0.67578125 0.49137931034482757 0.046875 0.6206896551724138
18 0.7265625 0.49137931034482757 0.046875 0.603448275862069
18 0.779296875 0.49137931034482757 0.046875 0.603448275862069
18 0.87890625 0.49137931034482757 0.046875 0.603448275862069
18 0.3046875 0.49137931034482757 0.052734375 0.6379310344827587
18 0.359375 0.49137931034482757 0.052734375 0.6379310344827587
18 0.078125 0.49137931034482757 0.0546875 0.6379310344827587
18 0.828125 0.49137931034482757 0.05078125 0.6120689655172413
18 0.92578125 0.49137931034482757 0.05078125 0.6120689655172413
18 0.25 0.49137931034482757 0.0546875 0.6379310344827587
18 0.13671875 0.5 0.05078125 0.646551724137931
18 0.193359375 0.5 0.05078125 0.646551724137931