18 0.2890625 0.47297297297297297 0.048828125 0.5405405405405406
18 0.068359375 0.47297297297297297 0.068359375 0.5405405405405406
18 0.185546875 0.47297297297297297 0.064453125 0.5540540540540541
18 0.240234375 0.47297297297297297 0.05078125 0.527027027027027
18 0.341796875 0.47297297297297297 0.048828125 0.527027027027027
18 0.451171875 0.47297297297297297 0.060546875 0.5540540540540541
18 0.6328125 0.47297297297297297 0.0546875 0.5540540540540541
18 0.6875 0.47297297297297297 0.048828125 0.527027027027027
18 0.88671875 0.47297297297297297 0.048828125 0.5540540540540541
18 0.392578125 0.47297297297297297 0.052734375 0.5405405405405406
18 0.505859375 0.47297297297297297 0.052734375 0.5405405405405406
18 0.568359375 0.47297297297297297 0.0703125 0.5405405405405406
18 0.736328125 0.47297297297297297 0.048828125 0.5405405405405406
18 0.787109375 0.47297297297297297 0.048828125 0.5135135135135135
18 0.837890625 0.47297297297297297 0.05078125 0.5405405405405406
18 0.939453125 0.47297297297297297 0.05078125 0.5405405405405406
18 0.12890625 0.47297297297297297 0.0546875 0.5405405405405406