18 0.080078125 0.3 0.060546875 0.33125
18 0.1328125 0.325 0.0546875 0.2875
18 0.18359375 0.35 0.044921875 0.2875
18 0.236328125 0.38125 0.05859375 0.3125
18 0.28515625 0.40625 0.0546875 0.3125
18 0.34375 0.43125 0.056640625 0.2875
18 0.400390625 0.45625 0.029296875 0.29375
18 0.44921875 0.48125 0.048828125 0.2875
18 0.5 0.50625 0.056640625 0.3
18 0.5546875 0.54375 0.05859375 0.31875
18 0.609375 0.56875 0.056640625 0.3125
18 0.6640625 0.5875 0.046875 0.29375
18 0.71875 0.61875 0.048828125 0.29375
18 0.771484375 0.65 0.0546875 0.3
18 0.82421875 0.6625 0.048828125 0.33125
18 0.87890625 0.6875 0.048828125 0.31875
18 0.935546875 0.725 0.046875 0.30625