18 0.55859375 0.5141843971631206 0.076171875 0.2127659574468085
18 0.6171875 0.5673758865248227 0.068359375 0.20921985815602837
18 0.671875 0.6099290780141844 0.056640625 0.1950354609929078
18 0.728515625 0.6560283687943262 0.056640625 0.1950354609929078
18 0.779296875 0.6843971631205674 0.0546875 0.1950354609929078
18 0.841796875 0.7446808510638298 0.060546875 0.19858156028368795
18 0.8984375 0.7872340425531915 0.0625 0.19858156028368795
18 0.9609375 0.8333333333333334 0.064453125 0.20921985815602837
18 0.0703125 0.1453900709219858 0.0703125 0.20212765957446807
18 0.12890625 0.19148936170212766 0.08203125 0.20212765957446807
18 0.1953125 0.24468085106382978 0.056640625 0.1773049645390071
18 0.2421875 0.2765957446808511 0.0625 0.19858156028368795
18 0.29296875 0.31560283687943264 0.0625 0.20212765957446807
18 0.33984375 0.3546099290780142 0.064453125 0.19858156028368795
18 0.39453125 0.39361702127659576 0.0625 0.19858156028368795
18 0.447265625 0.4326241134751773 0.0625 0.20212765957446807
18 0.5 0.4716312056737589 0.068359375 0.20921985815602837