18 0.625 0.5930232558139535 0.068359375 0.2441860465116279
18 0.681640625 0.622093023255814 0.056640625 0.2441860465116279
18 0.734375 0.6627906976744186 0.056640625 0.2441860465116279
18 0.794921875 0.686046511627907 0.056640625 0.23837209302325582
18 0.845703125 0.7267441860465116 0.060546875 0.23837209302325582
18 0.908203125 0.75 0.060546875 0.2441860465116279
18 0.966796875 0.8023255813953488 0.056640625 0.2616279069767442
18 0.072265625 0.22674418604651161 0.068359375 0.2558139534883721
18 0.1328125 0.2616279069767442 0.060546875 0.2558139534883721
18 0.18359375 0.3081395348837209 0.046875 0.22674418604651161
18 0.23046875 0.3313953488372093 0.060546875 0.25
18 0.28515625 0.36046511627906974 0.048828125 0.22674418604651161
18 0.33203125 0.3953488372093023 0.052734375 0.22093023255813954
18 0.3828125 0.43023255813953487 0.056640625 0.23255813953488372
18 0.435546875 0.45930232558139533 0.064453125 0.23837209302325582
18 0.4921875 0.4941860465116279 0.0546875 0.22674418604651161
18 0.5546875 0.5348837209302325 0.072265625 0.25