18 0.072265625 0.44680851063829785 0.060546875 0.5106382978723404
18 0.12109375 0.44680851063829785 0.0546875 0.5531914893617021
18 0.177734375 0.46808510638297873 0.04296875 0.5638297872340425
18 0.2265625 0.46808510638297873 0.0546875 0.574468085106383
18 0.27734375 0.4787234042553192 0.052734375 0.5319148936170213
18 0.490234375 0.48936170212765956 0.0546875 0.5425531914893617
18 0.591796875 0.48936170212765956 0.04296875 0.5212765957446809
18 0.755859375 0.48936170212765956 0.044921875 0.5
18 0.5390625 0.48936170212765956 0.05078125 0.5319148936170213
18 0.330078125 0.5 0.052734375 0.5638297872340425
18 0.3828125 0.5 0.052734375 0.5212765957446809
18 0.431640625 0.5 0.056640625 0.5638297872340425
18 0.701171875 0.5 0.052734375 0.5
18 0.650390625 0.5 0.052734375 0.5319148936170213
18 0.810546875 0.5 0.052734375 0.5106382978723404
18 0.8671875 0.5106382978723404 0.052734375 0.5425531914893617
18 0.923828125 0.5106382978723404 0.05078125 0.5638297872340425