18 0.8125 0.49107142857142855 0.0546875 0.5446428571428571
18 0.8671875 0.49107142857142855 0.05078125 0.5178571428571429
18 0.55078125 0.5089285714285714 0.056640625 0.5446428571428571
18 0.654296875 0.5089285714285714 0.056640625 0.5446428571428571
18 0.70703125 0.5089285714285714 0.0546875 0.5446428571428571
18 0.76171875 0.5089285714285714 0.0546875 0.5446428571428571
18 0.921875 0.5089285714285714 0.056640625 0.5446428571428571
18 0.498046875 0.5178571428571429 0.0546875 0.5267857142857143
18 0.6015625 0.5178571428571429 0.05078125 0.5625
18 0.23828125 0.5178571428571429 0.056640625 0.5625
18 0.341796875 0.5178571428571429 0.056640625 0.5267857142857143
18 0.447265625 0.5178571428571429 0.05078125 0.5446428571428571
18 0.126953125 0.5178571428571429 0.056640625 0.5446428571428571
18 0.185546875 0.5178571428571429 0.060546875 0.5803571428571429
18 0.39453125 0.5267857142857143 0.0546875 0.5625
18 0.07421875 0.5267857142857143 0.060546875 0.5625
18 0.2890625 0.5267857142857143 0.056640625 0.5625