18 0.24609375 0.6296296296296297 0.044921875 0.3395061728395062
18 0.1953125 0.6481481481481481 0.046875 0.345679012345679
18 0.1484375 0.6666666666666666 0.04296875 0.3333333333333333
18 0.1015625 0.6975308641975309 0.046875 0.32098765432098764
18 0.05078125 0.7098765432098766 0.044921875 0.3333333333333333
18 0.921875 0.2962962962962963 0.060546875 0.38271604938271603
18 0.861328125 0.3271604938271605 0.064453125 0.38271604938271603
18 0.80078125 0.35185185185185186 0.0390625 0.37037037037037035
18 0.73828125 0.3950617283950617 0.052734375 0.3765432098765432
18 0.6796875 0.42592592592592593 0.048828125 0.37037037037037035
18 0.619140625 0.4506172839506173 0.05078125 0.35802469135802467
18 0.564453125 0.4691358024691358 0.0546875 0.36419753086419754
18 0.509765625 0.5061728395061729 0.05859375 0.38271604938271603
18 0.453125 0.5370370370370371 0.052734375 0.37037037037037035
18 0.400390625 0.5493827160493827 0.052734375 0.35185185185185186
18 0.349609375 0.5740740740740741 0.02734375 0.3395061728395062
18 0.296875 0.5987654320987654 0.046875 0.345679012345679