18 0.064453125 0.33695652173913043 0.056640625 0.3695652173913043
18 0.134765625 0.3695652173913043 0.08203125 0.3695652173913043
18 0.19921875 0.41304347826086957 0.048828125 0.34782608695652173
18 0.255859375 0.42391304347826086 0.060546875 0.3695652173913043
18 0.318359375 0.42391304347826086 0.0625 0.3695652173913043
18 0.3671875 0.4673913043478261 0.048828125 0.34782608695652173
18 0.408203125 0.4673913043478261 0.04296875 0.34782608695652173
18 0.46484375 0.4782608695652174 0.0625 0.3804347826086957
18 0.5234375 0.5108695652173914 0.060546875 0.34782608695652173
18 0.58984375 0.5434782608695652 0.076171875 0.3804347826086957
18 0.646484375 0.5543478260869565 0.048828125 0.34782608695652173
18 0.697265625 0.5652173913043478 0.0546875 0.34782608695652173
18 0.7421875 0.5760869565217391 0.044921875 0.358695652173913
18 0.791015625 0.5869565217391305 0.052734375 0.34782608695652173
18 0.83984375 0.6195652173913043 0.052734375 0.3695652173913043
18 0.890625 0.6413043478260869 0.056640625 0.358695652173913
18 0.939453125 0.6521739130434783 0.052734375 0.358695652173913