18 0.927734375 0.425531914893617 0.052734375 0.39361702127659576
18 0.876953125 0.425531914893617 0.048828125 0.3829787234042553
18 0.828125 0.44680851063829785 0.052734375 0.3829787234042553
18 0.779296875 0.4574468085106383 0.048828125 0.3829787234042553
18 0.6796875 0.4787234042553192 0.052734375 0.3829787234042553
18 0.630859375 0.48936170212765956 0.0546875 0.39361702127659576
18 0.7265625 0.48936170212765956 0.046875 0.39361702127659576
18 0.568359375 0.5 0.06640625 0.39361702127659576
18 0.509765625 0.5212765957446809 0.0546875 0.39361702127659576
18 0.451171875 0.5212765957446809 0.05859375 0.3829787234042553
18 0.39453125 0.5531914893617021 0.052734375 0.3617021276595745
18 0.2890625 0.5638297872340425 0.052734375 0.4148936170212766
18 0.244140625 0.5638297872340425 0.041015625 0.39361702127659576
18 0.33984375 0.574468085106383 0.05859375 0.4148936170212766
18 0.201171875 0.574468085106383 0.037109375 0.3829787234042553
18 0.083984375 0.5957446808510638 0.076171875 0.4148936170212766
18 0.150390625 0.5957446808510638 0.05859375 0.4148936170212766